SKU,Encontrado,Stock,Stock Futuro
NBAPJ522204-RED,SI,0,0
NBAPJ522204-PUR,SI,0,0
NBAPJ522203-GRY,SI,0,16
NBAPT522213-BLK1,SI,0,0
NBAPT522213-BLU,SI,0,0
NBAPT522213-BLK,SI,0,0
NBAPT522213-GRY,SI,0,0
NBAPT522213-PUR,SI,0,0
NBAPT522213-RED,SI,0,0
NBAPT522214-BLK3,SI,0,0
NBAPT522214-BLK2,SI,0,15
NBAPT522214-BLK1,SI,0,14
NBAPT522214-BLK,SI,0,14
NBAHD522214-BLK2,SI,0,0
NBAHD522214-GRN,SI,0,0
NBAHD522214-BUR,SI,0,0
NBAHD522214-PUR,SI,0,0
NBAHD522214-BLK1,SI,0,0
NBAHD522214-BLK,SI,0,0
NBASW522214-BLK1,SI,0,0
NBASW522214-BLK,SI,0,0
NBASW522214-BLU,SI,0,0
NBASW522214-GRY,SI,0,0
NBASW522214-RED,SI,0,0
NBASW522214-PUR,SI,0,0
NBATT522222-BLK,SI,0,5
NBATS622223-BLK,SI,0,4
NBACJ622220-LHB,SI,0,0
NBACJ622220-BLK2,SI,0,0
NBACJ622220-GRY,SI,0,0
NBACJ622220-BLK1,SI,0,0
NBACJ622220-PUR,SI,0,0
NBACJ622220-LIL,SI,0,0
NBACJ622220-PNK,SI,0,0
NBACJ622220-BLK,SI,0,0
NBASB622221-BLK,SI,0,0
NBASB622221-BLU,SI,0,0
NBASB622221-GRY,SI,0,0
NBASB622221-PUR,SI,0,0
NBACT622221-BLK1,SI,0,0
NBACT622221-LHB,SI,0,0
NBACT622221-PUR,SI,0,13
NBACT622221-BLK,SI,0,13
NBATS523118-WHT3,SI,0,0
NBATS523118-BLK4,SI,0,0
NBASH523110-BLK1,SI,0,0
NBASH523110-BLK,SI,0,0
NFLTS523107-WHT3,SI,0,0
NFLTS523107-BLK2,SI,0,0
NFLHD523107-NVY,SI,0,0
PSGCA323107-NVY,SI,0,2
PSGTS323111-BLK,SI,0,0
NBASB622220-BLK2,SI,0,0
NBASB622220-BLK,SI,0,0
NBASB622220-BLK1,SI,0,0
NBASB622220-PUR,SI,0,0
NBAPJ622271-BLK,SI,0,44
NBAPJ622271-LHB,SI,0,44
NBAPJ622271-PUR,SI,0,34
NBAPJ622271-PNK,SI,0,34
NBAPJ622270-PUR,SI,0,0
NBAPJ622270-BLK,SI,0,0
SOUSO522203K-BLK,NO,0,0
SOUSO522205K-GRY,NO,0,0
SOUSO522206K-PUR,NO,0,0
DFLCT7231002-GRN,NO,0,0
PSGSB32207S-BLK,NO,0,0
NBAPJ622270-PNK,SI,0,0
NBAPJ622270-LHB,SI,0,0
NBAPJ622269-BLK,SI,0,0
NBAPJ622269-PUR,SI,0,0
NBAPJ622269-RED1,SI,0,0
NBAPJ622269-RED,SI,0,0
NBAPJ622268-BLK,SI,0,0
NBAPJ622268-PUR,SI,0,0
NBAPJ622268-RED1,SI,0,0
NBAPJ622268-RED,SI,0,0
NBAPJ622267-RED1,SI,0,54
NBAPJ622267-BLK,SI,0,0
NBAPJ622267-RED,SI,0,44
NBAPJ622267-PUR,SI,0,44
NBAPJ622266-BLK,SI,0,0
NBAPJ622266-PUR,SI,0,0
NBAPJ622266-RED1,SI,0,0
NBAPJ622266-RED,SI,0,0
NBAPJ622265-PNK,SI,0,0
NBAPJ622265-GRY1,SI,0,0
NBAPJ622265-GRY,SI,0,0
NBAPJ622265-PUR,SI,0,0
NBAPJ622264-GRY1,SI,0,54
NBAPJ622264-PUR,SI,0,44
NBAPJ622264-PNK,SI,0,54
NBAPJ622264-GRY,SI,0,44
NBAPJ622263-GRY2,SI,0,0
NBAPJ622263-GRY3,SI,0,0
NBAPJ622263-GRY,SI,0,0
NBAPJ622263-GRY1,SI,0,0
NBAPJ622262-GRY3,SI,0,0
NBAPJ622262-GRY1,SI,0,0
NBAPJ622262-GRY2,SI,0,0
NBAPJ622262-GRY,SI,0,0
NBAPJ622261-GRY3,SI,0,44
NBAPJ622261-GRY1,SI,0,34
NBAPJ622261-GRY2,SI,0,44
NBAPJ622261-GRY,SI,0,34
NBAPJ622260-GRY2,SI,0,0
NBAPJ622260-GRY3,SI,0,0
NBAPJ622260-GRY,SI,0,0
NBAPJ622260-GRY1,SI,0,0
NFLTS622201-NVY,SI,0,4
NFLTS622201-RED,SI,0,0
NFLTS622201-RED1,SI,0,4
NFLCT622201-BLK2,SI,0,0
NFLCT622201-LHB,SI,0,0
NFLCT622201-BLK1,SI,0,0
NFLCT622201-RED1,SI,0,0
NFLCT622201-NVY,SI,0,0
NFLCT622201-RED,SI,0,0
NFLCT622202-LHB,SI,0,0
NFLCT622202-RED1,SI,0,0
NFLCT622202-BLK1,SI,0,17
FICA522207-NVY2,SI,0,0
FICA522207-NVY1,SI,0,0
FICA522207-RED1,SI,0,0
FICA522207-BLU1,SI,0,0
FICA522207-RED,SI,0,0
FICA522207-BLK4,SI,0,0
FICA522207-BLK3,SI,0,0
FICA522207-BLU,SI,0,0
FICA522207-BLK2,SI,0,0
FICA522207-BLK1,SI,0,0
FICA522207-BLK,SI,0,0
FICA522207-NVY,SI,0,0
FICA522206-LHB2,SI,0,0
FICA522206-WHT4,SI,0,0
FICA522206-WHT3,SI,0,0
FICA522206-NVY2,SI,0,0
FICA522206-WHT2,SI,0,0
FICA522206-BLK2,SI,0,0
FICA522206-BLU1,SI,0,0
FICA522206-RED3,SI,0,0
FICA522206-NVY,SI,0,0
FICA522206-WHT,SI,0,0
FICA522206-RED2,SI,0,0
FICA522206-BLU,SI,0,0
FICA522206-YEL,SI,0,0
FICA522206-LHB,SI,0,0
FICA522206-RED,SI,0,0
FICA522206-ORG,SI,0,0
FICA522206-BLK1,SI,0,0
FICA522206-BLK,SI,0,0
FICA522206-LHB1,SI,0,0
FICA522203-WHT2,SI,0,0
FICA522203-LHB4,SI,0,0
FICA522203-BLU2,SI,0,0
FICA522203-RED1,SI,0,0
FICA522203-NVY4,SI,0,0
FICA522203-WHT1,SI,0,0
FICA522203-BLU1,SI,0,0
FICA522203-BLU,SI,0,0
FICA522203-NVY3,SI,0,0
FICA522203-NVY2,SI,0,0
FICA522203-RED,SI,0,0
FICA522203-ORG,SI,0,0
FICA522203-NVY,SI,0,0
FICA522203-BLK2,SI,0,0
FICA522203-LHB3,SI,0,0
FICA522203-LHB2,SI,0,0
FICA522203-BLK,SI,0,0
FICA522203-WHT,SI,0,0
FICA522203-LHB,SI,0,0
FICA522202-BLK7,SI,0,0
FICA522202-BLK6,SI,0,0
FICA522202-NVY5,SI,0,0
FICA522202-NVY4,SI,0,0
FICA522202-NVY3,SI,0,0
FICA522202-RED,SI,0,0
FICA522202-BLU1,SI,0,0
FICA522202-BLK5,SI,0,0
FICA522202-NVY2,SI,0,0
FICA522202-LHB1,SI,0,0
FICA522202-BLK4,SI,0,0
FICA522202-BLK3,SI,0,0
FICA522202-BLK2,SI,0,0
FICA522202-BLK1,SI,0,0
FICA522202-BLK,SI,0,0
FICA522202-NVY1,SI,0,0
FICA522202-BLU,SI,0,0
21269U-LMN,NO,0,0
21295U-LMZ,NO,0,0
64702U-7RA,NO,0,0
LLTS522202-WHT,SI,0,0
CNTS522203-NVY,SI,0,0
MLBTS523103-BLK,SI,0,0
MLBTS523101-NVY,SI,0,0
MLBLS523101-NVY,SI,0,0
MLBTS5222013-BLK,SI,0,0
MLBTS5222013-NVY,SI,4,0
MLBTS5222013-WHT,SI,0,0
MLBTS5222013-LBL,SI,4,0
MLBTS5222011-LGRN,SI,4,0
MLBTS5222011-LBL,SI,4,0
MLBTS5222011-BLK2,SI,0,0
MLBTS5222011-BLK,SI,0,0
MLBTS322210-BLU,SI,0,0
MLBTS322210-NVY,SI,38,0
MLBTS322210-BLK,SI,40,0
MLBTS322210-RED,SI,0,0
MLBTS322205-BLU,SI,0,0
MLBTS322205-BLK1,SI,0,0
MLBTS322205-NVY,SI,38,0
MLBTS322205-BLK,SI,40,0
MLBTS322205-RED,SI,0,0
MLBTS322209-RED,SI,0,0
MLBTS322209-GRY,SI,0,0
MLBTS322209-NVY,SI,0,0
MLBTS322209-BLK,SI,0,0
MLBTS322209-BLU,SI,0,0
PACSO522205K-ORG,NO,0,0
PACSO522206K-BLK,NO,0,0
STTSO622201-NVY,NO,0,0
STTSO622202-NVY,NO,0,0
STTSO622203-WHT,NO,0,0
ACTS7231001-GRY,NO,0,0
02130527,NO,0,0
02130528,NO,0,0
BUDPT522201-BLK,SI,21,0
NASPT522201-BLU,SI,0,0
NASPT522202-GRY,SI,21,0
ACPT522201-BLK2,SI,21,0
LLPT522201-BLK,SI,21,0
LLSH522201-BLK,SI,21,0
NASSH522201-BLK,SI,5,0
64702U-ERA,NO,5,0
21295U-LMH,NO,5,0
FICA522202-LHB,SI,0,0
FICA522202-NVY,SI,0,0
FICA522201-BLK5,SI,0,0
FICA522201-BLK4,SI,0,0
FICA522201-NVY7,SI,0,0
FICA522201-RED4,SI,0,0
FICA522201-NVY6,SI,0,0
FICA522201-RED3,SI,0,0
FICA522201-NVY5,SI,0,0
FICA522201-BLU2,SI,0,0
FICA522201-NVY4,SI,0,0
FICA522201-NVY3,SI,0,0
FICA522201-RED2,SI,0,0
FICA522201-BLK3,SI,0,0
FICA522201-NVY2,SI,0,0
FICA522201-BLK2,SI,0,0
FICA522201-RED,SI,0,0
FICA522201-LHB2,SI,0,0
FICA522201-BLU,SI,0,0
FICA522201-LHB,SI,0,0
FICA522201-NVY,SI,0,0
NBATS322245-BLU,SI,0,0
NBATS322245-NVY,SI,0,0
FISH522201-RED2,SI,0,0
FISH522201-BLK3,SI,0,0
FISH522201-BLU3,SI,0,0
FISH522201-RED,SI,0,0
FISH522201-BLU2,SI,0,0
FISH522201-BLK2,SI,0,0
FISH522201-NVY3,SI,0,0
FISH522201-NVY2,SI,0,0
FISH522201-BLK,SI,0,0
FISH522201-WHT2,SI,0,0
FISH522201-NVY,SI,0,0
FISH522201-BLU,SI,0,0
FISH522201-WHT,SI,0,0
FIHD522202-RED4,SI,0,0
FIHD522202-NVY5,SI,0,0
FIHD522202-BLK3,SI,0,0
FIHD522202-BLU2,SI,0,0
FIHD522202-RED3,SI,0,0
FIHD522202-RED2,SI,0,0
FIHD522202-BLK2,SI,0,0
FIHD522202-RED,SI,0,0
FIHD522202-NVY4,SI,0,0
FIHD522202-BLK,SI,0,0
FIHD522202-NVY3,SI,0,0
FIHD522202-NVY2,SI,0,0
FIHD522202-BLU,SI,0,0
FIHD522202-NVY,SI,0,0
NBACS322201-BLK,SI,0,0
NBACS322201-RED,SI,0,0
SOUTS522206-BLU,SI,0,0
SOUTS522205-PUR,SI,41,0
NBASBR422201-RED,SI,0,0
NBASBR422201-GRN,SI,0,0
NBASBR422201-PUR,SI,0,0
NBASBR422201-BLK,SI,0,0
NBAJP422202-PUR,SI,0,0
NBAJP422202-RED,SI,0,0
NBAJP422202-BLK1,SI,0,0
NBAJP422201-GRY3,SI,0,0
NBAJP422202-BLK,SI,0,0
NBAJP422201-GRY1,SI,0,0
NBAJP422201-GRY2,SI,0,0
NBAJP422201-GRY,SI,0,0
NBATS422202-YLW,SI,0,0
NBATS422202-NVY1,SI,0,0
NBATS422202-ORG,SI,0,0
NBATS422202-NVY,SI,0,0
NBATS422202-LHB,SI,0,0
NBATS422202-LIL,SI,0,0
NBATS422202-GRY,SI,0,0
NBATS422201-GRN,SI,0,0
NBATS422201-BLK1,SI,0,0
FIPT322201-NVY7,SI,0,0
FIPT322201-NVY6,SI,0,0
NBATS321000-WHT2,SI,0,19
NBASH523108-BLK1,SI,0,14
NBASW523108-BLK3,SI,0,6
DFLCT7231001-WHT,NO,0,6
PSGSB32207S-NVY,NO,0,6
FICA522204-LHB4,SI,0,0
FICA522204-NVY6,SI,0,0
FICA522204-RED2,SI,0,0
FICA522204-RED1,SI,0,0
FICA522204-BLK,SI,0,0
FICA522204-GRN,SI,0,0
FICA522204-LHB3,SI,0,0
FICA522204-LHB2,SI,0,0
FICA522204-BLK1,SI,0,0
FICA522204-BLU2,SI,0,0
FICA522204-NVY5,SI,0,0
FICA522204-NVY4,SI,0,0
FICA522204-NVY3,SI,0,0
FICA522204-RED,SI,0,0
FICA522204-NVY2,SI,0,0
FICA522204-LHB,SI,0,0
FICA522204-BLU,SI,0,0
FICA522204-NVY,SI,0,0
FICA522207-BLU2,SI,0,0
FICA522207-LHB1,SI,0,0
FICA522207-BLK5,SI,0,0
FICA522207-NVY4,SI,0,0
FICA522207-NVY3,SI,0,0
FICA522207-LHB,SI,0,0
NFLCT622202-NVY,SI,0,17
NFLCT622202-BLK,SI,0,17
NFLCT622202-RED,SI,0,0
CCJP522202-BLK,SI,21,0
CCJP522203-BLK,SI,0,0
FDPT522201-GRY,SI,21,0
FIPT322201-NVY4,SI,0,0
FIPT322201-NVY5,SI,0,0
FIPT322201-NVY2,SI,0,0
FIPT322201-NVY3,SI,0,0
FIPT322201-NVY,SI,0,0
FIPT322201-BLU3,SI,0,0
FIPT322201-BLU2,SI,0,0
NBATS422201-BLK2,SI,0,0
NBATS422201-BLK,SI,0,0
NBASW422201-PUR,SI,0,0
NBASW422201-RED,SI,0,0
NBASW422201-BLU,SI,0,0
NBASW422201-GRN,SI,0,0
NBASW422201-BLK,SI,0,0
NBASH422202-PUR,SI,0,0
NBASH422202-RED,SI,0,0
NBASH422202-BLK1,SI,0,0
NBASH422202-BLK,SI,0,0
NBASH422201-GRN,SI,0,0
NBASH422201-BLK1,SI,0,0
NBASH422201-BLK2,SI,0,0
NBASH422201-BLK,SI,0,0
NBALG422201-RED,SI,0,0
NBALG422201-PUR,SI,0,0
NBALG422201-BLK,SI,0,0
NBALG422201-BLK1,SI,0,0
NBAHD422201-PUR,SI,0,0
NBAHD422201-RED,SI,0,0
NBAHD422201-BLK1,SI,0,0
NBAHD422201-GRY,SI,0,0
NBAHD422201-BLK,SI,0,0
FIPT322201-BLU,SI,0,0
FIJS322209-LHB,SI,0,0
FIJS322209-YEL,SI,7,0
FIJS322209-WHT,SI,0,0
NBAHD523111-BLK4,SI,0,1
NBASW523108-BLK4,SI,0,0
NBACT62213-NVY3,SI,0,29
NBATS623111-BGE,SI,0,0
NBASW623106-BLK,SI,0,0
NBASW523108-RED,SI,0,0
NBAJS523101-RED,SI,0,5
NBASW523108-BLK,SI,0,0
NBATT52205-BLU4,SI,0,18
NBATS521000-BLK9,SI,0,20
NBATS523105-GRN,SI,0,13
NBATT523101-BLK,SI,0,2
NBATS521000-WHT2,SI,0,7
NBATS523120-BLK4,SI,0,0
NBAHD523115-GRY1,SI,0,0
NBATS321000-BLK8,SI,0,10
NBATS521000-BLK7,SI,15,20
NBAHD523115-RED,SI,0,20
NBASH523108-BLK,SI,0,18
RMCA523104-OWHT,SI,0,0
RMCA523104-BLK,SI,0,3
RMPT523104-BLK,SI,0,0
RMHD523103-DGRY,SI,0,15
RMHD523102-NVY,SI,0,0
RMLS523104-NVY,SI,0,0
RMTS523103-BLK,SI,0,10
RMTS523101-BLU,SI,0,14
RMTS523101-WHT,SI,0,14
RMTS523101-BLK,SI,0,0
NBATS322229-GRN,SI,0,0
NBATS322229-GRY6,SI,0,0
NBATS322229-GRY5,SI,0,0
NBATS322229-BLK8,SI,0,0
NBATS322229-DGRY1,SI,0,0
NBATS322229-GRY4,SI,0,19
NBATS322229-BLK7,SI,0,0
NBATS322229-BLK6,SI,0,0
NBATS322229-YEL1,SI,0,0
NBATS322229-BLK5,SI,0,0
NBATS322229-BLU2,SI,0,0
NBATS322229-GRY3,SI,0,0
NBATS322229-BUR,SI,0,15
NBATS322229-BLK4,SI,0,0
NBATS322229-GRY2,SI,0,0
NBATS322229-BLU,SI,0,19
NBATS322229-BLK3,SI,0,0
NBATS322229-DGRY,SI,0,19
NBATS322229-BLK2,SI,0,0
NBATS322229-GRY1,SI,0,0
NBATS322229-PUR,SI,0,0
NBATS322229-YEL,SI,0,0
NBATS322229-BLK1,SI,0,0
NBATS322229-GRY,SI,0,0
NBATS322229-RED,SI,0,0
NBATS322229-BLK,SI,0,0
NBASH322224-BLK4,SI,6,0
NBASH322224-BLK3,SI,0,0
NBASH322224-BLK1,SI,0,0
NBASH322224-BLK2,SI,0,0
NBASH322224-BLK,SI,0,0
NBAHD322222-BLK6,SI,0,0
NBAHD322222-BLK4,SI,0,0
NBAHD322222-BLK5,SI,0,0
NBAHD322222-BLK3,SI,0,0
NBAHD322222-BLK2,SI,0,0
NBAHD322222-BLK,SI,0,0
NBAHD322222-BLK1,SI,0,0
FIJS322209-BLU,SI,0,0
NBASL52108-PUR,SI,0,0
FIJS322209-RED,SI,0,0
FIJS322209-NVY,SI,0,0
FIJS322209-WHT2,SI,0,0
FIJS322209-ORG,SI,0,0
FIJS322209-RED2,SI,0,0
FIJS322209-WHT3,SI,0,0
RMCA523106-NVY,SI,0,1
RMCA523105-BLK,SI,0,1
NBAHD323109-BLK,SI,0,0
NBAHD323111-PUR1,SI,0,0
NBAHD323111-RED,SI,0,0
NBATS323119-WHT,SI,0,0
NBASW523106-RED2,SI,0,7
NBAJP323106-BLK3,SI,0,0
NBAJP323106-BLK1,SI,0,0
NBAHD323109-RED,SI,0,0
NBAHD323109-NVY,SI,0,0
NBASW523108-BLU2,SI,0,7
NBASW623105-NVY,SI,0,0
65835U-LK8,NO,0,0
KISTS522205-BLK,SI,0,0
ACTS5232003-BLK,NO,0,0
81813U-LNK,NO,0,0
81818U-LNK,NO,0,0
81829U-LNZ,NO,0,0
81840U-88D,NO,0,0
81827U-LNK,NO,0,0
81829U-LNK,NO,0,0
21261U-CY2,NO,0,0
21261U-LMT,NO,0,0
21261U-LN5,NO,0,0
21261U-LN6,NO,0,0
66223U-LKL,NO,0,0
21270U-LMN,NO,0,0
MLBPJ622208-BLU,SI,0,0
MLBPJ622208-GRY,SI,0,0
MLBPJ622208-NVY,SI,0,0
MLBPJ622207-GRY,SI,0,0
MLBPJ622207-NVY,SI,0,0
MLBPJ622207-BLU,SI,0,0
MLBPJ622206-RED,SI,0,0
MLBPJ622206-BLU,SI,0,0
MLBPJ622206-BLK,SI,0,0
MLBPJ622205-RED,SI,0,0
MLBPJ622205-BLK,SI,0,0
MLBPJ622205-BLU,SI,0,0
MLBPJ622204-RED,SI,0,0
MLBPJ622204-NVY,SI,0,0
MLBPJ622204-BLU,SI,0,0
MLBPJ622203-RED,SI,0,0
MLBPJ622203-BLU,SI,0,0
MLBPJ622203-NVY,SI,0,0
MLBPJ622202-BLU,SI,0,0
MLBPJ622202-RED,SI,0,0
MLBPJ622202-NVY,SI,0,0
MLBPJ622201-BLU,SI,0,0
MLBPJ622201-RED,SI,0,0
03090023,NO,0,0
03090024,NO,0,0
03120135,NO,0,0
MLBACC004-BLUCOP,NO,0,0
NBATS323118-WHT2,SI,0,10
NBATS323119-BLU1,SI,0,0
NBACT422201-RED,SI,0,0
NBACT422201-BLK1,SI,0,0
NBACT422201-PUR,SI,0,0
NBACT422201-BLK,SI,0,0
NBACJK422202-PUR,SI,0,0
NBACJK422202-RED,SI,0,0
NBACJK422202-BLK,SI,0,0
NBACJK422202-GRN,SI,0,0
NBACJK422201-BLK3,SI,0,0
NBACJK422201-BLK1,SI,0,0
NBACJK422201-BLK2,SI,0,0
NBACJK422201-BLK,SI,0,0
NBACHD422201-RED,SI,0,0
NBACHD422201-PUR,SI,0,0
NBACHD422201-BLK,SI,0,0
NBACHD422201-GRN,SI,0,0
NBAJP422229-BLK2,SI,0,0
NBAJP422229-BLK,SI,0,0
NBAJP422229-BLK1,SI,0,0
NBAJP422229-PUR,SI,0,0
NBACT422220-BLK2,SI,0,0
NBACT422220-LHB,SI,0,0
NBACT422220-BLK1,SI,0,0
NBACT422220-PUR,SI,0,25
NBACT422220-YEL,SI,0,25
NBACT422220-RED,SI,0,25
NBACT422220-BLK,SI,0,25
NBASH422220-PUR1,SI,0,0
NBASH422220-BLU,SI,0,0
NBASH422220-BLK,SI,0,17
NBASH422220-PUR,SI,0,17
NBATT422220-BLU,SI,0,0
NBATT422220-BLK,SI,0,17
NBATT422220-PUR1,SI,0,0
NBATT422220-PUR,SI,0,17
NBAJP422230-BLK3,SI,0,0
NBAJP422230-BLK2,SI,0,0
NBAJP422230-PUR,SI,0,0
NBAJP422230-BLK1,SI,0,0
NBAHD422221-BLU,SI,0,0
NBAHD422221-BLK1,SI,0,0
NBAHD422221-RED,SI,0,21
NBAHD422221-BLK,SI,0,12
NBAHD422221-PUR,SI,0,12
NBATT322221-BLK4,SI,0,0
NBATT322221-BLK2,SI,0,0
NBATT322221-BLK3,SI,0,0
NBATT322221-BLK1,SI,6,0
NBATT322221-BLK,SI,6,0
NBATS322226-BLK7,SI,0,0
NBATS322226-BLK6,SI,0,0
NBATS322226-BLK5,SI,0,0
NBATS322226-BLK4,SI,0,0
NBATS322226-BLK2,SI,0,0
NBATS322226-BLK3,SI,0,0
NBATS322226-BLK1,SI,0,0
NBATS322226-BLK,SI,0,0
NBATS322225-BLK3,SI,0,0
NBATS322225-BLK4,SI,0,0
NBATS322225-BLK2,SI,0,0
NBATS322225-BLK,SI,0,0
NBATS322225-BLK1,SI,0,0
NBATS322224-BLK2,SI,0,2
NBATS322224-PUR,SI,0,0
NBATS322224-BLK1,SI,0,0
NBATS322224-YEL,SI,0,0
NBATS322224-BLK,SI,0,0
NBATS322224-RED,SI,0,0
NBASH322221-BLU,SI,0,0
NBASH322221-BLK3,SI,0,0
NBASH322221-BLK1,SI,0,0
NBASH322221-BLK2,SI,0,0
NBASH322221-PUR,SI,0,0
NBASH322221-BLK,SI,0,19
NBASH322220-BLK3,SI,0,18
NBASH322220-BLK4,SI,4,1
NBASH322220-BLK2,SI,2,0
NBASH322220-BLK,SI,3,0
NBASH322220-BLK1,SI,0,0
NBATS322221-BUR,SI,0,0
NBATS322221-BLU,SI,0,0
NBATS322221-BLK2,SI,0,0
NBATS322221-WHT1,SI,0,0
NBATS322221-GRY,SI,0,0
NBATS322221-BLK1,SI,3,21
NBATS322221-WHT,SI,3,8
NBATS322221-BLK,SI,0,0
NBATS322221-YEL,SI,3,12
NBATS322221-PUR,SI,0,0
NBATS322220-BLK3,SI,0,0
NBATS322220-GRN,SI,0,0
NBATS322220-LHB,SI,0,0
NBATS322220-GRY,SI,0,0
NBATS322220-BLK2,SI,0,0
NBATS322220-PUR,SI,10,8
NBATS322220-YEL,SI,0,0
NBATS322220-BLK1,SI,3,0
NBATS322220-BLK,SI,0,0
NBATS322220-BUR,SI,0,0
NBASH322202-PUR,SI,0,0
NBASH322202-RED,SI,0,0
NBASH322202-GRY,SI,0,0
NBASH322202-BLK2,SI,0,0
NBASH322202-BLK1,SI,0,0
NBASH322202-BLK,SI,0,7
NBATS322201-RED,SI,0,3
NBATS322201-YEL,SI,0,17
NBATS322201-PUR1,SI,0,0
NBATS322201-GRY1,SI,0,0
NBATS322201-PUR,SI,0,0
NBATS322201-GRY,SI,1,7
NBASW422230-BLU,SI,0,0
NBASW422230-GRY,SI,0,0
NBASW422230-BLK1,SI,0,0
NBASW422230-BLK,SI,0,0
NBASW422230-RED,SI,0,0
NBASW422230-YEL,SI,0,0
NBASW422230-PUR,SI,0,0
NBALG422229-BLU,SI,0,0
NBALG422229-BLK1,SI,0,0
NBALG422229-PUR,SI,0,17
NBALG422229-BLK,SI,0,17
NBASBR422229-BLU,SI,0,0
NBASBR422229-BLK1,SI,0,0
NBASBR422229-PUR,SI,0,0
NBASBR422229-BLK,SI,0,0
NBALS422229-BLU,SI,0,0
NBALS422229-BLK,SI,0,0
NBALS422229-PUR,SI,0,0
NBALS422229-RED,SI,0,0
NBASW422229-AQA,SI,0,0
NBASW422229-TUR,SI,0,0
NBASW422229-LHB,SI,0,0
NBASW422229-BLU,SI,0,0
NBASW422229-PIN,SI,0,0
NBASW422229-RED,SI,0,0
NBASW422229-PUR,SI,0,0
NBASW422229-LIC,SI,0,0
NBATS422229-BLK2,SI,0,0
NBATS422229-BLK3,SI,0,0
NBATS422229-BLK,SI,0,0
NBATS422229-BLK1,SI,0,0
NBATS422228-BLK,SI,0,0
NBATS422228-WHT,SI,0,0
NBATS422228-RED,SI,0,0
NBATS422228-PUR,SI,0,0
NBATS422223-TUR,SI,0,0
NBATS422223-BLU,SI,0,0
NBATS422223-WHT,SI,0,0
NBATS422223-LIC,SI,0,0
NBATS422223-RED,SI,0,0
NBATS422223-LHB,SI,0,0
NBATS422223-PUR,SI,0,0
NBATS422223-YEL,SI,0,14
NBATT322222-BLK,SI,0,0
NBATT322222-GRN,SI,0,0
NBATT322222-GRY,SI,0,0
NBATT322222-PUR1,SI,22,20
NBATT322222-PUR,SI,24,8
NBATT322222-BLU,SI,24,8
NBATS322229-DGRY2,SI,0,0
NBATS322229-BLK9,SI,0,0
NBATS322229-GRY7,SI,0,0
NBATS522250-BLK2,SI,0,0
NBATS522250-BLU,SI,0,0
NBATS522250-BLK,SI,0,0
NBATS522250-BLK1,SI,0,0
NBAHD522255-PUR,SI,0,0
NBAHD522255-BLU,SI,0,0
NBAHD522255-BLU1,SI,0,0
NBAHD522255-BLK1,SI,0,0
NBAHD522255-BLK2,SI,0,0
NBAHD522255-BLK,SI,0,0
NBAHD522254-PUR,SI,0,0
NBAHD522254-PUR1,SI,0,0
NBAHD522254-BLK2,SI,0,0
NBAHD522254-BLU,SI,0,0
NBAHD522254-BLK,SI,0,0
NBATS322201-BLK1,SI,0,0
NBATS322201-BLU,SI,0,0
NBATS322201-BLK,SI,0,0
NBASH322201-YEL,SI,0,5
NBASH322201-WHT,SI,0,18
NBASH322201-PUR1,SI,0,0
NBASH322201-RED,SI,0,16
NBASH322201-PUR,SI,0,17
NBASH322201-BLK1,SI,1,17
NBASH322201-BLU,SI,0,0
NBASH322201-BLK,SI,0,1
NBAHD322204-GRY,SI,0,0
NBAHD322204-GRY1,SI,0,0
NBAHD322204-YEL,SI,0,0
NBAHD322204-BLK,SI,0,0
NBAHD322204-BLK1,SI,0,0
NBAHD322204-BLK2,SI,0,0
NBAHD322201-RED,SI,0,0
NBAHD322201-PUR1,SI,0,0
NBAHD322201-ORG,SI,0,0
NBAHD322201-PUR,SI,0,0
NBAHD322201-GRY,SI,3,8
NBAHD322201-BLK1,SI,1,25
NBAHD322201-BLU,SI,0,0
NBAHD322201-BLK,SI,3,4
NBATS522258-NVY,SI,0,0
NBATS522258-YEL,SI,0,0
NBATS522258-BLK2,SI,0,0
NBATS522258-BLU,SI,0,0
NBATS522258-BLK1,SI,0,0
NBATS522258-BLK,SI,0,0
NBATS522257-YEL,SI,0,0
NBATS522257-RED,SI,0,0
NBATS522257-WHT,SI,0,0
NBATS522257-PUR,SI,0,0
NBATS522257-GRN,SI,0,0
NBATS522257-BLK,SI,0,0
NBATS522257-BLK1,SI,0,0
NBATS522256-BLK5,SI,0,0
NBATS522256-BLK3,SI,0,0
NBATS522256-BLK4,SI,10,1
NBATS522256-BLK1,SI,0,0
NBATS522256-BLK2,SI,0,0
NBATS522256-BLK,SI,4,0
NBATS522255-PUR,SI,5,15
NBATS522255-RED,SI,0,0
NBATS522255-GRY,SI,0,0
NBATS522255-NVY,SI,0,0
NBATS522255-GRN,SI,0,0
NBATS522255-BLK,SI,0,0
NBATS522255-BLU,SI,0,0
NBATS522254-RED,SI,9,0
NBATS522254-PUR,SI,0,0
NBATS522254-PUR1,SI,0,0
NBATS522254-BLU,SI,0,0
NBATS522254-GRN,SI,0,0
NBATS522254-BLK,SI,0,0
NBATS522254-BLK1,SI,11,0
NBATS522253-GRY,SI,0,0
NBATS522253-PUR,SI,0,9
NBATS522253-BLU,SI,0,0
NBATS522253-BLU1,SI,0,0
NBATS522253-BLK,SI,13,0
NBATS522253-BLK1,SI,14,0
NBATS522252-BLK4,SI,9,14
NBATS522252-BLK5,SI,14,0
NBATS522252-BLK3,SI,0,0
NBAHD522254-BLK1,SI,0,0
NBAHD522253-RED,SI,0,0
NBAHD522253-PUR,SI,0,0
NBAHD522253-PUR1,SI,0,0
NBAHD522253-BLU,SI,0,0
NBAHD522253-GRN,SI,0,0
NBAHD522253-BLK,SI,0,0
NBAHD522252-BLK5,SI,0,0
NBAHD522252-BLK3,SI,0,0
NBAHD522252-BLK4,SI,4,9
NBAHD522252-BLK1,SI,0,0
NBAHD522252-BLK2,SI,0,0
NBAHD522251-BLK5,SI,0,0
NBAHD522251-BLK4,SI,0,0
NBAHD522251-BLK2,SI,0,0
NBAHD522251-BLK3,SI,0,0
NBAHD522251-BLK,SI,2,4
NBAHD522251-BLK1,SI,4,4
NBAHD522250-PUR,SI,0,0
NBAHD522250-PUR1,SI,0,0
NBAHD522250-BLU,SI,0,0
NBAHD522250-BLU1,SI,0,0
NBAHD522250-BLK2,SI,0,0
NBAHD522250-BLK,SI,0,0
NBAHD522250-BLK1,SI,0,0
NBAFP22244-BLK2,SI,0,0
NBAFP22244-BLK3,SI,0,0
NBAFP22244-BLK4,SI,0,0
NBAFP22244-BLK5,SI,0,0
NBAFP22244-BLK,SI,0,0
NBAFP22244-BLK1,SI,0,0
NBAFP22243-BLK4,SI,0,0
NBAFP22243-BLK5,SI,0,0
NBAFP22243-BLK,SI,0,0
NBAFP22243-BLK1,SI,0,0
NBAFP22243-BLK2,SI,0,0
NBAFP22243-BLK3,SI,0,0
NBAFP22242-BLK4,SI,0,0
NBAFP22242-BLK5,SI,0,0
NBAFP22242-BLK1,SI,0,0
NBAFP22242-BLK2,SI,0,0
NBAFP22242-BLK3,SI,0,0
NBAFP22242-BLK,SI,0,0
NBAFP22241-BLK5,SI,0,0
NBAFP22241-BLK1,SI,0,0
NBAFP22241-BLK2,SI,0,0
NBAFP22241-BLK3,SI,0,0
NBAFP22241-BLK4,SI,0,0
NBAFP22241-BLK,SI,0,0
NBAFP22240-PUR,SI,0,0
NBAFP22240-BLK2,SI,0,0
NBAFP22240-BLK3,SI,0,0
NBAFP22240-BLU,SI,0,0
NBAFP22240-BLU1,SI,0,0
NBAFP22240-BLK,SI,0,0
NBAFP22240-BLK1,SI,0,0
NBATS522240-PUR3,SI,0,0
NBATS522240-YEL3,SI,0,0
NBATS522240-YEL2,SI,0,0
NBATS522240-PUR2,SI,0,0
NBATS522240-YEL1,SI,0,0
NBATS522240-PUR1,SI,0,0
NBATS522240-YEL,SI,0,4
NFLHD322201-RED2,SI,0,0
NFLHD322201-RED,SI,0,0
NBATS522252-BLK1,SI,20,0
NBATS522252-BLK2,SI,0,0
NBATS522252-BLK,SI,0,2
NBATS522251-PUR1,SI,0,0
NBATS522251-PUR,SI,0,0
NBATS522251-BLU,SI,0,0
NBATS522251-BLU1,SI,0,0
NBATS522251-BLK1,SI,0,0
NBATS522251-BLK2,SI,0,0
NBATS522251-BLK,SI,0,0
NBATS522250-PUR1,SI,0,0
NBATS522250-BLU1,SI,0,0
NBATS522250-PUR,SI,0,0
NBATT522201-BLK1,SI,2,0
NBATT522201-RED,SI,2,0
NBATT522201-WHT,SI,3,0
NBATT522201-BLK,SI,2,1
NBATS522203-YEL,SI,0,0
NBATS522203-WHT,SI,0,0
NBATS522203-WHT1,SI,0,0
NBATS522203-PUR,SI,0,0
NBATS522203-RED,SI,0,0
NBATS522203-GRY,SI,0,0
NBATS522203-GRY1,SI,0,0
NBATS522203-BLU,SI,0,0
NBATS522203-BLK1,SI,0,23
NBATS522203-BLK,SI,0,23
NBASH522202-RED,SI,0,0
NBASH522202-PUR,SI,0,0
NBASH522202-GRY,SI,0,0
NBASH522202-BLK2,SI,0,0
NBASH522202-BLK1,SI,0,0
NBASH522202-BLK,SI,0,0
NBAHD522203-PUR,SI,0,0
NBAHD522203-RED,SI,0,0
NBAHD522203-BLK2,SI,0,0
NBAHD522203-GRY,SI,0,0
NBAHD522203-BLK,SI,0,0
NBAHD522203-BLK1,SI,0,0
NBASB322222-BLK2,SI,0,0
NBASB322222-BLK1,SI,0,0
NBASB322222-BLK,SI,0,0
NBASB322220-BLK2,SI,3,0
NBASB322220-BLK1,SI,0,0
NBASB322220-BLK,SI,3,0
NBASB322216-BLK2,SI,0,0
NBASB322216-BLK1,SI,0,0
NBASB322216-BLK,SI,0,0
NBASB322215-BLK2,SI,0,0
NBASB322215-BLK1,SI,0,0
NBASB322215-BLK,SI,0,0
NBATS522229-GRY7,SI,0,0
NBATS522229-DGRY2,SI,0,0
NBATS522229-GRN,SI,10,11
NBATS522229-BLK9,SI,0,0
NBATS522229-BLK8,SI,0,0
NBATS522229-GRY6,SI,0,0
NBATS522229-DGRY1,SI,0,0
NBATS522229-GRY5,SI,0,0
NBATS522229-GRY4,SI,0,0
NBATS522229-BLK7,SI,0,0
NBATS522229-YEL1,SI,0,0
NBATS522229-BLK6,SI,0,0
NBATS522229-BLK5,SI,0,0
NBATS522229-BLU2,SI,7,0
NBATS522229-GRY3,SI,0,0
NBATS522229-BUR,SI,8,0
NBATS522229-BLU,SI,0,21
NBATS522229-BLK4,SI,7,17
NBATS522229-GRY2,SI,0,0
NBATS522229-DGRY,SI,9,0
NBATS522229-BLK3,SI,11,0
NBATS522229-BLK2,SI,12,14
NBATS522229-GRY1,SI,0,0
NBATS522229-PUR,SI,30,0
NBATS522229-YEL,SI,21,0
NBATS522229-RED,SI,12,0
NBATS522229-BLK1,SI,34,0
NBATS522229-BLK,SI,23,0
NBATS522229-GRY,SI,31,0
NBAHD322241-BLK,SI,0,0
NBATS322244-GRY,SI,0,0
NBATS322244-BLK,SI,0,0
NBATS322243-BLK,SI,0,0
NBATS322243-BLU,SI,0,0
NBATS322242-WHT,SI,0,0
NBATS322242-BLK,SI,0,0
NBATS322241-BLK,SI,0,0
NBATS322241-GRY,SI,0,23
NBATS322239-GRY1,NO,0,23
NBATS322239-BLK1,NO,0,23
NBATS322239-GRY,SI,0,0
NBATS322239-BLK,NO,0,0
NBATS322238-BLK1,SI,0,0
NBATS322238-RED1,SI,0,0
NBATS322238-BLK,SI,0,0
NBATS322238-RED,SI,0,0
NBATS322237-BLU,SI,0,18
NBATS322237-PUR,SI,0,0
NBATS322236-WHT,SI,0,0
NBATS322236-GRN,SI,0,16
NBATS322235-WHT1,SI,0,0
NBATS322235-PUR1,SI,0,24
NBATS322235-WHT,SI,0,0
NBATS322235-PUR,SI,0,0
NBATS322234-BLU,SI,0,0
NBATS322234-WHT,SI,0,0
NBATS322233-RED,SI,0,0
NBATS322233-BLK,SI,0,0
NBATS322232-WHT2,SI,0,0
NBATS322232-BLU1,SI,0,0
NBATS322232-WHT,SI,0,0
NBATS322232-BLU,SI,0,0
NBATS322231-YEL1,SI,0,0
NBATS322231-BLU1,SI,0,0
NBATS322231-YEL,SI,0,24
NBATS322231-BLU,SI,0,10
NBATS322230-BLK,SI,0,0
NBATS322230-WHT,SI,0,21
NBASB522248-RED,SI,0,0
NBASB522248-PUR,SI,4,0
NBASB522248-BLK,SI,0,0
NBASB522246-RED,SI,0,0
NBASB522246-PUR,SI,0,0
NBASB522246-GRY,SI,0,0
NBASB522245-BLK2,SI,0,0
NBASB522245-BLK1,SI,0,0
NBASB522245-BLK,SI,0,0
NBASB522244-PUR,SI,0,0
NBASB522244-BLK,SI,0,0
NBASB522243-PUR,SI,0,0
NBASB522243-BLK,SI,0,0
NBASB522242-BLK2,SI,0,0
NBASB522242-BLK,SI,0,0
NFLHD322201-RED1,SI,0,0
NFLHD322201-NVY,SI,0,0
NFLHD322201-BLK1,SI,0,0
NFLHD322201-BUR,SI,0,0
NFLHD322201-AQA,SI,0,0
NFLHD322201-BLK,SI,0,0
NBASBR622201-RED,SI,0,0
NBASBR622201-PUR,SI,0,0
NBASBR622201-GRN,SI,0,0
NBASBR622201-BLK,SI,0,0
NBAJP622202-RED,SI,0,0
NBAJP622202-PUR,SI,0,0
NBAJP622202-BLK1,SI,0,18
NBAJP622202-BLK,SI,0,0
NBAJP622201-GRY3,SI,0,19
NBAJP622201-GRY2,SI,0,0
NBAJP622201-GRY1,SI,0,0
NBAJP622201-GRY,SI,0,19
PSGSB32208-BLK,SI,0,0
CCTS522211-LBL,SI,0,0
CCTS522211-BLK,SI,0,0
CCTS522210-BLK,SI,0,0
CCTS522210-WHT,SI,0,0
CCTS522209-NVY,SI,0,0
CCTS522209-GRY,SI,0,0
FIJS322201-BLK2,SI,0,0
FIJS322201-WHT3,SI,0,0
NBASW622230-BLU,SI,0,0
NBASW622230-BLK1,SI,0,0
NBASW622230-GRY,SI,0,0
NBASW622230-BLK,SI,4,6
NBASW622230-RED,SI,4,15
NBASW622230-YEL,SI,4,15
NBASW622230-PUR,SI,4,6
NBAJP622230-BLK3,SI,0,0
NBAJP622230-BLK1,SI,0,0
NBAJP622230-BLK2,SI,0,0
NBAJP622230-PUR,SI,0,0
NBAHD622221-BLU,SI,0,0
NBAHD622221-RED,SI,0,0
NBAHD622221-BLK1,SI,0,0
NBAHD622221-PUR,SI,0,5
NBAHD622221-BLK,SI,0,5
NBATT622220-BLU,SI,0,0
NBATT622220-PUR1,SI,0,0
NBATT622220-BLK,SI,0,0
NBATT622220-PUR,SI,0,0
NBASH622220-PUR1,SI,0,0
NBASH622220-BLK,SI,0,0
NBASH622220-PUR,SI,0,0
NBASH622220-BLU,SI,0,0
NBACT622220-BLK2,SI,0,0
NBACT622220-LHB,SI,15,27
NBACT622220-PUR,SI,15,0
NBACT622220-BLK1,SI,0,0
NBACT622220-YEL,SI,14,11
NBACT622220-RED,SI,14,5
NBACT622220-BLK,SI,13,3
NBAPT522211-GRY,SI,0,17
NBAPT522211-BLK,SI,0,17
NBAPT522210-BLK4,SI,0,0
NBAPT522210-BLK3,SI,0,0
NBAPT522210-BLK2,SI,0,0
NBAPT522210-BLK,SI,0,22
NBAPT522210-BLK1,SI,0,0
NBASH522210-ORG,SI,0,0
NBASH522210-BLK,SI,1,0
NBASH522210-GRN,SI,0,0
NBASH522210-YEL,SI,0,0
NBASH522210-RED1,SI,0,10
NBASH522210-RED,SI,1,0
NBASB322211-PUR1,SI,0,0
NBASB322211-RED,SI,1,0
NBASB322211-PUR,SI,1,0
NBASB322211-GRY,SI,0,0
NBATS522210-BLU,SI,0,0
NBATS522210-BUR,SI,0,0
NBATS522210-GRN,SI,0,0
NBATS522210-BLK2,SI,0,0
NBATS522210-PUR1,SI,0,0
NBATS522210-BLK1,SI,0,13
NBATS522210-YEL,SI,0,7
NBATS522210-PUR,SI,0,0
NBATS522210-BLK,SI,0,16
NBATS522210-RED,SI,0,0
NBATT522211-ORG,SI,0,0
NBATT522211-GRY,SI,2,1
NBATT522211-GRN,SI,0,0
NBATT522211-RED,SI,2,0
NBATT522211-YEL,SI,1,0
CCCT622203-WHT,SI,26,0
CCCT622202-BLK,SI,0,0
CCTS622203-NVY,SI,41,0
CCTS622202-BLK,SI,29,0
CCTS622202-WHT,SI,24,0
CCTS622201-BGE,SI,37,0
CCTS622201-NVY,SI,0,0
CCHD622201-NVY,SI,0,0
CCCT622201-BUR,SI,0,0
NBAHD522204-BLK2,SI,0,0
NBAHD522204-GRY,SI,0,0
NBAHD522204-GRY1,SI,0,0
NBAHD522204-YEL,SI,0,0
NBAHD522204-BLK,SI,0,0
NBAHD522204-BLK1,SI,0,0
NBATT522201-PUR1,SI,0,16
NBATT522201-BLU,SI,0,18
NBATT522201-PUR,SI,2,0
NBATT522201-YEL,SI,2,1
NBASB522227-BLK,SI,0,0
NBASB522227-BLK1,SI,0,0
NBASB522226-BLK2,SI,0,0
NBASB522226-BLK1,SI,8,0
NBASB522226-BLK,SI,0,0
NBASB522225-BLK2,SI,1,0
NBASB522225-BLK1,SI,0,0
NBASB522225-BLK,SI,0,0
NBASB522224-BLK1,SI,0,0
NBASB522224-BLK2,SI,0,0
NBASB522224-BLK,SI,0,0
NBASB522223-BLK4,SI,0,0
NBASB522223-BLK2,SI,0,0
NBASB522223-BLK,SI,0,0
NBASB522222-BLK2,SI,0,0
NBASB522222-BLK1,SI,0,0
NBASB522222-BLK,SI,0,0
NBASB522221-BLK1,SI,0,0
NBASB522221-BLK2,SI,0,0
NBASB522221-BLK,SI,0,0
NBASB522220-BLK2,SI,0,0
NBASB522220-BLK1,SI,0,0
NBASB522220-BLK,SI,0,0
NBASB522219-BLK2,SI,2,0
NBASB522219-BLK1,SI,2,0
NBASB522241-BLK1,SI,15,0
NBASB522241-BLK,SI,0,0
NBASB522240-BLK2,SI,0,0
NBASB522240-BLK1,SI,0,0
NBASB522240-BLK,SI,0,0
NBASB522239-RED,SI,0,0
NBASB522239-PUR,SI,0,0
NBASB522239-GRY,SI,0,0
NBASB522238-BLK2,NO,0,0
NBASB522238-BLK1,NO,0,0
NBASB522238-BLK,NO,0,0
NBASB522237-RED,SI,0,0
NBASB522237-PUR,SI,0,0
NBASB522237-GRY,SI,0,0
NBASB522236-BLK2,SI,0,0
NBASB522236-BLK1,SI,0,0
NBASB522236-BLK,SI,0,0
NBASB522235-BLK2,SI,0,0
NBASB522235-BLK1,SI,0,0
NBASB522235-BLK,SI,0,0
NBASB522234-BLK2,SI,0,0
NBASB522234-BLK1,SI,0,0
NBASB522234-BLK,SI,0,0
NBASB522233-BLK2,SI,0,0
NBASBR622229-BLK1,SI,0,0
NBASBR622229-BLU,SI,0,0
NBASBR622229-BLK,SI,12,0
NBASBR622229-PUR,SI,13,0
NBAJP622229-BLK2,SI,0,0
NBAJP622229-BLK1,SI,0,0
NBAJP622229-BLK,SI,0,0
NBAJP622229-PUR,SI,0,0
NBASB522233-BLK1,SI,0,0
NBASB522233-BLK,SI,0,0
NBASB522232-BLK1,SI,0,0
NBASB522232-PUR,SI,0,0
NBASB522232-BLK,SI,0,0
NBASB522231-BLK2,SI,0,0
NBASB522231-BLK1,SI,2,0
NBASB522231-BLK,SI,0,0
NBASB522230-RED,SI,0,0
NBASB522230-PUR,SI,0,0
NBASB522230-GRY,SI,0,0
NBASB522229-BLK2,SI,0,0
NBASB522229-BLK1,SI,0,0
NBASB522229-BLK,SI,0,0
NBASB522228-RED,SI,2,0
NBASB522228-PUR,SI,6,0
NBASB522228-GRY,SI,6,0
NBASB522227-BLK2,SI,0,0
FICT622202-YEL2,SI,0,0
FICT622202-RED2,SI,0,0
FICT622202-GRN,SI,0,0
FICT622202-ORG,SI,0,0
FICT622202-WHT2,SI,0,0
FICT622202-RED,SI,0,0
FICT622202-WHT,SI,0,0
FICT622202-LHB2,SI,0,0
FICT622202-NVY,SI,0,0
FICT622202-YEL,SI,0,0
FICT622202-LHB,SI,0,0
FICT622201-RED3,SI,0,0
FICT622201-YEL2,SI,0,0
FICT622201-RED2,SI,0,0
FICT62221-GRN,SI,0,0
FICT622201-ORG,SI,0,0
FICT622201-WHT3,SI,0,0
NBASB522219-BLK,SI,2,0
NBASB522218-BLK2,SI,2,0
NBASB522218-BLK1,SI,0,0
NBASB522218-BLK,SI,2,0
NBASB522217-BLK1,SI,0,0
NBASB522217-BLK2,SI,0,0
NBASB522217-BLK,SI,0,0
NBASB522216-BLK2,SI,2,0
NBASB522216-BLK1,SI,0,0
NBASB522216-BLK,SI,2,0
NBASB522215-BLK2,SI,0,0
NBASB522215-BLK1,SI,0,0
NBASB522215-BLK,SI,0,0
NBASB522214-BLK2,SI,0,0
NBASB522214-BLK1,SI,0,0
NBASB522214-BLK,SI,0,0
NBASB522213-PUR,SI,0,0
NBASB522213-RED,SI,0,0
NBASB522213-GRY,SI,0,0
NBASB522212-BLK2,SI,0,0
NBASB522212-BLK1,SI,0,0
NBASB522212-BLK,SI,0,0
NBASB522211-RED,SI,8,0
NBASB522211-PUR,SI,0,0
NBASB522211-GRY,SI,1,0
NBASB522210-BLK1,SI,0,0
NBASB522210-GRY,SI,0,0
NBASB522210-BLK,SI,0,0
NBASB522209-RED,SI,0,0
NBASB522209-PUR,SI,0,0
NBASB522209-BLK,SI,0,0
NBASB522208-PUR1,SI,0,0
NBASB522208-RED,SI,2,0
NBASB522208-PUR,SI,2,0
NBASB522208-BLK,SI,0,0
NBASB522207-BLK3,SI,0,0
NBASB522207-BLK,SI,0,0
NBASB522207-BLK1,SI,0,0
NBASB522206-RED,SI,2,0
NBASB522206-PUR,SI,1,0
NBASB522206-BLK,SI,2,0
NBASB522205-YEL,SI,0,0
NBASB522205-RED,SI,0,0
NBASB522205-GRY,SI,0,0
NBASB522204-PUR,SI,0,0
NBASB522204-BLK2,SI,0,0
NBASB522204-BLK3,SI,0,0
NBASB522204-BLK,SI,0,0
NBASB522203-RED,SI,0,0
NBASB522203-PUR,SI,0,0
NBASB522203-BLK,SI,0,0
NBASB522202-GRY,SI,0,0
NBASB522202-BLK2,SI,0,0
NBASB522202-BLK,SI,0,0
NBABC522209-BLK1,SI,0,0
NBABC522209-BLK2,SI,0,0
MLBACC005-BLKCOP,NO,0,0
MLBTS520207-BUR,SI,0,29
ALSO52203-BEG,NO,0,29
MUNSO52202-RED,NO,0,29
ALGKSO52201-BLU,NO,0,29
MUNSO52203-GRN,NO,0,29
MUNSO52201-NVY,NO,0,29
OLHSO52202-WHT,NO,0,29
OLHSO52201-RED,NO,0,29
OLHSO52204-BLK,NO,0,29
GT-WHT,NO,0,29
ES-WHT,NO,0,29
ES-BLU,NO,0,29
ES-NVY,NO,0,29
NASPJ622202-BLU,SI,0,0
NASPJ622201-PNK,SI,0,0
66110U-LKJ,NO,0,0
81826U-LNK,NO,0,0
81820U-LNZ,NO,0,0
21275U-LMN,NO,0,0
66250U-060,NO,0,0
MLBTS523103-WHT2,SI,0,0
MLBTS523103-WHT,SI,0,16
UMSH523106-BLK,NO,0,16
UMSH523103-NVY,NO,0,16
UMSH523105-BLK,NO,0,16
MLBTS520200-WHT2,SI,0,15
UMJS523103-TUR,NO,0,15
UMJS523104-LBL,NO,0,15
UMSH523101-BLK,NO,0,15
MLBTS320201-GRY,SI,0,17
MLBTS520201-BLK2,SI,0,31
JVCA523108-WHT,SI,0,0
JVCA523103-BLK,SI,0,0
JVSH523102-BLK,SI,0,0
JVPT523102-BLK,SI,0,0
SPRCT622201-WHT,SI,0,0
SPRCT622202-BLK,SI,0,0
SPRCT622202-GRN,SI,0,0
MLBCT622202-AQA,SI,8,25
MLBCT622202-BLK,SI,9,24
MLBCT622202-BLU,SI,6,27
MLBTS522206-BLK,SI,17,0
MLBTS522206-NVY1,SI,20,0
MLBTS522206-RED,SI,21,0
NBABC522209-BLK,SI,0,0
NBABC522208-BLK2,SI,0,0
NBABC522208-BLK,SI,0,0
NBABC522208-BLK1,SI,0,0
NBABC522207-RED,SI,0,0
NBABC522207-PUR,SI,0,0
NBABC522207-GRY,SI,0,0
NBABC522206-BLK2,SI,0,0
NBABC522206-BLK1,SI,0,0
NBABC522206-BLK,SI,0,0
NBABC522205-BLK2,SI,0,0
FICT622201-RED,SI,0,0
FICT622201-WHT2,SI,0,0
FICT622201-LHB,SI,0,0
FICT622201-NVY,SI,0,0
FICT622201-YEL,SI,0,0
FICT622201-WHT,SI,0,0
STJP52202-BLK,SI,0,0
STJP52202-GRY,SI,0,0
CCSO522201-BLK,SI,0,27
CCPJ522202-RED,SI,5,44
CCPJ522201-BLK,SI,0,0
CCBX522201-GRY,SI,0,0
RMBK522201-BLK,SI,0,0
RMMB522201-NVY,SI,0,0
RMFP522201-BLK,SI,0,0
PSGBK522201-BLK,SI,0,0
PSGMB522201-RED,SI,0,0
PSGFP522201-BLK,SI,0,0
PSGPJ522203-BLK,SI,6,49
PSGPJ522202-GRY,SI,0,0
PSGPJ522201-GRY,SI,0,0
PSGSO522204-BLU,SI,15,4
PSGSO522203-WHT,SI,0,69
PSGSO522202-RED,SI,10,12
PSGSO522201-BLK,SI,10,18
PSGBX522204-BLU,SI,0,0
PSGBX522203-BLK,SI,0,0
PSGBX522202-NVY,SI,0,0
PSGBX522201-GRY,SI,0,0
RMPJ522202-BLU,SI,0,0
RMPJ522202-GRY,SI,0,0
RMSO522202-BLU,SI,0,0
RMSO522201-BLK,SI,0,0
RMBX522202-BLK,SI,0,0
RMBX522201-NVY,SI,0,0
STSW52202-NVY,SI,0,0
STSW52202-GRY,SI,0,0
STLS52204-BLK,SI,0,0
STLS52203-BLK,SI,0,0
STLS52202-NVY,SI,0,0
STLS52201-NVY,SI,0,0
STLS52201-BLK,SI,0,0
STSW52201-GRY2,SI,0,0
STSW52201-GRY,SI,0,0
STJP52204-GRY,SI,0,0
STJP52203-BLU,SI,0,0
STHD52208-GRY,SI,0,0
STHD52207-GRY,SI,0,0
STHD52206-BLU,SI,0,0
STHD52205-NVY,SI,0,0
STHD52205-BLK,SI,0,0
STHD52204-GRY,SI,0,0
STHD52204-BLK,SI,0,0
STJP52201-GRY,SI,0,0
STJP52201-BLK,SI,0,0
STHD52203-GRY,SI,0,0
STHD52203-BLK,SI,0,0
STHD52202-BLU,SI,0,0
STHD52202-BLK,SI,0,0
STHD52201-BLU,SI,0,0
STHD52201-BLK,SI,0,0
STSH52201-BLK,NO,0,0
STTT52202-BLK,SI,0,0
STTT52201-BLU,SI,0,0
STTT52201-GRY,SI,0,0
STTT52201-GRN,SI,0,0
STTS52209-BLK,SI,0,0
STTS52208-GRY,SI,0,0
STTS52205-NVY,SI,0,0
STTS52204-BLU,SI,0,0
STTS52204-MNT,SI,0,0
STTS52203-PRP,SI,0,0
STTS52202-NVY,SI,0,0
STTS52202-BLK,SI,0,0
STTS52201-WHT,SI,0,0
STTS52201-BLK,SI,0,0
NBASL522208-BLK2,SI,0,0
NBASL522208-RED,SI,0,0
NBASL522208-BLK,SI,0,0
NBASL522207-PUR,SI,82,0
NBASL522207-BLK,SI,77,0
NBASL522207-RED,SI,0,0
NBAFF522202-BLK,SI,0,0
NBAFF522202-PUR,SI,6,0
NBAFF522202-RED,SI,5,0
NBASL522204-BLK2,SI,0,0
NBASL522204-BLK,SI,0,0
NBASL522203-PUR,SI,0,0
NBASL522203-RED,SI,0,0
PSGSL522203-BLU,SI,0,0
NBACS522202-BLK,SI,0,0
NBACS522202-PUR,SI,0,0
NBACS522202-RED,SI,0,0
NBACS522201-RED,SI,0,0
NBAFF522201-BLK,SI,0,0
NBAFF522201-PUR,SI,0,0
NBAFF522201-RED,SI,0,0
PSGSL522202-BLU,SI,71,0
RMSL522201-BLU,SI,65,0
PSGSL522201-BLK,SI,89,0
NBASL522202-PUR,SI,39,0
NBASL522202-RED,SI,90,0
MLBSL522202-BLK,SI,0,0
NBASL522201-GRY,SI,0,0
NBASL522201-PUR,SI,36,0
NBASL522201-RED,SI,36,0
PSGSB522209-BLK,SI,0,0
RMSB522211-WHT,SI,0,0
RMSB522211-NVY,SI,0,0
RMSB522209-WHT,SI,0,0
RMSB522208-BLU,SI,0,0
RMSB522207-BLU,SI,9,0
RMSB522206-WHT,SI,0,0
RMSB522205-BLK,SI,0,0
RMSB522204-NVY,SI,0,0
RMSB522204-WHT,SI,0,0
RMSB522203-NVY,SI,0,0
RMSB522202-WHT,SI,0,0
RMSB522202-GRY,SI,6,0
RMSB522201-GRY,SI,2,0
RMSB522201-BLU,SI,11,0
PSGSB522208-BLU,SI,0,0
PSGSB522207-GRY,SI,0,0
PSGSB522206-NVY,SI,0,0
PSGSB522205-WHT,SI,0,0
PSGSB522204-WHT,SI,0,0
PSGSB522203-WHT,SI,0,0
PSGSB522203-NVY,SI,0,0
PSGSB522202-BLK,SI,0,0
PSGSB522201-NVY,SI,0,0
TGPJ522202-RED,SI,0,0
TGPJ522201-GRN,SI,0,0
NBABC522205-BLK1,SI,0,0
NBABC522205-BLK,SI,0,0
NBABC522204-BLK2,SI,0,0
NBABC522204-BLK1,SI,0,0
NBABC522204-BLK,SI,0,0
NBABC522203-RED,SI,0,0
NBABC522203-PUR,SI,0,0
NBABC522203-GRY,SI,0,0
NBABC522202-RED,SI,0,0
NBABC522202-PUR,SI,0,0
NBABC522202-GRY,SI,0,0
NBABC522201-GRY,SI,0,0
NBABC522201-BLK2,SI,0,0
NBABC522201-BLK,SI,0,0
NBABK522203-GRN,SI,0,0
NBABK522203-LHB,SI,0,0
NBABK522203-WHT,SI,0,0
NBABK522203-YEL,SI,0,0
NBABK522203-RED,SI,0,0
NBAFP522202-GRN,SI,0,0
NBAFP522202-LHB,SI,0,0
NBAFP522202-WHT,SI,0,0
NBAFP522202-YEL,SI,0,0
NBAFP522202-RED,SI,0,0
NBAMB522201-WHT,SI,0,0
NBAMB522201-YEL,SI,0,0
NBAMB522201-RED,SI,0,0
NBABK522202-WHT,SI,0,0
NBABK522202-PUR,SI,0,0
NBABK522202-RED,SI,0,0
NBABK522201-WHT,SI,0,0
NBABK522201-PUR,SI,0,0
NBABK522201-BLK,SI,0,0
NBAFB522201-GRN,SI,0,0
NBAFB522201-NVY,SI,0,0
NBAFB522201-WHT,SI,0,0
NBAFB522201-PUR,SI,0,0
NBAFB522201-RED,SI,0,0
NBAFP522201-GRN,SI,0,0
NBAFP522201-NVY,SI,0,0
NBAFP522201-GRY,SI,0,0
NBAFP522201-PUR,SI,0,0
NBAFP522201-RED,SI,0,0
NBAWL522201-GRN,SI,0,0
NBAWL522201-NVY,SI,0,0
NBAWL522201-GRY,SI,0,0
NBAWL522201-PUR,SI,0,0
NBAWL522201-RED,SI,0,0
FIPJ622201-BLU4,SI,0,0
FIPJ622201-BLU2,SI,0,0
FIPJ622201-BLU3,SI,0,0
FIPJ622202-BLK3,SI,0,0
FIPJ622202-BLK2,SI,0,0
FIPJ622202-RED,SI,0,0
FIPJ622202-NVY4,SI,0,0
FIPJ622202-NVY3,SI,0,0
FIPJ622202-BLK,SI,0,0
FIPJ622202-BLU,SI,0,0
FIPJ622202-NVY2,SI,0,0
FIPJ622202-NVY,SI,0,0
FIPJ622201-RED3,SI,0,0
FIPJ622201-YEL2,SI,0,0
FIPJ622201-RED2,SI,0,0
FIPJ622201-ORG,SI,0,0
FIPJ622201-GRN,SI,0,0
FIPJ622201-RED,SI,0,0
FIPJ622201-WHT3,SI,0,0
TGBX522202-GRY,SI,0,0
TGBX522201-NVY,SI,0,0
STSO522204-WHT,SI,0,0
STSO522203-BLK,SI,0,0
STSO522202-GRY,SI,0,0
STSO522201-NVY,SI,0,0
STBX522204-BLK,SI,0,0
STBX522203-LBL,SI,0,0
STBX522202-NVY,SI,0,0
STBX522201-GRY,SI,0,0
SOUSO522202-BLK,SI,0,0
SOUSO522201-BLK,SI,0,0
PWSO522202-RED,SI,0,0
PWSO522201-BLU,SI,0,0
NFLWR522205-BLK5,SI,0,0
NFLWR522205-BLK4,SI,0,0
NFLPT522206-BLK5,SI,0,0
NFLPT522206-BLK4,SI,0,0
NFLPT522206-BLK3,SI,0,0
NFLPT522206-BLK2,SI,0,0
NFLPT522206-BLK1,SI,0,0
NFLPT522206-BLK,SI,0,0
NFLSW522202-BLK5,SI,0,0
NFLSW522202-BLK4,SI,0,0
NFLSW522202-BLK3,SI,0,0
NFLSW522202-BLK2,SI,0,0
NFLSW522202-BLK1,SI,0,0
NFLSW522202-BLK,SI,0,0
NFLSW522201-RED,SI,0,0
NFLSW522201-AQA,SI,0,0
NFLSW522201-BLK1,SI,0,0
NFLSW522201-NVY,SI,0,0
NFLSW522201-BUR,SI,0,0
NFLSW522201-BLK,SI,0,0
NFLPT522205-BLK3,SI,0,0
NFLPT522205-NVY1,SI,0,0
NFLPT522205-BLK2,SI,0,0
NFLPT522205-BLK1,SI,0,0
NFLPT522205-BLK,SI,0,0
NFLHD522204-NVY,SI,0,0
NFLHD522204-BLK1,SI,0,0
NFLHD522204-RED1,SI,0,0
NFLHD522204-GRY,SI,0,0
NFLHD522204-BLK,SI,0,0
NFLHD522204-RED,SI,0,0
NFLTS522207-RED,SI,1,0
NFLTS522207-AQA,SI,1,0
NFLTS522207-BLK1,SI,0,0
NFLTS522207-NVY,SI,0,0
NFLTS522207-BLK,SI,0,0
NFLTS522207-BUR,SI,0,0
NBABX522202-GRY,SI,0,0
NBABX522202-BLK1,SI,0,0
NBABX522202-BLK,SI,0,0
NBABX522202-GRN1,SI,0,0
NBABX522202-PUR,SI,0,0
NBABX522202-GRN,SI,0,0
NBABX522202-LHB,SI,0,0
NBABX522202-RED,SI,0,0
NBAPJ522203-BUR,NO,0,0
NBAPJ522203-GRN,NO,0,0
NBAPJ522203-BLK,SI,0,17
NBAPJ522203-PUR,SI,4,0
NBAPJ522203-RED,SI,4,0
NBAPJ522202-BLK,SI,0,0
NBAPJ522202-GRN,SI,0,0
NBAPJ522202-GRY,SI,0,0
NBAPJ522202-PUR,SI,0,0
NBAPJ522202-RED,SI,0,0
NBAPJ522201-GRY,SI,0,0
NBAPJ522201-YEL,SI,0,0
NBAPJ522201-RED,SI,0,0
NBASO522204-BLK1,SI,0,0
NBASO522204-GRN,SI,0,0
NBASO522204-BLK,SI,0,0
NBASO522204-YEL,SI,0,8
NBASO522204-GRY,SI,0,8
NBASO522203-PUR,SI,0,24
NBASO522203-BLK,SI,1,44
NBASO522202-GRN,SI,0,0
NBASO522202-WHT,SI,0,60
NBASO522202-LHB,SI,0,33
NBASO522202-RED,SI,0,4
NBASO522201-WHT1,SI,0,46
NBASO522201-GRN,SI,0,31
NBASO522201-WHT,SI,0,19
NBASO522201-PUR,SI,0,0
NBASO522201-BLK,SI,0,0
NBABX522208-GRY,SI,0,0
NBABX522208-YEL,SI,0,0
NBABX522208-RED,SI,0,0
NBABX522207-GRY,SI,0,0
NBABX522207-PUR,SI,0,0
NBABX522207-RED,SI,0,0
NBABX522206-BUR,SI,0,0
NBABX522206-BLK,SI,0,0
NBABX522206-RED,SI,0,46
NBABX522205-GRN,SI,0,0
NBABX522205-GRY,SI,0,0
NBABX522205-PUR,SI,0,0
NBABX522204-BUR,SI,0,0
NBABX522204-GRN,SI,0,0
NBABX522204-RED,SI,0,0
NBABX522203-BUR,SI,0,0
NBABX522203-PUR,SI,0,0
NBABX522203-RED,SI,0,0
NBABX522201-GRN,SI,0,0
NBABX522201-LHB,SI,0,23
NBABX522201-GRY,SI,0,23
NBABX522201-PUR,SI,0,22
NBABX522201-RED,SI,0,22
NBAPJ322242-BLU,SI,0,0
NBATS522245-NVY,SI,16,11
NBATS522245-BLU,SI,0,17
NBAPJ322241-BLU,SI,0,0
NBAHD522241-BLK,SI,0,0
NBATS522244-GRY,SI,0,0
NBATS522244-BLK,SI,5,11
NBATS522243-BLK,SI,7,12
NBATS522243-BLU,SI,0,0
NBATS522242-WHT,SI,13,17
NBATS522242-BLK,SI,0,0
NBATS522241-BLK,SI,0,21
NBATS522241-GRY,SI,12,2
NBATS522239-GRY1,NO,12,2
NBATS522239-BLU,NO,12,2
NBATS522239-GRY,SI,0,0
NBATS522239-BLK,SI,31,30
NBATS522238-BLK1,SI,0,0
NBATS522238-RED1,SI,0,26
NBATS522238-BLK,SI,0,32
NBATS522238-RED,SI,0,20
NBATS522237-BLU,SI,17,24
NBATS522237-PUR,NO,17,24
NBATS522236-WHT,SI,0,0
NBATS522236-GRN,SI,28,0
NBATS522235-WHT1,SI,0,0
NBATS522235-PUR1,SI,9,0
NBATS522235-WHT,SI,0,0
NBATS522235-PUR,NO,0,0
NBATS522234-BLU,SI,0,0
NBATS522234-WHT,SI,0,0
NBATS522233-RED,SI,6,0
NBATS522233-BLK,SI,0,0
NBATS522232-WHT2,SI,0,0
NBATS522232-BLU1,SI,0,0
NBATS522232-WHT,SI,0,0
NBATS522232-BLU,SI,0,4
NBATS522231-YEL1,SI,0,0
NBATS522231-BLU1,SI,0,0
NBATS522231-YEL,NO,0,0
NBATS522231-BLU,SI,8,17
NBATS52224-BLK7,SI,0,18
NBATS522230-WHT,SI,0,0
PSGJS32207-GRY,SI,0,0
PSGJS32206-BLK,SI,0,0
PSGJS32204-BLK,SI,0,0
PSGJS32203-GRY,SI,7,26
PSGJS32202-NVY,SI,6,4
PSGTS32217-BLK4,SI,0,0
PSGTS32217-BLK3,SI,0,0
PSGTS32217-BLK2,SI,0,0
PSGTS32217-BLK1,SI,0,0
PSGTS32217-BLK,SI,0,0
PSGTS32217-WHT4,SI,0,0
PSGTS32217-WHT3,SI,0,0
PSGTS32217-WHT2,SI,1,9
PSGTS32217-WHT1,SI,0,0
PSGTS32217-WHT,SI,0,0
PSGTS32217-BLU4,SI,0,0
PSGTS32217-BLU3,SI,0,24
PSGTS32217-BLU2,SI,2,14
PSGTS32217-BLU1,SI,0,0
PSGTS32217-BLU,SI,0,0
PSGTS32216-BLK4,SI,0,0
PSGTS32216-BLK3,SI,0,0
PSGTS32216-BLK2,SI,0,0
PSGTS32216-BLK1,SI,0,0
PSGTS32216-BLK,SI,0,0
PSGTS32216-BLU4,SI,0,0
PSGTS32216-BLU3,SI,0,0
PSGTS32216-BLU2,SI,0,0
PSGTS32216-BLU1,SI,0,0
PSGTS32216-BLU,SI,0,0
PSGTS32216-WHT4,SI,0,0
PSGTS32216-WHT3,SI,0,0
PSGTS32216-WHT2,SI,0,0
PSGTS32216-WHT1,SI,0,0
PSGTS32216-WHT,SI,0,0
PSGTS32215-BLU4,SI,0,0
PSGTS32215-BLU3,SI,0,0
PSGTS32215-BLU2,SI,0,0
PSGTS32215-BLU1,SI,0,0
PSGTS32215-BLU,SI,0,0
PSGTS32214-BLK4,SI,0,0
PSGTS32214-BLK3,SI,0,0
PSGTS32214-BLK2,SI,0,0
PSGTS32214-BLK1,SI,0,0
PSGTS32214-BLK,SI,0,0
PSGTS32214-BLU4,SI,0,0
PSGTS32214-BLU3,SI,0,0
PSGTS32214-BLU2,SI,0,0
PSGTS32214-BLU1,SI,0,0
PSGTS32213-BLK4,SI,0,0
PSGTS32213-BLK3,SI,0,0
PSGTS32213-BLK2,SI,0,0
PSGTS32213-BLK1,SI,0,0
PSGTS32213-BLK,SI,0,0
PSGTS32213-WHT4,SI,0,0
PSGTS32213-WHT3,SI,0,0
PSGTS32213-WHT2,SI,0,0
PSGTS32213-WHT1,SI,0,0
PSGTS32213-WHT,SI,0,0
PSGTS32213-NVY4,SI,0,0
PSGTS32213-NVY3,SI,0,0
PSGTS32213-NVY2,SI,0,0
PSGTS32213-NVY1,SI,0,0
PSGTS32213-NVY,SI,0,0
PSGTS32212-BLU4,SI,0,0
PSGTS32212-BLU3,SI,0,0
PSGTS32212-BLU2,SI,0,0
PSGTS32212-BLU1,SI,1,18
PSGTS32212-BLU,SI,0,0
PSGTS32212-BLK4,SI,0,0
PSGTS32212-BLK3,SI,0,0
PSGTS32212-BLK2,SI,0,0
PSGTS32212-BLK1,SI,11,0
PSGTS32212-BLK,SI,19,17
PSGTS32211-BLU4,SI,0,0
PSGTS32211-BLU3,SI,0,0
PSGTS32211-BLU2,SI,0,0
PSGTS32211-BLU1,SI,0,0
PSGTS32211-BLU,SI,0,0
PSGTS32211-WHT4,SI,0,0
PSGTS32211-WHT3,SI,0,0
PSGTS32211-WHT2,SI,0,0
PSGTS32211-WHT1,SI,0,0
PSGTS32211-WHT,SI,0,0
PSGTS32211-BLK4,SI,0,0
PSGTS32211-BLK3,SI,0,0
PSGTS32211-BLK2,SI,0,0
PSGTS32211-BLK1,SI,0,0
PSGTS32211-BLK,SI,0,0
PSGSH32201-BLK,SI,4,14
PSGTT32202-BLK,SI,0,0
PSGHD32203-BLK,SI,0,0
PSGJP32204-BLK,SI,0,0
PSGJP32204-NVY,SI,0,0
PSGTS32210-WHT,SI,0,0
PSGTS32210-BLU,SI,0,0
PSGTS32210-BLK,SI,0,0
PSGJP32203-BLK1,SI,0,0
PSGJP32203-BLK,SI,0,0
PSGJP32203-NVY,SI,0,0
PSGSW32205-WHT,SI,0,0
PSGSW32205-BLK,SI,0,0
PSGSW32205-NVY,SI,0,23
PSGTS32209-WHT,SI,0,0
PSGTS32209-NVY,SI,3,9
PSGTS32209-BLK,SI,1,9
PSGSW32204-GRY,SI,0,0
PSGSW32204-NVY,SI,0,0
PSGSW32204-BLK,SI,0,0
PSGSW32203-BUR,SI,0,0
PSGSW32203-GRY,SI,0,0
PSGSW32203-BLU,SI,0,0
PSGJP32202-BLK,SI,0,0
PSGJP32202-NVY,SI,0,0
PSGJP32201-BLK,SI,2,9
PSGJP32201-BLU,SI,2,13
PSGTT32201-BLU,SI,8,3
PSGTT32201-WHT,SI,0,0
PSGHD32202-GRY,SI,0,0
PSGHD32202-NVY,SI,0,5
PSGHD32202-BLK,SI,0,0
PSGHD32201-BLK,SI,0,0
PSGHD32201-BLU,SI,1,0
PSGTS32208-BLU,SI,0,0
PSGTS32208-WHT,SI,0,0
PSGTS32208-BLK,SI,12,0
PSGTS32207-WHT,SI,0,0
PSGTS32207-BLU,SI,0,0
PSGTS32207-BLK,SI,0,0
PSGTS32206-GRY,SI,0,0
PSGTS32206-BLK,SI,0,0
PSGTS32205-BLK,SI,0,0
PSGTS32205-BLU,SI,0,0
PSGTS32205-WHT,SI,0,0
PSGSW32202-WHT,SI,0,0
PSGSW32202-GRY,SI,0,0
NBALS322202-BLK3,SI,0,0
NBALS322202-GRY3,SI,0,0
NBALS322202-BLK2,SI,0,0
NBALS322202-GRY2,SI,0,0
NBALS322202-BLK,SI,0,0
NBALS322202-GRY,SI,0,0
NBASH322203-BLK3,SI,0,0
NBASH322203-BUR,SI,0,0
NBASH322203-BLK2,SI,0,0
NBASH322203-BLK1,SI,0,0
NBASH322203-RED,SI,0,0
NBASH322203-BLK,SI,2,19
NBASH322203-GRY,SI,0,0
NBAHD322205-BUR,SI,0,0
NBAHD322205-BLK3,SI,0,0
NBAHD322205-WHT,SI,0,0
NBAHD322205-BLK2,SI,0,0
NBAHD322205-RED,SI,0,0
NBAHD322205-PUR,SI,0,0
NBAHD322205-BLK,SI,0,0
NBAHD322205-GRY,SI,0,0
NBATS322204-BLK4,SI,0,0
NBATS322204-BUR,SI,0,0
NBATS322204-WHT1,SI,0,0
NBATS322204-BLK3,SI,0,0
NBATS322204-PUR,SI,0,0
NBATS322204-BLK2,SI,1,19
NBATS322204-WHT,SI,1,16
NBATS322204-BLK,SI,20,10
NBATS322204-RED,SI,21,7
NBATS322228-BLK,SI,0,0
NBATS322228-WHT,SI,0,0
NBATS322228-RED,SI,4,18
NBATS322228-YEL,SI,5,11
NBATS322228-PUR,SI,0,0
NBAHD322221-BLU,SI,0,0
NBAHD322221-YEL,SI,0,0
NBAHD322221-PUR,SI,0,0
NBAHD322221-BLK2,SI,0,0
NBAHD322221-BLK1,SI,0,0
NBAHD322221-RED,SI,0,0
NBAHD322221-BLK,SI,0,0
FIPJ622201-WHT,SI,0,0
FIPJ622201-YEL,SI,0,0
FIPJ622201-BLU,SI,0,0
FIPJ622201-LHB,SI,0,0
FITS622202-NVY3,SI,0,0
FITS622202-BLK,SI,0,0
FITS622202-RED5,SI,0,0
FITS622202-WHT5,SI,0,0
FITS622202-RED4,SI,0,0
FITS622202-RED3,SI,0,0
FITS622202-YEL3,SI,0,0
FITS622202-LHB,SI,0,0
FITS622202-WHT4,SI,0,0
FITS622202-YEL2,SI,0,0
FITS622202-ORG,SI,0,0
FITS622202-RED2,SI,0,0
FITS622202-RED,SI,0,0
FITS622202-WHT3,SI,0,0
FITS622202-NVY2,SI,0,0
FITS622202-WHT2,SI,0,0
FITS622202-YEL,SI,0,0
FITS622202-WHT,SI,0,0
FITS622202-NVY,SI,0,0
FICT622202-RED3,SI,0,0
PSGSW32202-BLU,SI,0,0
PSGSW32201-WHT,SI,0,0
PSGSW32201-BLU,SI,0,0
PSGSW32201-BLK,SI,0,0
PSGTS32203-BLK,SI,0,0
PSGTS32203-NVY,SI,2,27
PSGTS32203-WHT,SI,2,27
PSGTS32202-GRY,SI,0,0
PSGTS32202-BLK,SI,0,0
PSGTS32202-NVY,SI,1,0
PSGTS32201-BLK,SI,0,0
PSGTS32201-NVY,SI,3,0
PSGTS32201-WHT,SI,2,0
PSGJS32201-BLK,SI,8,23
PSGJS32201-WHT,SI,6,6
PSGJS32201-BLU,SI,10,17
GYTS522203-BLK,SI,0,0
GYTS522201-BLK,SI,0,0
GYTS522201-GRN,SI,29,0
GTDTS522203-BLK,SI,0,0
GTDTS522201-BLK,SI,0,0
FITS322202-BLK3,SI,0,0
FDSO522202-BLU,SI,0,0
FDSO522201-GRY,SI,0,0
FDPJ522202-BLK,SI,0,0
FDPJ522201-BLU,SI,0,0
FDBX522202-GRY,SI,0,0
FDBX522201-BLU,SI,0,0
FTPJ622202-GRY,SI,0,0
FTPJ622201-ORG,SI,0,0
WWESO522202-GRY,SI,0,0
WWESO522201-BLU,SI,0,0
WWEPJ522203-BLK,SI,0,0
WWEPJ522203-NVY,SI,0,0
WWEPJ522202-BLK,SI,0,0
WWEPJ522201-RED,SI,0,0
WWEBX522202-BLU,SI,0,0
WWEBX522201-BUR,SI,0,0
CCSO522202-RED,SI,0,34
CCBX522202-RED,SI,0,0
BABSO522201-GRY,SI,0,0
NFLJS322201-RED2,SI,0,0
NFLJS322201-AQA,SI,0,0
NBATS322223-BLU,SI,0,7
NBATS322223-WHT,SI,3,0
NBATS322223-BLK2,SI,0,0
NBATS322223-BLK1,SI,0,0
NBATS322223-GRN,SI,0,21
NBATS322223-LHB,SI,0,0
NBATS322223-PUR,SI,0,0
NBATS322223-YEL,SI,10,7
NBATS322223-LIL,SI,0,0
NBATS322223-RED,SI,10,0
NBATS322223-BLK,SI,0,5
NBASH322222-BLK2,SI,0,0
NBASH322222-BLK1,SI,0,0
NBASH322222-BLK,SI,0,22
NBASH322222-NVY,SI,0,0
NBASH322222-PUR,SI,0,0
NBAHD322220-BLK4,SI,0,0
NBAHD322220-BLK3,SI,0,0
NBAHD322220-RED,SI,0,0
NBAHD322220-BLK2,SI,0,0
NBAHD322220-BLK1,SI,0,0
NBAHD322220-NVY,SI,0,0
NBAHD322220-PUR,SI,0,0
NBAHD322220-BLK,SI,0,0
NBATS322222-BLK2,SI,8,25
NBATS322222-BLK1,SI,0,0
NBATS322222-GRN,SI,0,0
NBATS322222-BLK,SI,0,0
NBATS322222-PUR1,SI,0,0
NBATS322222-BLU,SI,6,23
NBATS322222-PUR,SI,5,3
NBATT322220-BLU,SI,0,0
NBATT322220-BLK3,SI,0,0
NBATT322220-BLK2,SI,0,12
NBATT322220-BLK1,SI,3,0
NBATT322220-BLK,SI,1,0
NBATT322220-YEL,SI,1,0
NBAWR322201-RED,SI,0,0
NBAWR322201-PUR,SI,0,0
NBAWR322201-GRY,SI,0,0
NBAWR322201-BLU,SI,0,0
NBAWR322201-BLK,SI,0,0
NBATT322202-YEL,SI,0,23
NBATT322202-BLK3,SI,0,0
NBATT322202-BLK2,SI,0,0
NBATT322202-BLK1,SI,0,0
NBATT322202-BLK,SI,0,0
NBATS322203-YEL,SI,0,0
NBATS322203-WHT1,SI,0,0
NBATS322203-WHT,SI,0,0
NBATS322203-RED,SI,0,0
NBATS322203-PUR,SI,0,0
NBATS322203-GRY,SI,0,0
NBATS322203-BLU,SI,0,0
NBATS322203-BLK1,SI,0,0
NBATS522230-BLK,SI,0,25
PSGHD323105-NVY,SI,0,0
NBACT623107-BLK,SI,0,18
NBAJS523101-BLU,SI,0,0
NBAJS523101-BLK1,SI,0,0
NBASW523108-BLK1,SI,0,0
NBASW523108-BLK2,SI,0,0
NBASW623105-RED,SI,0,0
NBATS523118-BLK6,SI,0,16
NBATT323101-BLU,SI,0,0
RMHD523101-BLK,SI,0,0
RMHD523101-NVY,SI,0,0
NFLJS322201-BLK1,SI,0,0
NFLJS322201-NVY,SI,0,15
NFLJS322201-BLK,SI,0,0
NFLJS322201-BUR,SI,0,0
NFLJS322201-RED1,SI,0,17
NFLJS322201-RED,SI,0,0
NFLTS322206-YEL,SI,0,0
NFLTS322206-RED2,SI,0,0
NFLTS322206-RED1,SI,0,0
NFLTS322206-RED,SI,0,0
NFLTS322206-NVY,SI,0,0
NFLTS322206-BUR,SI,0,0
NFLTS322206-BLK,SI,0,0
NFLTS322206-AQA,SI,0,0
NFLTS322205-YEL,SI,0,0
NFLTS322205-RED2,SI,0,0
NFLTS322205-RED1,SI,0,22
NFLTS322205-RED,SI,0,0
NFLTS322205-NVY1,SI,0,0
NFLTS322205-NVY,SI,0,19
NFLTS322205-GRY,SI,0,0
NFLTS322205-BUR,SI,0,22
NFLTS322205-BLK7,SI,0,0
NFLTS322205-BLK6,SI,0,0
MLBTS522206-NVY,SI,34,0
MLBHD522207-BLK3,SI,0,17
MLBHD522207-NVY,SI,0,11
MLBHD522207-BLK,SI,3,9
MLBSH522204-BLU,SI,40,0
MLBSH522204-NVY1,SI,42,0
MLBSH522204-NVY,SI,39,0
STFSO522202-GRN,SI,0,0
BCBK522201-BLK,SI,0,0
BCMB522201-BLU,SI,0,0
BCFP522201-BLU,SI,0,0
BCPJ522202-GRY,SI,0,0
BCPJ522201-NVY,SI,0,0
BCSO522202-RED,SI,0,0
BCSO522201-NVY,SI,0,0
BCBX522202-RED,SI,0,0
BCBX522201-NVY,SI,0,0
MLBPJ522204-NVY,SI,0,49
MLBPJ522203-BLU,SI,0,36
MLBSO522204-NVY,SI,0,49
MLBSO522203-GRY,SI,0,41
MLBSO522202-NVY,SI,0,52
MLBSO522201-BLK,SI,1,39
STTS52207-BLK,SI,37,0
STTS52206-BLK,SI,35,0
STTS52203-GRY,SI,37,0
STTS52203-NVY,SI,37,0
MLBFF522202-NVY,SI,0,0
MLBFF522201-NVY,SI,63,0
MLBFF522201-BLU,SI,33,0
MLBFF522201-RED,SI,36,0
MLBSL522201-NVY,SI,70,0
MLBSL522201-BLK,SI,75,0
MLBSL522201-BLU,SI,78,0
JVSB522208-BLK,SI,0,0
JVSB522207-BLK,SI,0,0
JVSB522206-BLK,SI,0,0
JVSB522205-BLK,SI,0,0
JVSB522205-WHT,SI,0,0
JVSB522204-BLK,SI,0,0
JVSB522203-BLK,SI,0,0
JVSB522202-WHT,SI,0,0
JVSB522202-BLK,SI,0,0
JVSB522201-BLK,SI,6,0
JVSB522201-NVY,SI,7,0
BCSB522208-BEI1,SI,2,0
BCSB522207-GRY,SI,9,0
BCSB522206-NVY,SI,44,0
BCSB522205-NVY,SI,13,0
BCSB522204-BLK,SI,1,0
BCSB522204-NVY,SI,0,0
BCSB522203-BLK,SI,33,0
BCSB522202-BEI,SI,1,0
BCSB522201-BLK,SI,30,0
TGSO522202-NVY,SI,0,0
TGSO522201-BLU,SI,0,0
GFBX522201-GRY,SI,0,0
GFBX522201-RED,SI,0,0
GFSO522202-GRY,SI,0,0
GFSO522201-RED,SI,0,0
21287U-LMN,NO,0,0
21272U-LMN,NO,0,0
21287U-LMY,NO,0,0
21297U-LMZ,NO,0,0
66222U-1AP,NO,0,0
LLTS522203-WHT,SI,0,0
MLBBX522223-NVY,SI,0,16
MLBBX522223-NVY1,SI,0,35
BCTS523108-NVY,SI,0,22
BCTS523108-BLK,SI,0,28
BCTS523106-NVY,SI,0,0
BCTS523105-BLK,SI,0,0
BCTS523105-NVY,SI,0,0
BCTS523104-GRY,SI,0,0
JVPL523101-BLK,SI,0,0
JVJS523103-WHT,SI,0,0
MLBSW523104-NVY,SI,0,0
MLBHD523103-BLK,SI,0,0
MLBHD523107-NVY1,SI,0,0
MLBHD523107-NVY,SI,0,0
ACCT62254-BLU,SI,0,0
PCHD522201-LBL,SI,0,0
PCHD522201-BLK2,SI,0,0
PCHD522201-BLK,SI,0,0
PCLS522201-NVY,SI,0,0
PCLS522201-WHT,SI,0,0
PCLS522201-BLK,SI,0,0
PCTS522205-WHT,SI,0,0
PCTS522205-BLK,SI,0,0
PCTS522204-NVY,SI,0,0
PCTS522204-BLK,SI,0,0
PCTS522204-WHT,SI,0,0
PCTS522203-GRY,SI,0,0
PCTS522203-NVY,SI,0,0
PCTS522203-WHT,SI,0,0
PCTS522203-BLK,SI,0,0
PCTS522202-WHT,SI,0,0
PCTS522202-GRY,SI,0,0
PCTS522202-BLU,SI,0,0
PCTS522202-BLK,SI,0,0
PCTS522201-LBL,SI,0,0
PCTS522201-NVY,SI,0,0
PCTS522201-BLK,SI,0,0
CNHD522201-GRY,SI,0,0
CNHD522201-BLK,SI,0,0
CNTS522205-GRY,SI,0,0
CNTS522205-NVY,SI,0,0
CNTS522204-WHT,SI,0,0
CNTS522203-LBL,SI,0,0
CNTS522203-BLK,SI,0,0
CNTS522202-LBL,SI,0,0
CNTS522202-BLK,SI,0,0
CNTS522201-NVY,SI,0,0
CNTS522201-GRY,SI,0,0
FTGTS522204-GRY,SI,0,0
FTGTS522204-WHT,SI,0,0
FTGTS522203-WHT,SI,0,0
FTGTS522203-NVY,SI,0,0
FTGTS522202-BGE,SI,4,0
FTGTS522202-GRY,SI,29,0
FTGTS522201-BLK,SI,0,0
FTGTS522201-RED,SI,0,0
JVSH322201-WHT,SI,1,18
JVPT322202-BLK,SI,0,0
JVPT322201-BLK,SI,0,0
GFPJ522202-GRY,SI,0,0
STFBX522202-NVY,SI,0,0
STFBX522201-BLK,SI,0,0
STFPJ522202-BLK,SI,0,0
STFPJ522201-NVY,SI,0,0
STFSO522201-BLK,SI,0,50
SPRPJ622202-GRN,SI,0,0
SPRPJ622201-LBL,SI,0,0
SMPJ522202-LBL,NO,0,0
SMPJ522201-NVY,NO,0,0
PCSO522202-NVY,SI,0,0
PCSO522201-NVY,SI,0,0
PCBX522202-RED,SI,0,0
PCBX522201-LBL,SI,0,0
PCPJ522202-LBL,SI,0,0
PCPJ522201-NVY,SI,0,0
NASSO522202-BLK,SI,8,35
NASSO522201-NVY,SI,8,45
NASPJ522202-BLU,SI,0,0
NASPJ522201-BLK,SI,0,0
LCPSO522204-BLK,SI,0,0
LCPSO522203-RED,SI,0,0
LCPSO522202-BLK,SI,0,0
LCPSO522201-GRY,SI,0,0
LCPBX522204-BLK,SI,0,0
LCPBX522203-GRY,SI,0,0
LCPBX522202-BLK,SI,0,0
LCPBX522201-NVY,SI,0,0
KISPJ522202-BLK,SI,0,0
KISPJ522201-BLK,SI,0,0
KISBX522202-BLK,SI,0,0
KISBX522201-BLK,SI,0,0
KISSO522202-BLK,SI,0,0
KISSO522201-NVY,SI,0,0
JLPJ622201-GRY,SI,0,0
JLPJ622201-BLK,SI,0,0
ACPJ522201-GRY,SI,0,0
MLBTS522210-BLU,SI,0,0
MLBTS522210-RED,SI,6,0
MLBTS522210-BLK,SI,6,0
MLBTS522210-NVY,SI,20,0
MLBTS522209-GRY,SI,23,0
MLBTS522209-RED,SI,15,0
MLBTS522209-BLK,SI,0,0
MLBTS522209-NVY,SI,6,0
MLBTS322202-NVY,SI,19,0
MLBTS322202-WHT,SI,11,0
UMSH523103-BLK,NO,11,0
UMSH523103-TUR,NO,11,0
UMJS523104-BLK,NO,11,0
UMJS523104-TUR,NO,11,0
BCTS523103-BLK,SI,0,0
BCTS523103-NVY,SI,0,0
BCTS523101-NVY,SI,0,0
MLBCT623107-BLK1,SI,0,0
MLBCT623106-NVY,SI,0,0
MLBCT623106-GRY,SI,0,0
MLBCT623106-BLK,SI,0,0
MLBCT623106-BLK1,SI,0,0
MLBTS623102-GRY,SI,0,0
NFLTS322205-BLK5,SI,0,0
NFLTS322205-BLK4,SI,0,0
NFLTS322205-BLK3,SI,0,22
NFLTS322205-BLK2,SI,0,0
NFLTS322205-BLK1,SI,0,0
NFLTS322205-BLK,SI,0,0
NFLPT322202-BLK7,SI,0,0
NFLPT322202-BLK6,SI,0,0
NFLPT322202-BLK5,SI,0,0
NFLPT322202-BLK4,SI,0,0
NFLPT322202-BLK3,SI,0,0
NFLPT322202-BLK2,SI,0,0
NFLPT322202-BLK1,SI,0,0
NFLPT322202-BLK,SI,0,0
NFLJK322202-BLK7,SI,0,0
NFLJK322202-BLK6,SI,0,0
NFLJK322202-BLK5,SI,0,0
NFLJK322202-BLK4,SI,0,0
NFLJK322202-BLK3,SI,0,0
NFLJK322202-BLK2,SI,0,0
NFLJK322202-BLK1,SI,0,0
NFLJK322202-BLK,SI,0,0
NFLHD322202-RED3,SI,0,0
NFLHD322202-RED2,SI,0,0
NFLHD322202-RED1,SI,0,0
NFLHD322202-RED,SI,0,0
NFLHD322202-NVY,SI,0,0
NFLHD322202-GRY,SI,0,0
NFLHD322202-BLK2,SI,0,0
NFLHD322202-BLK1,SI,0,0
NFLHD322202-BLK,SI,0,0
NBATS623107-GRY,SI,0,0
NBAHD523115-BLK1,SI,0,19
PSGHD323105-BLK,SI,0,35
NFLTS523107-NVY,SI,0,0
NBAHD623108-BLK,SI,0,0
NBAHD523115-BLU,SI,0,0
NBAJS523101-BLK,SI,0,0
NBAHD523112-BLK3,SI,0,15
NBATS322203-BLK,SI,0,0
NBATS322202-YEL,SI,0,0
NBATS322202-WHT2,SI,0,0
RMHD523104-NVY,SI,0,0
RMHD523104-GRY,SI,0,0
RMHD523104-BLK,SI,0,0
RMTS523112-BLK,SI,0,0
RMTT523101-NVY,SI,0,0
RMTT523101-BLK,SI,0,0
RMJS523101-WHT,SI,0,5
RMPL523102-NVY,SI,0,12
RMLS523103-DGRY,SI,0,0
RMBK523103-NVY,SI,0,0
RMBK523103-BLK,SI,0,63
RMMB523101-BLK,SI,0,0
RMTS523107-NVY,SI,0,0
RMTS523107-BLK,SI,0,0
RMSH523102-NVY,SI,0,5
RMPT523102-NVY,SI,0,5
RMJK523102-BLU,SI,0,3
RMSH523103-NVY,SI,0,2
RMSH523103-BLK,SI,0,0
RMJK523102-GRY,SI,0,0
RMTS523107-DGRY,SI,0,0
RMJS523106-WHT,SI,0,0
RMJS523105-NVY,SI,0,4
RMJS523105-WHT,SI,0,6
RMSH523101-BLK,SI,0,6
RMPT523101-BLK,SI,0,19
RMTS523106-WHT,SI,0,0
RMTS523106-BLK,SI,0,0
RMLS323104-NVY,SI,0,0
RMLS323101-BLU,SI,0,25
TOPHD5231005-GRY,SI,0,0
TOPTS5231001-NVY,SI,0,0
TOPTS5231002-GRY,SI,0,0
TOPTS5231003-GRN,SI,0,0
GYTS5231001-GRN,SI,0,0
NBASW322201-GRY1,SI,0,0
NBASW322201-GRY,SI,0,0
NBASW322201-BLU,SI,0,0
NBASW322201-BLK2,SI,0,0
NBASW322201-BLK1,SI,0,0
NBASW322201-BLK,SI,0,0
NBASH322204-YEL,SI,0,0
NBASH322204-BLK3,SI,0,0
NBASH322204-BLK2,SI,0,20
NBASH322204-BLK1,SI,0,13
NBASH322204-BLK,SI,0,6
NBALS322201-RED,SI,0,0
NBALS322201-PUR,SI,0,0
NBALS322201-GRY,SI,0,0
NBALS322201-BLU,SI,0,0
NBALS322201-BLK2,SI,0,0
NBALS322201-BLK1,SI,0,0
NBALS322201-BLK,SI,0,0
NBAJK322203-GRY2,SI,0,0
NBAJK322203-GRY1,SI,0,0
NBAJK322203-GRY,SI,0,0
NBAJK322203-BLK2,SI,0,0
NBAJK322203-BLK1,SI,0,0
NBAJK322203-BLK,SI,0,0
NBAJK322202-RED,SI,0,0
NBAJK322202-PUR,SI,0,0
NBAJK322202-BUR,SI,0,0
NBAJK322202-BLK2,SI,0,0
NBAJK322202-BLK1,SI,0,0
NBAJK322202-BLK,SI,0,0
NBAJK322201-PUR,SI,0,0
NBAJK322201-GRY,SI,0,0
NBAJK322201-BUR,SI,0,0
NBAJK322201-BLK1,SI,0,0
NBAJK322201-BLK,SI,0,0
NBAHD322206-WHT,SI,0,0
NBAHD322206-RED,SI,0,0
NBAHD322206-PUR,SI,0,0
NBAHD322206-GRY2,SI,0,0
NBAHD322206-GRY,SI,0,0
NBAHD322206-BLK2,SI,0,0
NBAHD322206-BLK,SI,0,0
NBAHD322203-RED,SI,0,0
NBAHD322203-GRY,SI,0,0
NBAHD322203-BLK2,SI,0,0
NBAHD322203-BLK1,SI,0,0
NBAHD322203-BLK,SI,0,0
NBATT322210-ORG,SI,0,0
NBATT322210-GRN,SI,0,0
NBATT322210-GRY,SI,0,0
NBATT322210-YEL,SI,0,0
NBATT322210-RED,SI,0,0
NBAHD322213-BLK6,SI,0,0
NBAHD322213-BLK5,SI,0,0
NBAHD322213-BLK4,SI,0,0
NBAHD322213-BLK3,SI,0,0
NBAHD322213-BLK2,SI,0,0
NBAHD322213-BLK1,SI,0,0
NBAHD322213-BLK,SI,0,0
NBASW322213-PUR,SI,0,0
NBASW322213-GRN,SI,0,0
NBASW322213-GRY,SI,0,0
NBASW322213-YEL,SI,0,0
NBASW322213-RED,SI,0,0
NBATS322215-BLK4,SI,0,0
NBATS322215-BLK3,SI,0,12
NBATS322215-BLK2,SI,0,0
NBATS322215-BLK1,SI,0,7
NBATS322215-RED,SI,0,0
NBATS322215-BLK,SI,0,6
NBATS322214-BUR,SI,0,0
NBATS322214-BLK4,SI,0,0
NBATS322214-PUR1,SI,0,0
NBATS322214-BLK3,SI,0,0
NBATS322214-WHT,SI,0,0
NBATS322214-BLK2,SI,0,0
NBATS322214-PUR,SI,0,0
NBATS322214-BLK1,SI,0,0
NBATS322214-RED,SI,0,0
NBATS322214-BLK,SI,0,0
NBAJK322210-BLK3,SI,0,0
NBAJK322210-BLK2,SI,0,0
NBAJK322210-BLK1,SI,0,0
NBAJK322210-PUR,SI,0,0
NBAJK322210-BLK,SI,0,0
NBAHD322210-BLK1,SI,0,0
NBAHD322210-BLU,SI,0,0
NBAHD322210-GRN,SI,0,0
NBAHD322210-BLK,SI,0,0
NBAHD322210-PUR,SI,0,0
NBAHD322210-RED,SI,0,0
NBASHD322210-PUR1,SI,0,0
NBASHD322210-GRN,SI,0,0
NBASHD322210-BLK,SI,0,0
NBASHD322210-PUR,SI,0,0
NBASHD322210-RED,SI,0,0
NBASW322210-BLK4,SI,0,0
NBASW322210-BLK3,SI,0,0
NBASW322210-BLK2,SI,0,0
NBATS322202-WHT1,SI,15,0
NBATS322202-WHT,SI,0,0
NBATS322202-RED,SI,1,0
NBATS322202-PUR1,SI,0,0
NBATS322202-PUR,SI,0,0
NBATS322202-ORG,SI,0,0
NBATS322202-LHB,SI,0,0
NBATS322202-GRY,SI,0,0
NBATS322202-BLK2,SI,1,0
NBATS322202-BLK1,SI,0,0
NBATS322202-BLK,SI,0,0
NBASW322202-RED,SI,0,0
NBASW322202-PUR,SI,0,0
NBASW322202-GRY,SI,0,0
NBASW322202-BUR,SI,0,0
NBASW322202-BLK4,SI,0,0
NBASW322202-BLK3,SI,0,0
NBASW322202-BLK2,SI,0,0
NBASW322202-BLK1,SI,0,0
NBASW322202-BLK,SI,0,0
NBASW322201-PUR,SI,0,0
NBATS321000-PUR2,SI,0,25
RMCA523103-WHT,SI,0,0
RMCA523103-NVY,SI,0,2
RMTS523108-WHT,SI,0,0
RMCA523103-GRY,SI,0,2
RMCA523102-NVY,SI,0,0
RMPL523101-NVY,SI,0,0
PFLTS622202-WHT,SI,0,0
PFLTS622202-BLK,SI,21,0
PFLHD622202-GRY,SI,0,0
PFLHD622202-BLK,SI,0,0
PFLCT622204-NVY,SI,0,0
PFLCT622204-BLK,SI,2,0
PFLTS622201-BLK,SI,0,0
PFLTS622201-WHT,SI,0,0
PFLCT622203-GRY,SI,0,0
PFLCT622203-WHT,SI,0,0
PFLHD622201-BLK,SI,0,0
PFLCT622202-BLK,SI,4,0
PFLCT622202-LBL,SI,0,0
PFLCT622201-NVY,SI,0,0
PFLCT622201-BLK,SI,10,0
PFLTS522206-GRY,SI,0,0
PFLTS522206-WHT,SI,0,0
PFLTS522205-GRY,SI,0,0
PFLTS522205-BLK,SI,0,0
PFLTS522204-WHT,SI,0,0
PFLTS522204-BLK,SI,0,0
PFLTS522203-GRY,SI,3,0
PFLTS522203-BLK,SI,25,0
PFLHD522202-BLK,SI,0,0
PFLHD522202-NVY,SI,0,0
PFLTS522202-BLK,SI,0,0
PFLTS522202-GRY,SI,32,0
PFLHD522201-NVY,SI,0,0
PFLHD522201-BLK,SI,0,0
PFLLS522201-NVY,SI,0,0
PFLLS522201-BLK,SI,0,0
PWHD522201-GRY,SI,0,0
PWHD522201-BLK,SI,0,0
PWTS522202-NVY,SI,0,0
PWTS522202-GRY,SI,0,0
PWTS522201-WHT,SI,0,0
PWTS522201-BLK,SI,0,0
PWTS522201-BLU,SI,0,0
PSGJS52207-GRY,SI,1,5
PSGJS52206-BLK,SI,0,0
PSGJS52205-BLU,NO,0,0
PSGJS52204-BLK,SI,0,0
PSGJS52203-GRY,SI,6,0
PSGJS52202-NVY,SI,10,9
PSGTS52217-BLK4,SI,0,0
PSGTS52217-BLK3,SI,0,0
PSGTS52217-BLK2,SI,0,0
PSGTS52217-BLK1,SI,0,0
PSGTS52217-BLK,SI,0,0
PSGTS52217-WHT4,SI,0,0
PSGTS52217-WHT3,SI,0,0
PSGTS52217-WHT2,SI,2,0
PSGTS52217-WHT1,SI,0,0
PSGTS52217-WHT,SI,0,0
PSGTS52217-BLU4,SI,0,0
PSGTS52217-BLU3,SI,0,0
PSGTS52217-BLU2,SI,8,0
PSGTS52217-BLU1,SI,0,0
PSGTS52217-BLU,SI,0,0
PSGTS52216-BLK4,SI,0,0
PSGTS52216-BLK3,SI,0,0
PSGTS52216-BLK2,SI,0,0
PSGTS52216-BLK1,SI,0,0
PSGTS52216-BLK,SI,0,0
PSGTS52216-BLU4,SI,0,0
PSGTS52216-BLU3,SI,0,0
PSGTS52216-BLU2,SI,0,0
PSGTS52216-BLU1,SI,0,0
PSGTS52216-BLU,SI,0,0
PSGTS52216-WHT4,SI,0,0
PSGTS52216-WHT3,SI,0,0
PSGTS52216-WHT2,SI,0,0
PSGTS52216-WHT1,SI,0,0
PSGTS52216-WHT,SI,0,0
PSGTS52215-BLU4,SI,0,0
PSGTS52215-BLU3,SI,0,0
PSGTS52215-BLU2,SI,0,0
PSGTS52215-BLU1,SI,0,0
PSGTS52215-BLU,SI,0,0
PSGTS52214-BLK4,SI,0,0
PSGTS52214-BLK3,SI,0,0
PSGTS52214-BLK2,SI,0,0
PSGTS52214-BLK1,SI,0,0
PSGTS52214-BLK,SI,0,0
PSGTS52214-BLU4,SI,0,0
PSGTS52214-BLU3,SI,0,0
PSGTS52214-BLU2,SI,0,0
PSGTS52214-BLU1,SI,0,0
PSGTS52214-BLU,SI,0,0
PSGTS52213-BLK4,SI,0,0
PSGTS52213-BLK3,SI,0,0
PSGTS52213-BLK1,SI,0,0
PSGTS52213-WHT4,SI,0,0
PSGTS52213-WHT3,SI,0,0
PSGTS52213-WHT2,SI,0,0
PSGTS52213-WHT1,SI,0,0
PSGTS52213-WHT,SI,0,0
PSGTS52213-NVY4,SI,0,0
PSGTS52213-NVY3,SI,0,0
PSGTS52213-NVY2,SI,0,0
PSGTS52213-NVY1,SI,0,0
PSGTS52213-NVY,SI,0,0
PSGTS52212-BLU4,SI,0,0
PSGTS52212-BLU3,SI,0,0
PSGTS52212-BLK4,SI,0,0
PSGTS52212-BLK3,SI,0,0
PSGTS52212-BLK2,SI,0,0
PSGTS52212-BLK,SI,12,0
PSGTS52211-BLU4,SI,0,0
PSGTS52211-BLU3,SI,0,0
PSGTS52211-BLU2,SI,0,0
PSGTS52211-BLU,SI,0,0
PSGTS52211-WHT4,SI,0,0
PSGTS52211-WHT3,SI,0,0
PSGTS52211-WHT2,SI,0,0
PSGTS52211-WHT1,SI,10,0
PSGTS52211-WHT,SI,0,0
PSGTS52211-BLK4,SI,0,0
PSGTS52211-BLK3,SI,0,0
PSGTS52211-BLK2,SI,13,0
PSGTS52211-BLK1,SI,15,0
PSGTS52211-BLK,SI,14,0
PSGSH52201-BLK,SI,5,1
PSGTT52202-BLK,SI,11,1
PSGHD52203-BLK,SI,5,0
PSGJP52204-BLK,SI,2,0
PSGJP52204-NVY,SI,3,0
PSGTS52210-WHT,SI,0,0
PSGTS52210-BLU,SI,0,0
PSGTS52210-BLK,SI,0,0
PSGJP52203-BLK1,SI,0,0
PSGJP52203-BLK,SI,0,0
PSGJP52203-NVY,SI,0,0
PSGSW52205-WHT,SI,0,0
PSGSW52205-BLK,SI,0,0
PSGSW52205-NVY,SI,19,0
PSGTS52209-WHT,SI,0,0
PSGTS52209-NVY,SI,7,0
PSGTS52209-BLK,SI,8,0
PSGSW52204-GRY,SI,0,0
PSGSW52204-NVY,SI,0,0
PSGSW52204-BLK,SI,0,0
PSGSW52203-BUR,SI,0,0
PSGSW52203-GRY,SI,0,0
PSGSW52203-BLU,SI,0,0
PSGJP52202-BLK,SI,0,0
PSGJP52202-NVY,SI,0,0
PSGJP52201-BLK,SI,20,0
PSGJP52201-BLU,SI,1,0
PSGTT52201-BLU,SI,10,0
PSGTT52201-WHT,SI,8,0
PSGHD52202-GRY,SI,0,0
PSGHD52202-NVY,SI,2,0
PSGHD52201-BLK,SI,0,0
PSGHD52201-BLU,SI,0,0
PSGTS52208-BLU,SI,0,0
PSGTS52208-WHT,SI,0,0
PSGTS52208-BLK,SI,0,0
PSGTS52207-WHT,SI,0,0
PSGTS52207-BLU,SI,0,0
PSGTS52207-BLK,SI,0,0
PSGTS52206-GRY,SI,0,0
PSGTS52206-NVY,SI,0,0
PSGTS52206-BLK,SI,0,0
PSGTS52205-BLK,SI,0,0
PSGTS52205-BLU,SI,0,0
PSGTS52205-WHT,SI,0,0
PSGSW52202-WHT,SI,0,0
PSGSW52202-GRY,SI,0,0
PSGSW52202-BLU,SI,0,0
PSGSW52201-WHT,SI,0,0
PSGSW52201-BLU,SI,0,0
PSGSW52201-BLK,SI,0,0
PSGTS52203-BLK,SI,0,0
PSGTS52203-NVY,SI,3,74
PSGTS52203-WHT,SI,9,59
PSGTS52202-GRY,SI,0,0
PSGTS52201-BLK,SI,0,0
PSGTS52201-NVY,SI,8,0
PSGJS52201-BLK,SI,8,23
PSGJS52201-WHT,SI,2,0
PSGJS52201-BLU,SI,1,11
NBASH622210-BLK2,SI,0,0
NBASH622210-BLK1,SI,0,0
NBASH622210-BLK,SI,1,26
NBASH622210-RED,SI,16,23
NBACT622211-GRY2,SI,0,0
NBACT622211-WHT1,SI,0,0
NBACT622211-GRY1,SI,0,0
NBACT622211-WHT,SI,0,0
NBACT622211-GRY,SI,0,0
NBALS622210-BLK,SI,0,0
NBALS622210-PUR,SI,0,0
NBALS622210-GRN,SI,0,0
NBALS622210-RED,SI,0,0
NBATS622213-BLK1,SI,0,0
NBATS622213-GRN,SI,0,0
NBATS622213-WHT,SI,3,26
NBATS622213-BLK,SI,2,26
NBACT622210-WHT3,SI,0,0
NBACT622210-WHT2,SI,0,0
NBACT622210-WHT1,SI,15,15
NBACT622210-WHT,SI,1,14
NBACJK622210-BLK3,SI,0,0
NBACJK622210-BLK2,SI,0,0
NBACJK622210-BLK1,SI,0,0
NBACJK622210-BLK,SI,0,0
NBATS622212-BUR,SI,0,0
NBATS622212-WHT,SI,0,0
NBATS622212-BLK2,SI,0,0
NBATS622212-BLK1,SI,2,21
NBATS622212-BLK,SI,2,21
NBATS622211-GRN,SI,0,0
NBATS622211-BLK1,SI,0,0
NBATS622211-WHT,SI,0,0
NBATS622211-BLK,SI,0,0
NBAHD622210-BLK1,SI,0,0
NBAHD622210-BLK,SI,0,0
NBAHD622210-GRN1,SI,0,0
NBAHD622210-GRN,SI,0,0
NBAHD622210-YLW,SI,0,0
NBAHD622210-PUR,SI,0,0
NBASB52273-RED,NO,0,0
NBATS622202-YLW,SI,12,0
NBATS622202-ORG,SI,0,0
NBATS622202-NVY1,SI,0,0
NBATS622202-NVY,SI,6,0
NBATS622202-LIL,SI,13,0
NBATS622202-LHB,SI,0,15
NBATS622202-GRY,SI,0,0
NBATS622201-GRN,SI,0,0
NBATS622201-BLK2,SI,0,0
NBATS622201-BLK1,SI,0,0
NBATS622201-BLK,SI,0,0
NBASW622201-RED,SI,0,0
NBASW622201-PUR,SI,0,0
NBASW622201-GRN,SI,0,0
NBASW622201-BLU,SI,0,0
NBASW622201-BLK,SI,0,0
NBASH622202-RED,SI,0,0
NBASH622202-PUR,SI,0,0
NBASH622202-BLK1,SI,0,0
NBASH622202-BLK,SI,0,0
NBASH622201-GRN,SI,0,0
NBASH622201-BLK2,SI,0,0
NBASH622201-BLK1,SI,0,0
NBASH622201-BLK,SI,0,0
NBALG622201-RED,SI,0,0
NBALG622201-PUR,SI,0,0
NBALG622201-BLK1,SI,0,0
NBALG622201-BLK,SI,0,0
NBAHD622201-RED,SI,0,0
NBAHD622201-PUR,SI,0,0
NBAHD622201-GRY,SI,0,0
NBAHD622201-BLK1,SI,0,0
NBAHD622201-BLK,SI,0,0
NBACT622201-RED,SI,15,0
NBACT622201-PUR,SI,18,7
NBACT622201-BLK1,SI,0,27
NBACT622201-BLK,SI,0,0
NBACJK622202-RED,SI,0,18
NBACJK622202-PUR,SI,0,0
NBACJK622202-GRN,SI,0,0
MLBTS623102-GRY1,SI,0,0
MLBTS623102-BLK,SI,0,0
MLBTS623102-RED,SI,0,0
JVMB523101-BLK,SI,0,0
JVMB523101-GRY,SI,0,0
JVDB523102-GRY,SI,0,0
JVHD322201-BLK,SI,0,0
JVJS322204-BLK,SI,0,0
JVJS322203-BLK,SI,0,0
JVJS322202-WHT,SI,0,14
JVJS322201-BLK,SI,0,1
JVTS322205-BLK,SI,0,0
JVTS322204-NVY,SI,0,0
JVTS322203-WHT,SI,0,0
JVTS322202-BLK,SI,0,20
JVTS322201-BLK,SI,0,0
JVTS322201-NVY,SI,0,0
ROCBX22202-GRY,SI,0,0
ROCBX22201-NVY,SI,0,0
ROCSO522202-LBL,SI,0,0
ROCSO522201-NVY,SI,0,0
ROCPJ522202-GRY,SI,0,0
ROCPJ522201-BLK,SI,0,0
CNSO522202-NVY,SI,0,37
CNSO522201-LBL,SI,0,29
CNPJ522202-GRY,SI,0,0
CNPJ522201-NVY,SI,0,0
CNBX522202-NVY,SI,0,0
CNBX522201-GRY,SI,0,0
ATRPJ622202-PNK,SI,0,0
ATRPJ622201-NVY,SI,0,0
ATRPJ522202-GRY,SI,0,0
ATRPJ522201-BLK,SI,0,0
ATRBX522202-NVY,SI,0,0
ATRBX522201-BLU,SI,0,0
ATRSO522202-BLK,SI,0,0
ATRSO522201-BLU,SI,0,0
ANCPJ522204-NVY,SI,0,0
ANCPJ522203-NVY,SI,0,0
ANCPJ522202-BLK,SI,0,0
ANCPJ522201-BLK,SI,0,0
ANCSO522202-BLK,SI,0,0
ANCSO522201-BUR,SI,0,0
ANCBX522202-BLU,SI,0,0
ANCBX522201-BLK,SI,0,0
ACPJ522202-BLK,SI,4,32
ACSO522202-GRY,SI,0,0
ACSO522201-BLK,NO,0,0
ACBX522202-RED,SI,0,0
ACBX522201-GRY,SI,2,21
MLBTS523103-BLK1,SI,0,0
UMJS523101-BLK,NO,0,0
UMJS523101-NVY,NO,0,0
UMJK523101-BLK,NO,0,0
UMJS523102-BLK,NO,0,0
UMJS523102-NVY,NO,0,0
21316U-LMN,NO,0,0
66222U-LKL,NO,0,0
21274U-LMN,NO,0,0
21288U-LMN,NO,0,0
21288U-LMY,NO,0,0
66223U-1AP,NO,0,0
21298U-LMZ,NO,0,0
21317U-LMN,NO,0,0
66231U-LL4,NO,0,0
66231U-LL5,NO,0,0
21253U-LN5,NO,0,0
21309U-CBK,NO,0,0
21255U-LN5,NO,0,0
MLBTS520200-BLK5,SI,0,32
BCTS523102-NVY,SI,0,8
BCSH523103-NVY,SI,0,6
BCTS523101-BLK,SI,0,0
BCSH523104-NVY,SI,0,0
KRNCT6231002-DGRY,SI,0,0
GRDTS5231002-DGRY,SI,0,0
KISHD5231006-BLK,SI,0,0
KISHD5231007-BEI,SI,0,0
KISSW5231005-DGRY,SI,0,0
KISTS5231002-BEI,SI,0,0
KISTS5231003-BEI,SI,0,0
ATRTS622202-WHT,SI,0,0
ATRTS622202-NVY,SI,0,0
TPCHD522201-NVY,SI,0,0
TPCHD522201-BLK,SI,0,0
TPCLS522202-BLK,SI,0,0
TPCLS522202-GRY,SI,0,0
TPCLS522201-NVY,SI,0,0
TPCLS522201-GRY,SI,0,0
TPCLS522201-BLK,SI,0,0
TPCTS522204-NVY,SI,0,0
TPCTS522204-GRY,SI,0,0
TPCTS522204-BLK,SI,0,0
TPCTS522201-NVY,SI,0,0
TPCTS522201-GRY,SI,0,0
TPCTS522201-BLK,SI,0,0
KISLS522202-GRY,SI,0,0
JVPT522203-BLK,SI,0,0
JVPT522202-BLK,SI,14,0
JVPT522201-BLK,SI,0,0
BCTS522206-NVY,SI,0,0
BCLS522202-BEI,SI,0,0
MLBPT522209-BLK,SI,43,0
ACTS522205-GRY,SI,0,0
MLBPT522208-BLK1,SI,17,0
MLBPT522208-BLK,SI,17,0
MLBPT522208-BLU,SI,16,0
MLBHD522206-WHT,SI,16,0
MLBPT522206-NVY1,SI,12,0
MLBPT522206-BLK,SI,18,0
MLBPT522206-BLU,SI,12,0
MLBPT522206-NVY,SI,10,0
MLBHD522205-BLU,SI,12,0
MLBHD522205-BLK,SI,17,0
MLBHD522205-NVY1,SI,13,0
MLBHD522205-NVY,SI,19,0
MLBSW522203-WHT,SI,13,0
MLBSH522205-NVY1,SI,26,0
MLBSH522205-BLU,SI,39,0
MLBSH522205-NVY,SI,31,0
MLBTS522207-BLU,SI,26,1
MLBTS522207-RED,SI,22,5
MLBTS522207-GRY,SI,43,0
MLBTS522207-NVY,SI,32,6
TPCTS522203-NVY,SI,0,0
TPCTS522203-BLK,SI,0,0
TPCTS522202-NVY,SI,0,0
TPCTS522202-WHT,SI,0,0
TPCTS522202-GRY,SI,0,0
GFTS522214-BLU,SI,0,0
GFTS522214-WHT,SI,0,0
GFTS522213-BLK,SI,0,0
GFHD522202-BLK,SI,0,0
GFTS522212-BLK,SI,0,0
GFTS522212-BGE,SI,0,0
GFTS522211-WHT,SI,0,0
GFTS522209-BLK,SI,15,0
GFTS522207-BLU,SI,0,0
GFTS522207-BLK,SI,0,0
GFJK522201-BLK,SI,0,0
GFHD522201-BLK,SI,0,0
GFTT522201-BLK,SI,0,0
GFJS522201-BLK,SI,0,0
GFTS522206-BLK,SI,0,0
GFTS522205-BLK,SI,0,0
GFTS522204-BLK,SI,0,0
GFTS522203-BLK,SI,0,0
GFTS522202-BLK,SI,0,0
GFTS522201-BLK,SI,0,0
LCPPT622203-GRY,SI,0,0
LCPPT622203-BLK,SI,0,0
LCPPT622202-GRY,SI,0,0
LCPPT622202-BLK,SI,0,0
LCPPT622201-NVY,SI,0,0
LCPPT622201-BLK,SI,0,0
LCPTT622201-RED,SI,0,0
LCPTT622201-PNK,SI,0,0
LCPTS622201-PNK,SI,42,0
LCPTS622201-LBL,SI,36,0
LCPTS622201-BLK,SI,32,0
MLBHD622212-BLU,SI,30,0
MLBTT622211-RED,SI,27,0
MLBTT622211-WHT,SI,6,0
MLBTT622211-NVY,SI,1,0
MLBTS622211-GRY,SI,18,0
MLBTS622211-PNK,SI,4,0
MLBTS622211-WHT,SI,0,0
MLBCT622211-BLK,SI,23,0
MLBCT622211-WHT1,SI,16,0
MLBCT622211-GRY,SI,11,0
MLBCT622211-WHT,SI,0,0
MLBTS622210-LHB1,SI,26,0
MLBTS622210-NVY,SI,24,0
MLBTS622210-LHB,SI,25,0
MLBTS622210-WHT,SI,5,0
MLBPT622210-NVY,SI,8,26
MLBSBR622210-NVY,SI,11,22
MLBSH622201-LHB,SI,1,11
MLBSH622201-RED,SI,1,0
MLBSH622201-AQA,SI,1,11
MLBSH622201-BLU,SI,1,0
MLBSH622201-BLK,SI,1,0
MLBPT622202-GRY,SI,6,0
MLBPT622202-NVY,SI,6,0
MLBPT622202-BLK,SI,3,0
MLBPT622201-NVY,SI,33,0
MLBPT622201-BLK,SI,28,0
MLBPT622201-GRY,SI,34,0
MLBSBR622201-BLK,SI,9,25
MLBCT622201-WHT,SI,5,18
MLBSW622201-NVY,SI,0,0
MLBSW622201-BLU,SI,0,0
MLBSW622201-BLK,SI,0,0
MLBSW622201-GRY,SI,0,0
MLBTS622202-NVY1,SI,0,0
MLBTS622202-BLU,SI,0,0
MLBTS622202-NVY,SI,0,0
MLBTS622202-GRY,SI,0,0
MLBTS622201-NVY,SI,11,0
MLBTS622201-WHT2,SI,12,0
MLBTS622201-BLU,SI,11,0
MLBTS622201-WHT1,SI,11,0
MLBTS622201-BLK,SI,19,0
UMJS523102-GRY,NO,19,0
UMSH523101-NVY,NO,19,0
BCTS523109-NVY,SI,0,4
BCTS523109-BUR,SI,0,0
BCTS523108-BUR,SI,0,14
BCTS523102-BLK,SI,0,8
BCSH523103-BLK,SI,0,0
BCPT523102-NVY,SI,0,0
LCPTS522208-RED,SI,0,0
LCPTS522207-BLK,SI,0,0
LCPTS522207-WHT,SI,0,0
LCPTS522206-BLK,SI,43,0
LCPTS522205-GRY,SI,0,0
LCPTS522205-WHT,SI,0,0
LCPTS522204-GRY,SI,33,0
LCPTS522204-RED,SI,34,0
LCPTS522203-LBL,SI,0,0
LCPTS522203-BLK,SI,0,0
LCPTS522202-BLU,SI,0,0
LCPTS522202-WHT,SI,37,0
LCPTS522201-GRY,SI,38,0
LCPTS522201-WHT,SI,33,0
LCPTS522201-BLK,SI,33,0
LCPTT52201-BLK,SI,0,0
SLCT622203-BLK,SI,0,0
SLCT622202-WHT,SI,0,0
SLCT622202-BLK,SI,0,0
SLCT622201-GRY,SI,0,0
SLCT622201-BLK,SI,0,0
MLBHD522204-BLK1,SI,0,15
LLTS622202-BLK,SI,0,0
LLTS522206-BLU,SI,0,0
LLTS522206-BLK,SI,15,0
OLHJS62202-WHT,NO,15,0
LLTS522205-GRN,SI,0,0
OLHJS62201-RED,NO,0,0
LLTS522205-NVY,SI,0,0
OLHJS62204-BLK,NO,0,0
LLTS522205-BLK,SI,0,0
LLTS522202-LBL,SI,37,0
MUNJS32202-RED,NO,37,0
LLTS522202-BLK,SI,38,0
OLHJS52202B-WHT,NO,38,0
OLHJS32202-WHT,NO,38,0
OLHJS32201-RED,NO,38,0
KISTT622201-GRY,SI,0,0
KISHD622201-GRY,SI,0,0
KISTS622203-GRY,SI,14,0
KISTS622203-BLK,SI,14,0
KISTS622202-BLK,SI,0,0
KISTS622201-PUR,SI,0,0
KISTS622201-BLK,SI,14,0
KISCT622202-WHT,SI,15,0
KISCT622202-LBL,SI,0,0
KISCT622202-MNT,SI,0,0
KISCT622201-WHT,SI,0,0
KISCT622201-BLK,SI,19,0
KISLS522201-BLK,SI,0,0
KISTS522204-BLK,SI,33,0
KISTS522203-GRY,SI,0,0
KISTS522202-BLK,NO,0,0
KISTS522201-MNT,SI,4,0
KISTS522201-BLK,SI,4,0
STFCT622201-GRN,SI,0,0
STFTS622201-GRN,SI,0,0
STFHD522201-BLK,SI,0,0
STFTS522205-LBL,SI,0,0
MLBTS622201-WHT,SI,19,0
ROCTS522203-BLK,SI,0,0
ROCTS522203-RED,SI,0,0
ROCTS522202-BLK,SI,0,0
ROCTS522202-WHT,SI,0,0
ROCTS522201-GRY,SI,42,0
ROCTS522201-BLK,SI,0,0
NASHD622202-BLK,SI,0,0
NASCT622203-WHT,SI,0,0
NASCT622203-BLK,SI,28,0
NASHD622201-WHT,SI,0,0
NASHD622201-BLK,SI,0,0
NASCT622202-WHT,SI,32,0
NASCT622202-BLK,SI,28,0
BUDSW622201-BLK,SI,0,0
BUDHD622201-NVY,SI,0,0
BUDTS622203-RED,SI,0,0
BUDTS622202-GRY,SI,9,0
BUDTS622202-RED,SI,0,0
BUDTS622201-NVY,SI,0,0
BUDCT622201-BLK,SI,0,0
BUDCT622201-RED,SI,0,0
NASTS522209-WHT,SI,0,0
NASTS522209-BLK,SI,36,0
NASLS522201-GRY,SI,0,0
NASLS522201-BGE,SI,0,0
NASLS522201-BLK,SI,0,0
NASHD522203-GRY,SI,0,0
NASHD522203-BLU,SI,0,0
NASTS522208-MNT,SI,0,0
NASTS522208-GRY,SI,5,0
NASTS522208-BGE,SI,5,0
NASHD522202-NVY,SI,0,0
NASHD522202-BLK,SI,0,0
NASTS522207-BUR,SI,0,0
NASTS522207-NVY,SI,0,0
NASTS522206-WHT,SI,0,0
NASTS522206-BLU,SI,0,0
NASTS522206-GRY,SI,0,0
NASTS522205-NVY,SI,0,0
NASTS522205-BLK,SI,5,0
NASTS522204-BUR,SI,0,0
NASTS522204-NVY,SI,6,0
NASTS522204-BLK,SI,6,0
NASHD522201-NVY,SI,20,0
NASHD522201-BLK,SI,12,0
NASHD522201-WHT,SI,0,0
NASTS522203-LBL,SI,0,0
NASTS522203-BLK,SI,0,0
NASTS522203-GRY,SI,0,0
NASTS522202-WHT,SI,0,0
NASTS522202-GRY,SI,22,0
NASTS522202-BLK,SI,20,0
NASTS522201-BGE,SI,0,0
NASTS522201-LBL,SI,0,0
NASTS522201-BLK,SI,2,0
LCPSH522204-BLK,SI,0,0
LCPSH522203-GRY,SI,0,0
LCPSH522202-BLK,NO,0,0
LCPSH522201-BLK,SI,0,0
LCPTT522203-BLK,SI,0,0
LCPTT522202-BLK,SI,0,0
LCPLS522204-BLK,SI,0,0
LCPLS522203-BLK,SI,0,0
LCPLS522202-BLK,SI,0,0
LCPLS522202-RED,SI,0,0
LCPLS522201-BLK,SI,0,0
LCPLS522201-NVY,SI,0,0
LCPJP522205-GRY,SI,0,0
LCPJP522204-BLK,SI,0,0
LCPJP522203-NVY,SI,0,0
LCPJP522202-BLK,SI,0,0
LCPJP522202-GRY,SI,0,0
LCPJP522201-BLK,SI,0,0
LCPHD522207-BLK,SI,0,0
LCPHD522206-GRY,SI,0,0
LCPHD522205-BLK,SI,0,0
LCPHD522204-NVY,SI,0,0
LCPHD522203-BLK,SI,0,0
LCPHD522202-BLK,SI,0,0
LCPHD522201-RED,SI,0,0
LCPHD522201-GRY,SI,0,0
LCPHD522201-BLK,SI,0,0
LCPTS522209-RED,SI,0,0
BUDHD522202-NVY,SI,0,0
BUDTS522204-RED,SI,0,0
BUDTS522204-NVY,SI,0,0
BUDLS522201-BUR,SI,0,0
BUDSW522201-NVY,SI,0,0
BUDSW522201-BGE,SI,0,0
BUDTS522203-WHT,SI,0,0
BUDTS522203-BLK,SI,0,0
BUDHD522201-BLK,SI,0,0
BUDHD522201-RED,SI,14,0
BUDTS522202-GRY,SI,8,0
BUDTS522202-BLK,SI,8,0
BUDTS522201-WHT,SI,0,0
BUDTS522201-GRY,SI,0,0
PCHD622202-LBL,SI,0,0
PCHD622202-WHT,SI,0,0
PCHD622202-BLK,SI,0,0
PCHD622201-LBL,SI,0,0
PCHD622201-WHT,SI,0,0
PCHD622201-BLK,SI,0,0
PCSW622201-LBL,SI,0,0
PCSW622201-WHT,SI,0,0
PCSW622201-BLK,SI,0,0
PCCT622201-BUR,SI,0,0
PCCT622201-RED,SI,26,0
PCCT622201-WHT,SI,31,0
PCTS622203-BLK,SI,0,0
PCTS622203-WHT,SI,0,0
PCTS622203-PNK,SI,0,0
PCTS622202-WHT,SI,0,0
PCTS622202-BLK,SI,0,0
PCTS622201-BLK,SI,0,0
PCTS622201-LBL,SI,0,0
PCTS622201-WHT,SI,34,0
CNHD622201-BLU,SI,0,0
CNTS622202-BLU,SI,0,0
CNTS622201-NVY,SI,0,0
CNTS622201-WHT,SI,0,0
CNCT622202-LBL,SI,23,0
CNCT622201-WHT,SI,21,0
ATRHD622201-BLK,SI,0,0
ATRTS622201-BLK,SI,25,0
ATRCT622202-PNK,SI,0,0
ATRCT622202-WHT,SI,0,0
ATRCT622201-BLK,SI,0,0
ATRCT622201-RED,SI,0,0
ACCT622201-GRY,SI,0,0
ACCT622201-BLK,SI,13,0
ACHD622201-GRY,SI,0,0
ACHD622201-BLK,SI,0,0
ACTS622203-BUR,SI,0,0
ACTS622203-WHT,SI,0,0
ACTS622202-BUR,SI,0,0
ACTS622202-GRY,SI,0,0
ACTS622201-BLK,SI,0,0
ACTS622201-PUR,SI,4,0
ACTT622202-PUR,SI,0,0
ACTT622202-BLK,SI,0,0
ACTT622201-GRY,SI,2,0
ACTT622201-BLK,SI,4,0
ANCTS522201-BLK,SI,0,0
ANCTS522201-BLU,SI,0,0
ATRHD522203-BLK,SI,0,0
ATRTS522209-BLK,SI,0,0
ATRTS522209-RED,SI,39,0
ATRTS522208-WHT,SI,0,0
ATRTS522207-BLK,SI,0,0
ATRTS522206-BLK,SI,0,0
ATRHD522202-BLK,SI,0,0
ATRHD522202-BLU,SI,0,0
ATRHD522201-BLK,SI,0,0
ATRLS522202-GRY,SI,0,0
ATRLS522201-BLK,SI,0,0
ATRTS522205-WHT,SI,0,0
ATRTS522204-BLK,SI,37,0
ATRTS522203-WHT,SI,0,0
ATRTS522203-BLK,SI,0,0
ATRTS522202-BLK,SI,0,0
ATRTS522202-BLU,SI,0,0
ATRTS522202-WHT,SI,0,0
ATRTS522201-BLU,SI,0,0
ATRTS522201-BLK,SI,0,0
ACLS522201-NVY,SI,0,0
ACLS522201-GRY,SI,0,0
ACLS522201-BLK,SI,0,0
ACHD522202-BLU,SI,0,0
ACHD522202-GRY,SI,0,0
ACHD522202-BLK,SI,0,0
ACHD522201-NAVY,SI,0,0
ACHD522201-WHT,SI,0,0
ACHD522201-BLK,SI,13,0
ACTS522204-WHT,SI,40,0
ACTS522204-GRY,SI,0,0
ACTS522204-BLK,SI,19,0
ACTS522203-BUR,SI,0,0
ACTS522203-GRY,SI,0,0
ACTS522203-BLK,SI,0,0
ACTS522202-BLU,SI,0,0
ACTS522202-WHT,SI,30,0
ACTS522202-BLK,SI,0,0
ACTS522201-GRY,SI,24,0
ACTS522201-BLK,SI,0,0
MLBHD522204-BLU,SI,0,20
MLBPT522203-BLU,SI,1,0
MLBPT522203-NVY1,SI,1,0
MLBPT522203-NVY,SI,6,0
MLBSW522202-BLU,SI,0,0
MLBSW522202-WHT,SI,12,0
MLBSW522202-NVY,SI,4,0
NBACJK622202-BLK,SI,0,18
NBACJK622201-BLK3,SI,0,0
NBACJK622201-BLK2,SI,0,0
NBACJK622201-BLK1,SI,0,0
NBACJK622201-BLK,SI,0,0
NBACHD622201-RED,SI,0,19
NBACHD622201-PUR,SI,0,0
NBACHD622201-GRN,SI,0,0
NBACHD622201-BLK,SI,0,14
NBALG622229-BLK1,SI,0,0
NBALG622229-BLU,SI,0,0
NBALG622229-BLK,SI,8,20
NBALG622229-PUR,SI,8,25
NBAHD622229-WHT,SI,0,0
NBAHD622229-AQA,SI,0,0
NBAHD622229-LHB,SI,0,0
NBAHD622229-RED,SI,0,0
NBAHD622229-BLK,SI,0,0
NBAHD622229-PUR,SI,1,0
NBALS622229-BLK,SI,0,0
NBALS622229-BLU,SI,0,0
NBALS622229-RED,SI,0,0
NBALS622229-PUR,SI,0,0
NBASW622229-AQA,SI,0,0
NBASW622229-TUR,SI,0,0
NBASW622229-LHB,SI,0,0
NBASW622229-BLU,SI,0,0
NBASW622229-PIN,SI,0,0
NBASW622229-RED,SI,9,24
NBASW622229-LIC,SI,3,25
NBASW622229-PUR,SI,13,19
NBATS622229-BLK3,SI,6,24
NBATS622229-BLK2,SI,0,0
NBATS622229-BLK1,SI,6,20
NBATS622229-BLK,SI,11,19
NBATS622228-WHT,SI,0,0
NBATS622228-BLK,SI,0,0
NBATS622228-RED,SI,4,0
NBATS622228-PUR,SI,4,0
NBATS622223-TUR,SI,0,0
NBATS622223-WHT,SI,0,0
NBATS622223-BLU,SI,0,0
NBASW322210-BLK1,SI,0,0
NBASW322210-RED,SI,0,0
NBASW322210-BLK,SI,0,0
NFLTS522206-YEL,SI,0,0
NFLTS522206-RED2,SI,0,0
NFLTS522206-RED1,SI,7,18
NFLTS522206-RED,SI,0,15
NFLTS522206-NVY,SI,0,0
NFLTS522206-BUR,SI,0,2
NFLTS522206-BLK,SI,0,0
NFLTS522206-AQA,SI,0,0
FIJS322201-WHT8,SI,0,0
FIJS322201-WHT7,SI,0,0
FIJS322201-BLU4,SI,0,0
FIJS322201-WHT6,SI,0,0
FIJS322201-WHT5,SI,0,0
FIJS322201-NVY3,SI,0,0
FIJS322201-BLU3,SI,0,0
FIJS322201-WHT4,SI,0,0
FIJS322201-BLU2,SI,0,0
FIJS322201-RED2,SI,0,0
FIJS322201-RED,SI,0,0
FIJS322201-WHT2,SI,0,0
FIJS322201-NVY2,SI,0,0
FIJS322201-WHT,SI,0,0
FIJS322201-BLK,SI,0,0
FIJS322201-BLU,SI,5,0
FIJS322201-NVY,SI,0,0
TGHD522201-GRY,SI,0,0
TGTS522204-GRY,SI,4,0
TGTS522203-NVY,SI,0,0
TGTS522203-GRY,SI,0,0
TGTS522203-GRN,SI,0,0
TGTS522202-NVY,SI,0,0
TGTS522202-GRN,SI,0,0
TGTS522201-LBL,SI,0,0
TGTS522201-BLK,SI,0,0
SOUHD522203-NVY,SI,0,0
SOUHD522203-BLK,SI,0,0
SOUTS522206-ORG,SI,0,0
SOUTS522205-BLK,SI,0,0
SOUTS522204-BLK,SI,23,0
SOUTS522202-PUR2,SI,0,0
FDTS522204-BLK,SI,9,0
FDHD522201-BLU,SI,0,0
FDHD522201-BLK,SI,14,0
FDTS522203-BLK,SI,0,0
FDTS522203-WHT,SI,6,0
FDTS522201-BLK,SI,0,0
FDTS522201-BLU,SI,3,0
NIRLS522201-NVY,SI,0,0
NIRTS522203-GRN,SI,0,0
NIRTS522203-BLK,SI,0,0
NIRTS522202-GRN,SI,0,0
NIRTS522202-BLK,SI,0,0
NIRTS522201-GRY,SI,0,0
NIRTS522201-BLK,SI,0,0
DFLTS522203-NVY,SI,0,0
DFLTS522203-BLK,SI,27,0
DFLTS522202-BLK,SI,0,0
DFLTS522201-BLK,SI,0,0
SOUCT622202-PNK,SI,0,0
SOUCT622201-AQA,SI,0,0
NIRTS622203-GRY,SI,0,0
NIRTS622203-NVY,SI,0,0
NIRTS622202-GRN,SI,0,0
NIRTS622202-BLK,SI,0,0
NIRTS622201-NVY,SI,0,0
NIRCT622202-BLU,SI,0,0
NIRCT622202-BLK,SI,0,0
NIRCT622201-BLK,SI,0,0
NIRCT622201-BLU,SI,0,0
CCHD522202-GRY,SI,0,0
CCSW522201-BLK,SI,0,0
CCSW522201-RED,SI,0,0
CCTS522206-RED,SI,0,0
CCTS522206-PUR,SI,0,0
CCTS522206-BLK,SI,0,0
CCTS522205-BLK,SI,0,0
CCTS522205-GRY,SI,0,0
CCTS522204-RED,SI,8,0
CCTS522204-GRY,SI,0,0
CCLS522201-NVY,SI,0,0
CCLS522201-BLK,SI,0,0
CCTS522203-BUR,SI,11,0
CCTS522203-BLK,SI,11,0
CCTS522202-GRN,SI,0,0
CCTS522202-BLK,SI,37,0
CCTS522201-NVY,SI,0,0
CCTS522201-BLK,SI,0,0
BABTS522201-GRY,SI,36,0
BABTS522201-BLK,SI,27,0
RMSH522202-BLK,SI,0,0
RMPT522202-GRY,SI,0,0
RMHD522205-GRY,SI,0,0
RMHD522204-BLK,SI,0,0
RMJS522207-BLK,SI,1,0
RMJS522206-GRY,SI,0,0
RMJS522205-WHT,SI,0,0
RMTS522207-GRY,SI,0,0
RMTS522207-LHB,SI,0,0
RMTS522207-WHT,SI,0,0
RMTS522206-WHT,SI,0,0
RMTS522206-GRY,SI,0,0
RMTS522205-WHT,SI,0,0
RMTS522205-BLK,SI,0,0
RMPL522201-BLK,SI,3,4
RMPL522201-WHT,SI,2,3
RMPL522201-NVY,SI,3,3
RMSH522201-WHT,SI,0,1
RMSH522201-NVY,SI,1,0
RMPT522201-GRY,SI,0,0
RMPT522201-NVY,SI,0,1
RMJK522202-BLU,SI,0,9
RMJK522201-GRY,SI,2,0
RMHD522203-GRY,SI,0,0
RMHD522202-NVY,SI,0,0
RMHD522201-BLU,SI,0,0
RMJS522204-LHB,SI,0,0
RMJS522203-BLU,SI,3,0
RMJS522202-BLK,SI,9,1
RMJS522201-WHT,SI,8,1
RMTS522204-LHB,SI,0,0
RMTS522203-BLU,SI,0,0
RMTS522203-WHT,SI,0,0
RMTS522202-GRY,SI,0,0
RMTS522201-GRY,SI,26,0
RMTS522201-NVY,SI,0,0
NFLTS522205-YEL,SI,0,0
NFLTS522205-RED2,SI,0,21
NFLTS522205-RED1,SI,5,10
NFLTS522205-RED,SI,0,12
NFLTS522205-NVY1,SI,0,20
NFLTS522205-NVY,SI,1,0
NFLTS522205-GRY,SI,1,0
NFLTS522205-BUR,SI,0,0
NFLTS522205-BLK7,SI,0,17
NFLTS522205-BLK6,SI,0,0
NFLTS522205-BLK5,SI,10,15
NFLTS522205-BLK4,SI,0,0
NFLTS522205-BLK3,SI,0,0
NFLTS522205-BLK2,SI,0,7
NFLTS522205-BLK1,SI,0,0
NFLTS522205-BLK,SI,0,0
NFLTS522204-BLK7,SI,0,0
NFLTS522204-BLK6,SI,0,0
NFLTS522204-BLK5,SI,0,0
NFLTS522204-BLK4,SI,0,0
NFLTS522204-BLK3,SI,0,27
NFLTS522204-BLK2,SI,0,0
NFLTS522204-BLK1,SI,1,25
NFLTS522204-BLK,SI,0,0
NFLTS522203-WHT7,SI,0,0
NFLTS522203-WHT6,SI,0,0
NFLTS522203-WHT5,SI,0,0
NFLTS522203-WHT4,SI,0,0
NFLTS522203-WHT3,SI,0,0
NFLTS522203-WHT2,SI,0,0
NFLTS522203-WHT1,SI,0,0
NFLTS522203-WHT,SI,0,0
NFLTS522203-BLK7,SI,0,0
NFLTS522203-BLK6,SI,0,0
NFLTS522203-BLK5,SI,0,0
NFLTS522203-BLK4,SI,0,0
NFLTS522203-BLK3,SI,0,0
NFLTS522203-BLK2,SI,0,0
NFLTS522203-BLK1,SI,1,25
NFLTS522203-BLK,SI,1,25
NFLTS522202-BLK7,SI,0,0
NFLTS522202-BLK6,SI,0,0
NFLTS522202-BLK5,SI,0,0
NFLTS522202-BLK4,SI,0,10
NFLTS522202-BLK3,SI,0,20
NFLTS522202-BLK2,SI,0,0
NFLTS522202-BLK1,SI,0,23
NFLTS522202-BLK,SI,0,13
NFLTS522201-GRN7,SI,0,0
NFLTS522201-GRN6,SI,0,0
NFLTS522201-GRN5,SI,0,0
NFLTS522201-GRN4,SI,0,0
NFLTS522201-GRN3,SI,0,0
NFLTS522201-GRN2,SI,0,0
NFLTS522201-GRN1,SI,0,0
NFLTS522201-GRN,SI,0,0
NFLPT522203-BLK7,SI,0,0
NFLPT522203-BLK6,SI,0,0
NFLPT522203-BLK5,SI,0,0
NFLPT522203-BLK4,SI,0,0
NFLPT522203-BLK3,SI,0,0
NFLPT522203-BLK2,SI,0,0
NFLPT522203-BLK1,SI,0,0
NFLPT522203-BLK,SI,0,0
NFLPT522202-BLK7,SI,0,0
NFLPT522202-BLK6,SI,0,0
NFLPT522202-BLK5,SI,0,17
NFLPT522202-BLK4,SI,0,17
NFLPT522202-BLK3,SI,0,17
NFLPT522202-BLK2,SI,0,0
NFLPT522202-BLK1,SI,0,0
NFLPT522202-BLK,SI,0,0
NFLPT522201-GRN3,SI,0,0
NBATS622223-LIC,SI,4,21
NBATS622223-RED,SI,11,0
NBATS622223-LHB,SI,0,25
NBATS622223-PUR,SI,11,0
NBATS622223-YEL,SI,6,0
CCHD522202-NVY,SI,0,0
NBATT522210-ORG,SI,0,0
NBATT522210-GRN,SI,0,0
NBATT522210-GRY,SI,0,0
NBATT522210-YEL,SI,0,7
NBATT522210-RED,SI,0,3
NBAHD522213-BLK6,SI,0,17
NBAHD522213-BLK5,SI,0,0
NBAHD522213-BLK4,SI,0,13
NBAHD522213-BLK3,SI,0,0
NBAHD522213-BLK2,SI,0,15
NBAHD522213-BLK1,SI,0,0
NBAHD522213-BLK,SI,0,0
NBASW522213-PUR,SI,0,0
NBASW522213-GRN,SI,0,0
NBASW522213-GRY,SI,1,14
NBASW522213-YEL,SI,0,23
NBASW522213-RED,SI,2,0
NBATS522215-BLK4,SI,0,0
NBATS522215-BLK3,SI,0,11
NBATS522215-BLK2,SI,0,0
NBATS522215-BLK1,SI,0,0
NBATS522215-RED,SI,0,0
NBATS522214-BUR,SI,0,0
NBATS522214-BLK4,SI,0,0
NBATS522214-PUR1,SI,0,0
NBATS522214-BLK3,SI,0,0
NBATS522214-WHT,SI,0,0
NBATS522214-BLK2,SI,0,0
NBATS522214-PUR,SI,1,0
NBATS522214-BLK1,SI,2,0
NBATS522214-RED,SI,1,0
NBATS522214-BLK,SI,1,0
NBASW522212-BLK2,SI,0,17
NBASW522212-BLK,SI,0,0
NBASW522211-GRY1,SI,0,0
NBASW522211-GRY,SI,0,17
NBATS522213-PUR,SI,0,0
NBATS522213-BLK1,SI,0,17
NBATS522213-WHT,SI,0,0
NBATS522213-RED,SI,0,0
NBATS522213-BLK,SI,0,8
NBAHD522212-BLK1,SI,0,0
NBAHD522212-BLU,SI,0,0
NBAHD522212-BLK,SI,0,0
NBAHD522212-GRY,SI,0,0
NBAHD522212-PUR,SI,0,7
NBAHD522212-RED,SI,0,3
NBATS522212-BLU,SI,0,0
NBATS522212-GRN1,SI,0,0
NBATS522212-BUR,SI,0,0
NBATS522212-GRN,SI,0,0
NBATS522212-PUR1,SI,0,0
NBATS522212-BLK,SI,0,0
NBATS522212-PUR,SI,0,0
NBATS522212-RED,SI,0,0
NBAJK522211-PUR1,SI,0,0
NBAJK522211-GRN,SI,0,0
NBAJK522211-BLK,SI,0,0
NBAJK522211-PUR,SI,0,0
NBAJK522211-RED,SI,0,0
NFLPT522201-GRN2,SI,0,7
NFLPT522201-GRN1,SI,0,0
NFLPT522201-GRN,SI,0,0
NFLJS522201-RED2,SI,0,0
NFLJS522201-RED1,SI,0,8
NFLJS522201-RED,SI,0,17
NFLJS522201-NVY,SI,1,0
NFLJS522201-BUR,SI,0,6
NFLJS522201-BLK1,SI,0,19
NFLJS522201-AQA,SI,1,21
NFLJK522202-BLK7,SI,0,0
NFLJK522202-BLK6,SI,0,16
NFLJK522202-BLK5,SI,0,16
NFLJK522202-BLK4,SI,0,16
NFLJK522202-BLK3,SI,0,16
NFLJK522202-BLK2,SI,0,0
NFLJK522202-BLK1,SI,0,0
NFLJK522202-BLK,SI,0,16
NFLJK522201-GRN3,SI,0,0
NFLJK522201-GRN2,SI,0,7
NFLJK522201-GRN1,SI,0,0
NFLJK522201-GRN,SI,0,0
NFLHD522203-RED,SI,0,0
NFLHD522203-NVY,SI,5,4
NFLHD522203-BUR,SI,0,17
NFLHD522203-BLK3,SI,0,0
NFLHD522203-BLK2,SI,0,9
NFLHD522203-BLK1,SI,0,0
NFLHD522203-BLK,SI,0,0
NFLHD522203-AQA,SI,0,0
NFLHD522202-RED3,SI,0,0
NFLHD522202-RED2,SI,0,0
NFLHD522202-RED1,SI,0,0
NFLHD522202-RED,SI,0,0
NFLHD522202-NVY,SI,0,0
NFLHD522202-GRY,SI,0,0
NFLHD522202-BLK2,SI,0,0
NFLHD522202-BLK1,SI,0,0
NFLHD522202-BLK,SI,0,0
NFLHD522201-RED2,SI,0,0
NFLHD522201-RED1,SI,0,0
NFLHD522201-RED,SI,0,0
NFLHD522201-NVY,SI,1,13
NFLHD522201-BUR,SI,0,0
NFLHD522201-BLK1,SI,0,0
NFLHD522201-BLK,SI,14,13
NFLHD522201-AQA,SI,0,0
NBASH522201-BLU,SI,0,0
NBASH522201-BLK1,SI,1,23
NBASH522201-BLK,SI,11,11
NBAPT522204-GRY1,SI,0,0
NBAPT522204-GRY,SI,0,15
NBAPT522204-BLK2,SI,0,0
NBAPT522204-BLK1,SI,0,0
NBAPT522204-BLK,SI,0,0
NBAPT522202-GRY2,SI,0,0
NBAPT522202-GRY1,SI,0,15
NBAPT522202-GRY,SI,0,17
NBAPT522202-BLK2,SI,0,17
NBAPT522202-BLK1,SI,0,0
NBAPT522202-BLK,SI,0,0
NBAPT522201-GRY,SI,0,0
NBAPT522201-BLK2,SI,0,17
NBAPT522201-BLK1,SI,0,0
NBAPT522201-BLK,SI,0,0
NBALS522201-RED,SI,0,0
NBALS522201-PUR,SI,0,0
NBALS522201-GRY,SI,0,0
NBALS522201-BLU,SI,0,0
NBALS522201-BLK2,SI,0,0
NBALS522201-BLK1,SI,0,0
NBALS522201-BLK,SI,0,0
NBAJK522203-GRY2,SI,0,0
NBAJK522203-GRY1,SI,0,0
NBAJK522203-GRY,SI,0,0
NBAJK522203-BLK2,SI,0,0
NBAJK522203-BLK1,SI,0,0
NBAJK522203-BLK,SI,0,0
NBAJK522202-RED,SI,0,10
NBAJK522202-PUR,SI,0,10
NBAJK522202-BUR,SI,0,0
NBAJK522202-BLK2,SI,0,0
NBAJK522202-BLK1,SI,0,0
NBAJK522202-BLK,SI,0,0
NBAJK522201-PUR,SI,0,0
NBAJK522201-GRY,SI,0,0
NBAJK522201-BUR,SI,0,0
NBAJK522201-BLK1,SI,0,0
NBAJK522201-BLK,SI,0,0
NBAHD522206-WHT,SI,0,0
NBAHD522206-RED,SI,0,0
NBAHD522206-PUR,SI,0,17
NBAHD522206-GRY2,SI,0,0
NBAHD522206-GRY,SI,0,0
NBAHD522206-BLK2,SI,0,0
NBAHD522206-BLK,SI,0,0
NBAHD522201-RED,SI,0,0
NBAHD522201-PUR1,SI,0,0
NBAHD522201-PUR,SI,0,0
NBAHD522201-ORG,SI,0,0
NBAHD522201-GRY,SI,0,0
NBAHD522201-BLU,SI,0,0
NBAHD522201-BLK1,SI,0,0
NBAHD522201-BLK,SI,0,11
NBATT522222-GRY,SI,39,1
NBATT522222-GRN,SI,17,7
NBATT522222-PUR1,SI,2,0
NBATT522222-BLU,SI,38,1
NBATT522222-PUR,SI,11,1
NBALS522202-BLK3,SI,6,2
NBALS522202-GRY3,SI,0,0
NBALS522202-BLK2,SI,9,0
NBALS522202-GRY2,SI,2,3
NBALS522202-BLK,SI,11,0
NBALS522202-GRY,SI,9,0
NBASH522203-BLK3,SI,0,11
NBASH522203-BUR,SI,9,23
NBASH522203-BLK2,SI,0,0
NBASH522203-BLK1,SI,17,1
NBASH522203-RED,SI,14,0
NBASH522203-BLK,SI,15,1
NBASH522203-GRY,SI,0,0
NBAHD522205-BUR,SI,3,10
NBAHD522205-BLK3,SI,6,25
NBAHD522205-WHT,SI,0,0
NBAHD522205-BLK2,SI,13,0
NBAHD522205-RED,SI,11,0
NBAHD522205-PUR,SI,0,0
NBAHD522205-BLK,SI,3,0
NBAHD522205-GRY,SI,1,20
NBATS522204-BLK4,SI,0,0
NBATS522204-BUR,SI,2,0
NBATS522204-WHT1,SI,21,0
NBATS522204-BLK3,SI,17,0
NBATS522204-PUR,SI,14,3
NBATS522204-BLK2,SI,34,0
NBATS522204-WHT,SI,29,0
NBATS522204-BLK,SI,17,0
NBATS522204-RED,SI,21,0
NBASH522224-BLK4,SI,12,0
NBASH522224-BLK3,SI,0,14
NBASH522224-BLK2,SI,0,0
NBASH522224-BLK1,SI,0,0
NBASH522224-BLK,SI,9,0
NBAHD522222-BLK6,SI,0,0
NBAHD522222-BLK5,SI,4,9
NBAHD522222-BLK4,SI,0,0
NBAHD522222-BLK3,SI,0,0
NBAHD522222-BLK2,SI,0,0
NBAHD522222-BLK1,SI,6,0
NBAHD522222-BLK,SI,7,0
NBATT522221-BLK4,SI,13,1
NBATT522221-BLK3,SI,0,19
NBATT522221-BLK2,SI,1,9
NBATT522221-BLK1,SI,33,1
NBATT522221-BLK,SI,19,0
NBATS522226-BLK7,SI,0,0
NBATS522226-BLK6,SI,0,0
NBATS522226-BLK5,SI,0,0
NBATS522226-BLK4,SI,0,0
NBATS522226-BLK3,SI,0,0
NBATS522226-BLK2,SI,0,0
NBATS522226-BLK1,SI,12,16
NBATS522226-BLK,SI,0,0
NBATS522225-BLK4,SI,0,0
NBATS522225-BLK3,SI,0,0
NBATS522225-BLK2,SI,0,0
NBATS522225-BLK1,SI,0,5
NBATS522225-BLK,SI,0,5
NBATS522227-BLK2,SI,23,1
NBATS522227-BLK1,SI,11,2
NBATS522227-RED,SI,23,0
NBATS522227-BLK,SI,19,0
NBATS522227-YEL,SI,34,0
NBATS522224-BLK2,SI,27,0
NBATS522224-PUR,SI,22,0
NBATS522224-YEL,SI,40,0
NBATS522224-BLK1,SI,17,0
NBATS522224-BLK,SI,23,0
NBATS522224-RED,SI,23,0
NBASH522223-BLK2,SI,0,0
NBASH522223-PUR,SI,0,0
NBASH522223-BLK1,SI,0,0
NBASH522223-BLK,SI,0,0
NBAHD522221-BLU,SI,0,0
NBAHD522221-YEL,SI,10,14
NBAHD522221-PUR,SI,0,0
NBAHD522221-BLK2,SI,10,25
NBAHD522221-BLK1,SI,0,0
NBAHD522221-RED,SI,6,15
NBAHD522221-BLK,SI,5,3
NBATS522223-BLU,SI,0,0
NBATS522223-WHT,SI,23,0
NBATS522223-BLK2,SI,0,0
NBATS522223-BLK1,SI,0,2
NBATS522223-GRN,SI,0,0
NBATS522223-LHB,SI,0,0
NBATS522223-PUR,SI,0,2
NBATS522223-YEL,SI,22,0
NBATS522223-LIL,SI,0,0
NBAHD522211-GRY4,SI,0,0
NBAHD522211-BLK4,SI,0,0
NBAHD522211-GRY3,SI,0,0
NBAHD522211-BLK3,SI,0,0
NBAHD522211-GRY2,SI,0,0
NBAHD522211-BLK2,SI,0,0
MLBSH522203-NVY,SI,8,0
MLBJS522203-WHT,SI,20,0
MLBJS522203-BLK,SI,34,0
MLBJS522203-NVY,SI,9,0
MLBTS522205-BLK1,SI,22,0
MLBTS522205-BLU,SI,7,0
MLBTS522205-RED,SI,10,0
MLBTS522205-BLK,SI,21,0
MLBTS522205-NVY,SI,24,0
MLBJS522202-BLK,SI,0,2
MLBJS522201-BLK,SI,1,15
MLBSH522202-BLU,SI,21,0
MLBSH522202-BLK,SI,0,0
MLBHD522203-BLK,SI,5,0
MLBPT522202-BLK1,SI,6,0
MLBSW522201-BLK,SI,27,0
MLBTS522204-NVY,SI,18,0
MLBTS522203-NVY,SI,30,6
MLBTS522203-BLK1,SI,19,6
MLBTS522203-WHT,SI,21,0
MLBTS522203-BLK,SI,27,7
MLBSH522201-BLK,SI,19,0
MLBSH522201-BLU,SI,19,0
MLBSH522201-NVY,SI,10,0
MLBPT522201-BLK1,SI,0,0
MLBPT522201-NVY,SI,21,0
MLBPT522201-BLK,SI,6,0
MLBHD522202-BLK1,SI,0,0
MLBHD522202-NVY,SI,24,0
MLBHD522202-BLK,SI,8,0
MLBTS522202-NVY,SI,5,0
MLBTS522202-BLK1,SI,5,0
MLBTS522202-WHT,SI,12,0
MLBTS522202-LHB,SI,4,0
MLBTS522202-BLK,SI,12,0
MLBHD522201-NVY1,SI,23,0
MLBHD522201-NVY,SI,11,0
MLBTS522201-BLK1,SI,10,0
MLBTS522201-NVY,SI,3,0
MLBTS522201-BLU,SI,13,0
MLBTS522201-BLK,SI,18,0
JVSH522202-BLK,SI,0,0
JVHD522202-BLK,SI,0,0
JVJS522207-BLK,SI,0,0
JVJS522206-MUL,SI,0,1
JVJS522205-WHT,SI,0,0
JVTS522208-WHT,SI,0,0
NBAHD522211-GRY1,SI,0,0
NBAHD522211-BLK1,SI,0,0
NBAHD522211-GRY,SI,0,0
NBAHD522211-BLK,SI,0,0
NBATS522211-PUR1,SI,0,0
NBATS522211-BLK4,SI,0,0
NBATS522211-GRN,SI,0,0
NBATS522211-BLK3,SI,0,0
NBATS522211-GRY,SI,0,0
NBATS522211-BLK2,SI,0,0
NBATS522211-PUR,SI,0,0
NBATS522211-BLK1,SI,0,0
NBATS522211-RED,SI,0,0
NBATS522211-BLK,SI,0,0
NBAJK522210-BLK3,SI,0,0
NBAJK522210-BLK2,SI,0,0
NBAJK522210-BLK1,SI,0,13
NBAJK522210-PUR,SI,0,2
NBAJK522210-BLK,SI,0,1
NBAHD522210-BLK1,SI,0,0
NBAHD522210-BLU,SI,0,0
NBAHD522210-GRN,SI,0,0
NBAHD522210-BLK,SI,0,0
NBAHD522210-PUR,SI,0,0
NBAHD522210-RED,SI,0,19
NBASHD522210-PUR1,SI,0,0
NBASHD522210-GRN,SI,0,0
NBASHD522210-BLK,SI,0,0
NBASHD522210-PUR,SI,0,0
NBASHD522210-RED,SI,0,0
NBASW522210-BLK4,SI,0,0
NBASW522210-BLK3,SI,0,0
NBASW522210-BLK2,SI,0,16
NBASW522210-BLK1,SI,0,15
NBASW522210-RED,SI,0,0
NBASW522210-BLK,SI,0,11
NBATS522205-BLK4,SI,0,0
NBATS522205-WHT2,SI,0,29
NBATS522205-PUR2,SI,0,24
NBATS522205-BLK3,SI,0,11
NBATS522205-BLK2,SI,0,19
NBATS522205-PUR,SI,0,8
NBATS522205-RED,SI,0,23
NBATS522205-WHT,SI,0,27
NBATS522205-BLK,SI,0,26
NBAHD522202-BUR,SI,0,0
NBAHD522202-BLK2,SI,0,0
NBAHD522202-GRY2,SI,0,0
NBAHD522202-PUR,SI,0,0
NBAHD522202-GRY1,SI,0,0
NBAHD522202-BLK1,SI,0,0
NBAHD522202-RED,SI,0,0
NBAHD522202-WHT,SI,0,0
NBAHD522202-BLK,SI,0,0
NBATT522202-YEL,SI,0,21
NBATT522202-BLK3,SI,0,17
NBATT522202-BLK2,SI,0,0
NBATT522202-BLK1,SI,0,21
NBATT522202-BLK,SI,0,20
NBATS522202-YEL,SI,0,8
NBATS522202-WHT2,SI,0,19
NBATS522223-RED,SI,0,2
NBATS522223-BLK,SI,0,0
NBAJK522220-BLK4,SI,0,0
NBAJK522220-BLK3,SI,0,0
NBAJK522220-BLK2,SI,0,0
NBAJK522220-NVY,SI,0,0
NBAJK522220-BLK1,SI,0,0
NBAJK522220-BLK,SI,0,0
NBASH522222-BLK2,SI,0,0
NBASH522222-BLK1,SI,0,0
NBASH522222-BLK,SI,0,0
NBASH522222-NVY,SI,0,0
NBASH522222-PUR,SI,0,0
NBAPT522220-BLK2,SI,9,2
NBAPT522220-BLK3,SI,6,20
NBAPT522220-BLK1,SI,10,3
NBAPT522220-BLK,SI,9,2
NBAPT522220-NVY,SI,11,3
NBAPT522220-PUR,SI,0,1
NBAHD522220-BLK4,SI,0,0
NBAHD522220-BLK3,SI,0,0
NBAHD522220-RED,SI,0,19
NBAHD522220-BLK2,SI,6,6
NBAHD522220-BLK1,SI,0,0
NBAHD522220-NVY,SI,7,15
NBAHD522220-PUR,SI,0,9
NBAHD522220-BLK,SI,0,0
NBATS522222-BLK2,SI,16,1
NBATS522222-BLK1,SI,0,1
NBATS522222-GRN,SI,16,0
NBATS522222-BLK,SI,9,11
NBATS522222-PUR1,SI,24,0
NBATS522222-BLU,SI,16,0
NBATS522222-PUR,SI,26,2
NBASH522221-BLU,SI,1,7
NBASH522221-BLK3,SI,7,0
NBASH522221-BLK2,SI,2,8
NBASH522221-BLK1,SI,14,0
NBASH522221-PUR,SI,9,0
NBASH522221-BLK,SI,18,0
NBATT522220-BLU,SI,2,5
NBATT522220-BLK3,SI,12,1
NBATT522220-BLK2,SI,6,0
NBATT522220-BLK1,SI,22,0
NBATT522220-BLK,SI,31,1
NBATT522220-YEL,SI,43,0
NBASH522220-BLK4,SI,22,0
NBASH522220-BLK3,SI,6,1
NBASH522220-BLK2,SI,28,1
NBASH522220-BLK1,SI,10,1
NBASH522220-BLK,SI,21,1
NBATS522221-BLU,SI,0,0
NBATS522221-BUR,SI,0,0
NBATS522221-WHT1,SI,0,2
NBATS522221-BLK2,SI,0,0
NBATS522221-GRY,SI,17,20
NBATS522221-WHT,SI,17,4
NBATS522221-BLK1,SI,0,0
NBATS522221-BLK,SI,0,3
NBATS522221-PUR,SI,11,0
NBATS522221-YEL,SI,21,0
NBATS522220-GRN,SI,6,11
NBATS522220-BLK3,SI,0,4
NBATS522220-LHB,SI,9,4
NBATS522220-BLK2,SI,10,6
NBATS522220-GRY,SI,10,0
NBATS522220-YEL,SI,24,0
NBATS522202-WHT1,SI,0,11
NBATS522202-WHT,SI,0,16
NBATS522202-RED,SI,0,16
NBATS522202-PUR1,SI,0,11
NBATS522202-PUR,SI,0,19
NBATS522202-ORG,SI,0,11
NBATS522202-LHB,SI,0,11
NBATS522202-GRY,SI,0,0
NBATS522202-BLK2,SI,0,0
NBATS522202-BLK1,SI,0,0
NBATS522202-BLK,SI,1,0
NBATS522201-YEL,SI,0,14
NBATS522201-RED,SI,3,0
NBATS522201-PUR1,SI,0,0
NBATS522201-GRY1,SI,0,0
NBATS522201-GRY,SI,3,0
NBATS522201-BLU,SI,2,0
NBATS522201-BLK1,SI,3,0
NBATS522201-BLK,SI,0,0
NBASW522202-RED,SI,0,0
NBASW522202-PUR,SI,0,0
NBASW522202-GRY,SI,0,0
NBASW522202-BUR,SI,0,0
NBASW522202-BLK4,SI,0,11
NBASW522202-BLK3,SI,0,16
NBASW522202-BLK2,SI,0,8
NBASW522202-BLK1,SI,0,10
NBASW522202-BLK,SI,0,12
NBASW522201-PUR,SI,0,0
NBASW522201-GRY1,SI,0,0
NBASW522201-GRY,SI,0,0
NBASW522201-BLU,SI,0,0
NBASW522201-BLK2,SI,0,0
NBASW522201-BLK1,SI,0,0
NBASW522201-BLK,SI,0,0
NBASH522204-YEL,SI,0,17
NBASH522204-BLK3,SI,0,12
NBASH522204-BLK2,SI,0,0
NBASH522204-BLK1,SI,0,24
NBASH522204-BLK,SI,0,22
NBASH522201-YEL,SI,1,14
NBASH522201-WHT,SI,1,20
NBASH522201-RED,SI,2,14
NBASH522201-PUR1,SI,0,17
NBASH522201-PUR,SI,1,16
CH50AS040,NO,1,16
CH49AS040,NO,1,16
CH41LSZ0Q,NO,1,16
CH41LSF3X,NO,1,16
CABBBGASE,NO,1,16
GT23HY0771893O,NO,1,16
GT23HY07718B+1,NO,1,16
NBADISPLAY,NO,1,16
NBATOWER,NO,1,16
NBASH321614-BLK,NO,1,16
NBASH321615-BLK,NO,1,16
FIJS522201-BLK2,SI,0,0
CCBK522201-BLK,NO,0,0
FIJS522201-WHT3,SI,0,0
CCSB522201-BLK,NO,0,0
FITS622203-GRN,SI,0,0
DISPLAYSET,NO,0,0
FITS622203-NVY2,SI,0,0
FITS622203-RED5,SI,0,0
FITS622203-WHT4,SI,0,0
FITS622203-RED4,SI,0,0
NBATS522220-PUR,SI,21,4
NBATS522220-BLK1,SI,24,6
NBATS522220-BUR,SI,14,6
NBATS522220-BLK,SI,14,9
RMPT322201-GRY,SI,0,0
RMPT322201-NVY,SI,0,19
RMHD322202-NVY,SI,0,0
RMHD322201-BLU,SI,0,9
RMJS322203-BLU,SI,6,0
RMJS322202-BLK,SI,5,10
RMJS322201-WHT,SI,8,0
RMTS322204-LHB,SI,0,0
RMTS322203-BLU,SI,0,0
RMTS322203-WHT,SI,0,0
RMTS322201-GRY,SI,0,0
RMTS322201-NVY,SI,1,7
NFLTS52209 -BLK2,SI,0,0
T-SHIRTDISPLAY,NO,0,0
FTTS522202-GRY,SI,0,0
FTTS522202-BLK,SI,0,0
FTTS522201-WHT,SI,0,0
FTTS522201-BLU,SI,0,0
CCSH522202-NVY,SI,21,0
RMTS523112-NVY,SI,0,10
RMPT523103-NVY,SI,0,12
RMPT523101-GRY,SI,0,15
RMPT523103-BLK,SI,0,0
RMJK523101-GRY,SI,0,0
RMJK523101-BLK,SI,0,17
RMJS523102-BLK,SI,0,6
NBATS323119-RED,SI,0,2
NFLCT622201-BLK,SI,0,0
NBABC52220-BLK,NO,0,0
NBABN52221-GRY,NO,0,0
NBASB52275-BLU,NO,0,0
NBASB52277-RED,NO,0,0
NBABX522209-RED,SI,0,50
NBASB52278-GRY,NO,0,50
NBASB52276-BLK,NO,0,50
NBABX522209-RED1,SI,0,41
NBASB52274-BLK,NO,0,41
NBASB52279-RED,NO,0,41
NBASB52280-BLK,NO,0,41
NBASB52281-BLK,NO,0,41
NBASB52282-BLK,NO,0,41
NBABC52220-BLK1,NO,0,41
NBABX522209-PUR,SI,0,46
CCBX522206-RED,SI,0,50
NBAPJ522205-YEL,SI,0,49
NBAPJ522205-RED,SI,0,41
PSGPJ522204-GRY,SI,0,49
CCTS522205GRY,NO,0,49
CCTS522204RED,NO,0,49
CCTS522204GRY,NO,0,49
PSGBX522230-RED,SI,0,41
RMJS518201-WHT,NO,0,41
RMJS518202-NVY,NO,0,41
RMJS518202-WHT,NO,0,41
RMJS518203-NVY,NO,0,41
LFTS318106-WHT,NO,0,41
LFTS318106-BLK,NO,0,41
LFTS318107-BLK,NO,0,41
LFST318107-WHT,NO,0,41
LFTS318108-BLU,NO,0,41
LFTS318108-BLK,NO,0,41
FITS622203-RED3,SI,0,0
FITS622203-YEL3,SI,0,0
FITS622203-LHB3,SI,0,0
FITS622203-WHT3,SI,0,0
FITS622203-YEL2,SI,0,0
FITS622203-ORG,SI,0,0
FITS622203-RED2,SI,0,0
FITS622203-WHT2,SI,0,0
FITS622203-RED,SI,0,0
FITS622203-NVY,SI,0,0
FITS622203-LHB2,SI,0,0
FITS622203-YEL,SI,0,0
FITS622203-WHT,SI,0,0
CAPSDISPLAY,NO,0,0
FITS622203-LHB,SI,0,0
FIST522202-BLK3,SI,0,0
FIST522202-LHB2,SI,0,0
FIST522202-RED6,SI,0,0
FIST522202-NVY3,SI,0,0
FIST522202-RED5,SI,0,0
FIST522202-RED4,SI,0,0
FIST522202-LHB,SI,0,0
FIST522202-BLU3,SI,0,0
FIST522202-RED3,SI,0,0
FIST522202-RED2,SI,0,0
FIST522202-BLK2,SI,0,0
FIST522202-WHT,SI,0,0
FIST522202-BLU2,SI,0,0
FIST522202-RED,SI,0,0
FIST522202-NVY2,SI,0,0
FIST522202-BLK,SI,0,0
FIST522202-NVY,SI,0,0
FIST522202-BLU,SI,0,0
FIST522201-BLK3,SI,0,0
FIST522201-LHB2,SI,0,0
FIST522201-RED6,SI,0,0
FIST522201-RED5,SI,0,0
FIST522201-NVY3,SI,0,0
FIST522201-RED4,SI,0,0
FIST522201-LHB,SI,0,0
FIST522201-BLU3,SI,0,0
FIST522201-RED3,SI,0,0
FIST522201-RED2,SI,0,0
FIST522201-BLK2,SI,0,0
FIST522201-WHT,SI,0,0
FIST522201-BLU2,SI,0,0
FIST522201-RED,SI,0,0
FIST522201-NVY2,SI,0,0
FIST522201-BLK,SI,0,0
FIST522201-NVY,SI,0,0
FIST522201-BLU,SI,0,0
FIJS622209-NVY2,SI,0,0
FIJS622209-RED5,SI,0,0
FIJS622209-WHT4,SI,0,0
FIJS622209-YEL3,SI,0,0
FIJS622209-RED4,SI,0,0
FIJS622209-LHB2,SI,0,0
FIJS622209-RED3,SI,0,0
FIJS622209-YEL2,SI,0,0
FIJS622209-RED2,SI,0,0
FIJS622209-WHT3,SI,0,0
FIJS622209-ORG,SI,0,0
FIJS622209-NVY,SI,0,0
FIJS622209-WHT2,SI,0,0
FIJS622209-RED,SI,0,0
FIJS622209-BLU,SI,0,0
FIJS622209-YEL,SI,5,0
LFTS318109-NVY,NO,5,0
LFTS318109-BLK,NO,5,0
SWJK318202-BLK,NO,5,0
SWPT318102-BLK,NO,5,0
LFPJ318105-NVY,NO,5,0
LFPJ318106-BLU,NO,5,0
LFPJ318107-BLK,NO,5,0
RMSH518201-NVY,NO,5,0
RMSH518202-NVY,NO,5,0
RMJS318201-NVY,NO,5,0
RMJS318201-WHT,NO,5,0
RMJK518201-NVY,NO,5,0
RMPT518201-NVY,NO,5,0
RMJK518202-WHT,NO,5,0
RMPL518201-NVY,NO,5,0
RMJS318202-NVY,NO,5,0
RMJS318202-WHT,NO,5,0
RMPL518201-WHT,NO,5,0
RMJS318203-NVY,NO,5,0
RMSH318201-NVY,NO,5,0
RMPL318201-NVY,NO,5,0
RMPL318201-WHT,NO,5,0
FITS622207-RED,SI,0,0
FITS622207-BLU2,SI,0,0
FITS622207-BLU,SI,0,0
FITS622207-YEL,SI,0,0
FITS622207-WHT,SI,0,0
FITS622207-LHB,SI,0,0
FIJS622207-BLK,SI,0,0
FIJS622207-WHT4,SI,0,0
FIJS622207-NVY2,SI,0,0
FIJS622207-RED5,SI,0,0
FIJS622207-RED4,SI,0,0
FIJS622207-RED3,SI,0,0
FIJS622207-YEL3,SI,0,0
FIJS622207-YEL2,SI,0,0
FIJS622207-LHB2,SI,0,0
FIJS622207-RED2,SI,0,0
FIJS622207-WHT3,SI,0,0
FIJS622207-ORG,SI,0,0
FIJS622207-WHT2,SI,0,0
FIJS622207-NVY,SI,0,0
FIJS622207-RED,SI,0,0
FIJS622207-BLU,SI,0,0
FIJS622207-WHT,SI,0,0
FIJS622207-YEL,SI,0,0
FIJS622207-LHB,SI,0,0
FITS622204-GRN,SI,0,0
FITS622204-NVY2,SI,0,0
FITS622204-WHT4,SI,0,0
FITS622204-RED4,SI,0,0
FITS622204-RED5,SI,0,0
FITS622204-YEL3,SI,0,0
FITS622204-RED3,SI,0,0
FITS622204-LHB3,SI,0,0
FITS622204-YEL2,SI,0,0
FITS622204-WHT3,SI,0,0
FITS622204-RED2,SI,0,0
FITS622204-ORG,SI,0,0
FITS622204-WHT2,SI,0,0
FITS622204-RED,SI,0,0
FITS622204-WHT,SI,0,0
FITS622204-LHB2,SI,0,0
FITS622204-NVY,SI,0,0
FITS622204-YEL,SI,0,0
FITS622204-LHB,SI,0,0
FIJS622206-BLK,SI,0,0
FIJS622206-NVY,SI,0,0
FIJS622206-RED4,SI,0,0
FIJS622206-WHT6,SI,0,0
FIJS622206-RED3,SI,0,0
FIJS622206-YEL3,SI,0,0
FIJS622206-WHT5,SI,0,0
FIJS622206-LHB,SI,0,0
FIJS622206-YEL2,SI,0,0
FIJS622206-WHT4,SI,0,0
FIJS622206-RED2,SI,0,0
FIJS622206-ORG,SI,0,0
FIJS622206-WHT3,SI,0,0
FIJS622206-BLU2,SI,0,0
FIJS622206-RED,SI,0,0
FIJS622206-BLU,SI,0,0
FIJS622206-WHT2,SI,0,0
FIJS622206-YEL,SI,0,0
FIJS622206-WHT,SI,0,0
FIJS622202-GRN,SI,0,0
FIJS622202-NVY2,SI,0,0
FIJS622202-WHT4,SI,0,0
FIJS622202-RED5,SI,0,0
FIJS622202-YEL3,SI,0,0
FIJS622202-RED4,SI,0,0
FIJS622202-RED3,SI,0,0
FIJS622202-LHB2,SI,0,0
FIJS622202-YEL2,SI,0,0
FIJS622202-WHT3,SI,0,0
FIJS622202-RED2,SI,0,0
FIJS622202-WHT2,SI,0,0
FIJS622202-ORG,SI,0,0
FIJS622202-NVY,SI,0,0
FIJS622202-RED,SI,0,0
FIJS622202-BLU,SI,0,0
FIJS622202-WHT,SI,0,0
FIJS622202-YEL,SI,0,0
FIJS622202-LHB,SI,0,0
FIJS622201-WHT8,SI,0,0
FIJS622201-WHT7,SI,0,0
FIJS622201-BLU4,SI,0,0
FIJS622201-WHT6,SI,0,0
FIJS622201-WHT5,SI,0,0
FIJS622201-NVY3,SI,0,0
FIJS622201-BLU3,SI,0,0
FIJS622201-WHT4,SI,0,0
FIJS622201-BLU2,SI,0,0
FIJS622201-RED2,SI,0,0
FIJS622201-WHT3,SI,0,0
FIJS622201-BLK2,SI,0,0
FIJS622201-RED,SI,0,0
FIJS622201-WHT2,SI,0,0
FIJS622201-NVY2,SI,0,0
FIJS622201-WHT,SI,0,0
FIJS622201-BLK,SI,0,0
FIJS622201-BLU,SI,0,0
FIJS622201-NVY,SI,0,0
FIJS622204-GRN,SI,0,0
FIJS622204-NVY2,SI,0,0
FIJS622204-WHT4,SI,0,0
FIJS622204-RED5,SI,0,0
FIJS622204-RED4,SI,0,0
FIJS622204-YEL3,SI,0,0
FIJS622204-RED3,SI,0,0
FIJS622204-LHB2,SI,0,0
FIJS622204-YEL2,SI,0,0
FIJS622204-WHT3,SI,0,0
FIJS622204-RED2,SI,0,0
FIJS622209-WHT,SI,0,0
FIJS622209-LHB,SI,8,0
FITS622208-NVY6,SI,0,0
FITS622208-RED5,SI,0,0
FITS622208-BLU2,SI,0,0
FITS622208-RED4,SI,0,0
FITS622208-WHT8,NO,0,0
FITS622208-RED3,SI,0,0
FITS622208-BLU,SI,0,0
FITS622208-LHB,SI,0,0
FITS622208-YEL,SI,0,0
FITS622208-BLK4,SI,0,0
FITS622208-RED2,SI,0,0
FITS622208-RED,SI,0,0
FITS622208-GRN,SI,0,0
FITS622208-WHT7,SI,0,0
FITS622208-ORG,SI,0,0
FITS622208-NVY5,SI,0,0
FITS622208-BLK3,SI,0,0
FITS622208-NVY4,SI,0,0
FITS622208-WHT6,SI,0,0
FITS622208-NVY3,SI,0,0
FITS622208-WHT5,SI,0,0
FITS622208-NVY2,SI,0,0
FITS622208-WHT4,SI,0,0
FITS622208-WHT3,SI,0,0
FITS622208-GRY,SI,0,0
FITS622208-BLK2,SI,0,0
FITS622208-BLK,SI,0,0
FITS622208-NVY,SI,0,0
FITS622208-WHT2,SI,0,0
FITS622208-WHT,SI,0,0
FITS622207-NVY,SI,0,0
FITS622207-BLU3,SI,0,0
FITS622207-BLK,SI,0,0
FITS622207-RED2,SI,0,0
FITS622207-ORG,SI,0,0
FITS322202-WHT2,SI,0,0
FITS322202-YEL,SI,0,0
FITS322202-NVY,SI,0,0
FITS322202-WHT,SI,0,0
FITS322201-GRN,SI,0,0
FITS322201-NVY5,SI,0,0
FITS322201-WHT6,SI,0,0
FITS322201-RED6,SI,0,0
FITS322201-RED5,SI,0,0
FITS322201-YEL3,SI,0,0
FITS322201-RED4,SI,0,0
FITS322201-LHB2,SI,0,0
FITS322201-YEL2,SI,0,0
FITS322201-WHT5,SI,0,0
FITS322201-BLU2,SI,0,0
FITS322201-RED3,SI,0,0
FITS322201-BLK2,SI,0,0
FITS322201-ORG,SI,0,0
FITS322201-RED2,SI,0,0
FITS322201-WHT4,SI,0,0
FITS322201-NVY4,SI,0,0
FITS322201-RED,SI,0,0
FITS322201-BLK,SI,0,0
FITS322201-WHT3,SI,0,0
FITS322201-NVY3,SI,0,0
FITS322201-LHB,SI,0,0
FITS322201-NVY2,SI,0,0
FITS322201-WHT2,SI,0,0
FITS322201-BLU,SI,0,0
FITS322201-YEL,SI,0,0
FIJS622204-ORG,SI,0,0
FIJS622204-WHT2,SI,0,0
FIJS622204-NVY,SI,0,0
FIJS622204-RED,SI,0,0
FIJS622204-BLU,SI,0,0
FIJS622204-WHT,SI,0,0
FIJS622204-YEL,SI,2,0
FIJS622204-LHB,SI,12,0
FIJS622203-WHT8,SI,0,0
FIJS622203-WHT7,SI,0,0
FIJS622203-BLU4,SI,0,0
FIJS622203-WHT6,SI,0,0
FIJS622203-WHT5,SI,0,0
FIJS622203-NVY3,SI,0,0
FIJS622203-BLU3,SI,0,0
FIJS622203-WHT4,SI,0,0
FIJS622203-BLU2,SI,0,0
FIJS622203-RED2,SI,0,0
FIJS622203-WHT3,SI,0,0
FIJS622203-BLK2,SI,0,0
FIJS622203-RED,SI,0,0
FIJS622203-WHT2,SI,0,0
FIJS622203-NVY2,SI,0,0
FIJS622203-WHT,SI,0,0
FIJS622203-BLK,SI,0,0
FIJS622203-BLU,SI,0,0
FIJS622203-NVY,SI,0,0
FIHD622201-RED2,SI,0,0
FIHD622201-BLK3,SI,0,0
FIHD622201-BLU4,SI,0,0
FIHD622201-BLU3,SI,0,0
FIHD622201-BLK2,SI,0,0
FIHD622201-RED,SI,0,0
FIHD622201-NVY3,SI,0,0
FIHD622201-BLK,SI,0,0
FIHD622201-BLU2,SI,0,0
FIHD622201-NVY2,SI,0,0
FIHD622201-BLU,SI,0,0
FIHD622201-NVY,SI,0,0
FIJS322206-NVY,SI,0,0
FIJS322206-WHT6,SI,0,0
FIJS322206-RED4,SI,0,0
FIJS322206-RED3,SI,0,0
FIJS322206-YEL3,SI,0,0
FIJS322206-WHT5,SI,0,0
FIJS322206-LHB,SI,0,0
FIJS322206-YEL2,SI,0,0
FIJS322206-WHT4,SI,0,0
FIJS322206-RED2,SI,0,0
FIJS322206-ORG,SI,0,0
FIJS322206-WHT3,SI,0,0
FIJS322206-BLU2,SI,0,0
FIJS322206-RED,SI,0,0
FIJS322206-BLU,SI,0,0
FIJS322206-WHT2,SI,0,0
FIJS322206-YEL,SI,0,0
FIJS322206-WHT,SI,0,0
FITS322202-GRN,NO,0,0
FITS322202-NVY5,SI,0,0
FITS322202-WHT8,SI,0,0
FITS322202-RED6,SI,0,0
FITS322202-RED5,SI,0,0
FITS322202-YEL3,SI,0,0
FITS322202-RED4,SI,0,0
FITS322202-LHB,SI,0,0
FITS322202-YEL2,SI,0,0
FITS322202-WHT7,SI,0,0
FITS322201-NVY,SI,0,0
FITS322201-WHT,SI,0,0
FITS322204-GRN,SI,0,0
FITS322204-NVY2,SI,0,0
FITS322204-WHT4,SI,0,0
FITS322204-RED5,SI,0,0
FITS322204-RED4,SI,0,0
FITS322204-YEL3,SI,0,0
FITS322204-RED3,SI,0,0
FITS322204-LHB3,SI,0,0
FITS322204-YEL2,SI,0,0
FITS322204-WHT3,SI,0,0
FITS322204-RED2,SI,0,0
FITS322204-ORG,SI,0,0
FITS322204-WHT2,SI,0,0
FITS322204-RED,SI,0,0
FITS322204-WHT,SI,0,0
FITS322204-LHB2,SI,0,0
FITS322204-NVY,SI,0,0
FITS322204-YEL,SI,0,0
FITS322204-LHB,SI,0,0
FITS322203-GRN,SI,0,0
FITS322203-NVY2,SI,0,0
FITS322203-WHT4,SI,0,0
FITS322203-RED5,SI,0,0
FITS322203-RED4,SI,0,0
FITS322203-YEL3,SI,0,0
FITS322203-RED3,SI,0,0
FITS322203-LHB3,SI,0,0
FITS322203-YEL2,SI,0,0
FITS322203-WHT3,SI,0,0
FITS322203-RED2,SI,0,0
FITS322203-ORG,SI,0,0
FITS322203-WHT2,SI,0,0
FITS322203-NVY,SI,0,0
FITS322203-RED,SI,0,0
FITS322203-LHB2,SI,0,0
FITS322203-WHT,SI,0,0
FITS322203-YEL,SI,0,0
FITS322203-LHB,SI,0,0
FITS322208-NVY6,SI,0,0
FITS322208-BLU2,SI,0,0
FITS322208-RED6,SI,0,0
FITS322208-RED5,SI,0,0
FITS322208-WHT9,SI,0,0
FITS322208-BLU,SI,0,0
FITS322208-WHT8,SI,0,0
FITS322208-RED4,SI,0,0
FITS322208-LHB,SI,0,0
FITS322208-RED3,SI,0,0
FITS322208-YEL,SI,0,0
FITS322208-RED2,SI,0,0
FITS322208-BLK4,SI,0,0
FITS322208-GRN,SI,0,0
FITS322208-RED,SI,0,0
FITS322208-WHT7,SI,0,0
FITS322208-ORG,SI,0,0
FITS322208-BLK3,SI,0,0
FITS322208-NVY5,SI,0,0
FITS322208-WHT6,SI,0,0
FITS322208-NVY4,SI,0,0
FITS322208-WHT5,SI,0,0
FITS322208-NVY3,SI,0,0
FITS322208-WHT4,SI,0,0
FITS322208-NVY2,SI,0,0
FITS322208-WHT3,SI,0,0
FITS322208-BLK2,SI,0,0
FITS322208-GRY,SI,0,0
FITS322208-BLK,SI,0,0
FITS322208-WHT2,SI,0,0
FITS322208-NVY,SI,0,0
FITS322208-WHT,SI,0,0
FITS322207-NVY3,SI,0,0
FITS322207-NVY2,SI,0,0
FITS322207-NVY,SI,0,0
FITS322207-BLK,SI,0,0
FITS322207-BLU3,SI,0,0
FITS322207-ORG,SI,0,0
FITS322207-RED2,SI,0,0
FITS322207-BLU2,SI,0,0
FITS322207-RED,SI,0,0
FITS322207-BLU,SI,0,0
FITS322207-WHT,SI,0,0
FITS322207-YEL,SI,0,0
FITS322207-LHB,SI,0,0
FIJS322202-GRN,SI,0,0
FIJS322202-NVY2,SI,0,0
FIJS322202-WHT4,SI,0,0
FIJS322202-RED5,SI,0,0
FIJS322202-RED4,SI,0,0
FIJS322202-YEL3,SI,0,0
FIJS322202-RED3,SI,0,0
FIJS322202-LHB2,SI,0,0
FIJS322202-YEL2,SI,0,0
FIJS322202-WHT3,SI,0,0
FIJS322202-RED2,SI,0,0
FIJS322202-ORG,SI,0,0
FIJS322202-WHT2,SI,0,0
FIJS322202-NVY,SI,0,0
FIJS322202-RED,SI,0,0
FIJS322202-BLU,SI,0,0
FIJS322202-WHT,SI,0,0
FIJS322202-YEL,SI,2,0
FIJS322202-LHB,SI,0,0
FIJS322207-BLK,SI,0,0
FIJS322207-NVY2,SI,0,0
FIJS322207-WHT4,SI,0,0
FIJS322207-RED5,SI,0,0
FIJS322207-RED4,SI,0,0
FIJS322207-RED3,SI,0,0
FIJS322207-LHB2,SI,0,0
FIJS322207-YEL2,SI,0,0
FIJS322207-WHT3,SI,0,0
FIJS322207-RED2,SI,0,0
FIJS322207-ORG,SI,0,0
FIJS322207-NVY,SI,0,0
FIJS322207-RED,SI,0,0
FIJS322207-BLU,SI,0,0
FIJS322207-WHT,SI,1,0
FIJS322207-YEL,SI,1,0
FIJS322207-LHB,SI,0,0
FIJS322204-GRN,SI,0,0
FIJS322204-NVY2,SI,0,0
FIJS322204-WHT4,SI,0,0
FIJS322204-RED5,SI,0,0
FIJS322204-RED4,SI,0,0
FIJS322204-YEL3,SI,0,0
FIJS322204-RED3,SI,0,0
FIJS322204-LHB2,SI,0,0
FIJS322204-YEL2,SI,0,0
FIJS322204-WHT3,SI,0,0
FIJS322204-RED2,SI,0,0
FIJS322204-ORG,SI,0,0
FIJS322204-WHT2,SI,0,0
FITS322202-WHT6,SI,0,0
FITS322202-RED3,SI,0,0
FITS322202-ORG,SI,0,0
FITS322202-RED2,SI,0,0
FITS322202-WHT5,SI,0,0
FITS322202-RED,SI,0,0
FITS322202-BLK,SI,0,0
FITS322202-WHT4,SI,0,0
FITS322202-WHT3,SI,0,0
FITS322202-NVY2,SI,0,0
FIHD322201-RED2,SI,0,0
FIHD322201-BLK3,SI,0,0
FIHD322201-BLU4,SI,0,0
FIHD322201-BLU3,SI,0,0
FIHD322201-BLK2,SI,0,0
FIHD322201-RED,SI,0,0
FIHD322201-NVY3,SI,0,0
FIHD322201-BLK,SI,0,0
FIHD322201-BLU2,SI,0,0
FIHD322201-NVY2,SI,0,0
FIHD322201-BLU,SI,0,0
FIHD322201-NVY,SI,0,0
FIJS522201-WHT8,SI,0,0
FIJS522201-WHT7,SI,0,0
FIJS522201-BLU4,SI,0,0
FIJS522201-WHT6,SI,0,0
FIJS522201-WHT5,SI,0,0
FIJS522201-NVY3,SI,0,0
FIJS522201-BLU3,SI,0,0
FIJS522201-WHT4,SI,0,0
FIJS522201-BLU2,SI,0,0
FIJS522201-RED2,SI,0,0
FIJS522201-RED,SI,0,0
FIJS522201-WHT2,SI,0,0
FIJS522201-NVY2,SI,0,0
FIJS522201-WHT,SI,0,0
FIJS522201-BLK,SI,0,0
FIJS522201-BLU,SI,0,0
FIJS522201-NVY,SI,0,0
FISW522203-NVY7,SI,0,0
FISW522203-NVY6,SI,0,0
FITS522208-NVY6,SI,0,0
FITS522208-BLU2,SI,0,0
FITS522208-RED6,SI,0,0
FITS522208-RED5,SI,0,0
FITS522208-WHT9,SI,0,0
FITS522208-BLU,SI,0,0
FITS522208-WHT8,SI,0,0
FITS522208-RED4,SI,0,0
FITS522208-LHB,SI,0,0
FITS522208-RED3,SI,0,0
FITS522208-YEL,SI,0,0
FITS522208-RED2,SI,0,0
FITS522208-BLK4,SI,0,0
FITS522208-GRN,SI,0,0
FITS522208-RED,SI,0,0
FITS522208-WHT7,SI,0,0
FITS522208-ORG,SI,0,0
FITS522208-BLK3,SI,0,0
FITS522208-NVY5,SI,0,0
FITS522208-WHT6,SI,0,0
FITS522208-NVY4,SI,0,0
FITS522208-WHT5,SI,0,0
FITS522208-NVY3,SI,0,0
FITS522208-WHT4,SI,0,0
FITS522208-NVY2,SI,0,0
FITS522208-WHT3,SI,0,0
FIJS322204-NVY,SI,1,0
FIJS322204-RED,SI,1,0
FIJS322204-BLU,SI,0,0
FIJS322204-WHT,SI,1,0
FIJS322204-YEL,SI,7,0
FIJS322204-LHB,SI,4,0
FIJS322203-WHT8,SI,0,0
FIJS322203-WHT7,SI,0,0
FIJS322203-BLU4,SI,0,0
FIJS322203-WHT6,SI,0,0
FIJS322203-WHT5,SI,0,0
FIJS322203-NVY3,SI,0,0
FIJS322203-BLU3,SI,0,0
FIJS322203-WHT4,SI,0,0
FIJS322203-BLU2,SI,0,0
FIJS322203-RED2,SI,0,0
FIJS322203-WHT3,SI,0,0
FIJS322203-BLK2,SI,0,0
FIJS322203-RED,SI,0,0
FIJS322203-WHT2,SI,0,0
FIJS322203-NVY2,SI,5,0
FIJS322203-WHT,SI,0,0
FIJS322203-BLK,SI,1,0
FIJS322203-BLU,SI,0,0
FIJS322203-NVY,SI,1,0
FITS522204-NVY,SI,0,0
FITS522204-YEL,SI,0,0
FITS522204-LHB,SI,0,0
FITS522203-GRN,SI,0,0
FITS522203-NVY2,SI,0,0
FITS522203-WHT4,SI,0,0
FITS522203-RED5,SI,0,0
FITS522203-RED4,SI,0,0
FITS522203-YEL3,SI,0,0
FITS522203-RED3,SI,0,0
FITS522203-LHB3,SI,0,0
FITS522203-YEL2,SI,0,0
FITS522203-WHT3,SI,0,0
FITS522203-RED2,SI,0,0
FITS522203-ORG,SI,0,0
FITS522203-WHT2,SI,0,0
FITS522203-NVY,SI,0,0
FITS522203-RED,SI,0,0
FITS522203-LHB2,SI,0,0
FITS522203-WHT,SI,0,0
FITS522203-YEL,SI,0,0
FITS522203-LHB,SI,0,0
FITS522202-BLK3,SI,0,0
JVTS522207-BLU,SI,0,0
JVTS522206-BLK,SI,0,0
JVPL522201-WHT,SI,0,0
JVPL522201-BLK,SI,0,19
JVSH522201-WHT,SI,0,24
JVSH522201-BLK,SI,0,24
JVJK522201-BLK,SI,0,0
JVHD522201-BLK,SI,0,0
JVJS522204-BLK,SI,0,0
JVJS522203-BLK,SI,0,0
JVJS522202-WHT,SI,0,0
JVJS522201-BLK,SI,3,13
JVTS522205-BLK,SI,0,0
JVTS522204-NVY,SI,0,0
JVTS522203-WHT,SI,0,0
JVTS522202-BLK,SI,0,0
JVTS522201-BLK,SI,9,0
JVTS522201-NVY,SI,0,0
BCJS522207-BLK,SI,0,0
BCJS522206-WHT,SI,0,0
BCJS522205-NVY,SI,0,0
BCPT522202-BLK,SI,1,8
BCHD522202-BLK,SI,6,1
BCTS522205-BEI,SI,0,0
BCSH322201-RED,SI,0,23
BCSH322201-NVY,SI,0,0
BCPT322201-RED,SI,0,0
BCPT322201-NVY,SI,0,8
BCLS322201-NVY,SI,0,0
BCHD322201-NVY,SI,0,0
BCJS322204-RED,SI,6,0
BCTS322203-NVY,SI,0,0
BCTS322201-BLK,SI,0,0
BCTS322201-NVY,SI,0,0
BCTS322201-BLU,SI,0,0
MUNJS32201-NVY,NO,0,0
OLHJS32204-BLK,NO,0,0
OLHJS52204B-BLK,NO,0,0
MUNJS52202B-RED,NO,0,0
MUNSH52202-NVY,NO,0,0
MUNJS52201-NVY,NO,0,0
MUNJS52201B-NVY,NO,0,0
MUNSH52201-RED,NO,0,0
MUNJS52203-GRN,NO,0,0
MUNJS52203B-GRN,NO,0,0
FITS522202-NVY5,SI,0,0
FITS522202-WHT8,SI,0,0
FITS522202-RED6,SI,0,0
FITS522202-RED5,SI,0,0
FITS522202-YEL3,SI,0,0
FITS522202-RED4,SI,0,0
FITS522202-LHB,SI,0,0
FITS522202-YEL2,SI,0,0
FITS522202-WHT7,SI,0,0
FITS522202-WHT6,SI,0,0
FITS522202-RED3,SI,0,0
FITS522202-BLK2,SI,0,0
FITS522202-ORG,SI,0,0
FITS522202-RED2,SI,0,0
FITS522202-WHT5,SI,0,0
FITS522202-NVY4,SI,0,0
FITS522202-RED,SI,0,0
FITS522202-BLK,SI,0,0
FITS522202-WHT4,SI,0,0
FITS522208-BLK2,SI,0,0
FITS522208-GRY,SI,0,0
FITS522208-BLK,SI,0,0
FITS522208-WHT2,SI,3,0
FITS522208-NVY,SI,1,0
FITS522208-WHT,SI,0,0
FITS522207-NVY3,SI,0,0
FITS522207-NVY2,SI,0,0
FITS522207-NVY,SI,0,0
FITS522207-BLK,SI,0,0
FITS522207-BLU3,SI,0,0
FITS522207-ORG,SI,0,0
FITS522207-RED2,SI,0,0
FITS522207-BLU2,SI,0,0
FITS522207-RED,SI,0,0
FITS522207-BLU,SI,0,0
FITS522207-WHT,SI,0,0
FITS522207-YEL,SI,1,0
FITS522207-LHB,SI,5,0
FILS522201-RED,SI,0,0
FILS522201-BLK3,SI,0,0
FILS522201-YEL2,SI,0,0
FILS522201-WHT,SI,0,0
FILS522201-BLU,SI,0,0
FILS522201-BLK2,SI,0,0
FILS522201-NVY4,SI,0,0
FILS522201-NVY3,SI,0,0
FILS522201-BLK,SI,0,0
FILS522201-LHB,SI,0,0
FILS522201-NVY2,SI,0,0
FILS522201-YEL,SI,0,0
FILS522201-NVY,SI,0,0
FIPT522201-NVY7,SI,0,0
FIPT522201-NVY6,SI,0,0
FIPT522201-BLK3,SI,0,0
FIPT522201-BLU3,SI,0,0
FIPT522201-RED,SI,0,0
FIPT522201-BLU2,SI,0,0
FIPT522201-BLK2,SI,0,0
FIPT522201-NVY5,SI,0,0
FIPT522201-NVY4,SI,0,0
FIPT522201-BLK,SI,0,0
FIPT522201-NVY3,SI,0,0
FIPT522201-NVY2,SI,0,0
FIPT522201-BLU,SI,0,0
FIPT522201-NVY,SI,0,0
FIHD522201-RED3,SI,0,0
FIHD522201-NVY4,SI,0,0
FIHD522201-BLK3,SI,0,0
FIHD522201-BLU4,SI,0,0
FIHD522201-RED2,SI,0,0
FIHD522201-BLU3,SI,0,0
FIHD522201-BLK2,SI,0,0
FIHD522201-RED,SI,0,0
FIHD522201-NVY3,SI,0,0
FIHD522201-BLK,SI,0,0
FIHD522201-BLU2,SI,0,0
FIHD522201-NVY2,SI,0,0
FIHD522201-BLU,SI,0,0
FIHD522201-NVY,SI,0,0
FIJS522205-GRN,SI,0,0
FIJS522205-NVY2,SI,0,0
FIJS522205-WHT4,SI,0,0
FIJS522205-RED5,SI,0,0
FIJS522205-RED4,SI,0,0
FIJS522205-YEL3,SI,0,0
FIJS522205-RED3,SI,0,0
FIJS522205-LHB2,SI,0,0
FIJS522205-YEL2,SI,0,0
FIJS522205-WHT3,SI,0,0
FIJS522205-RED2,SI,0,0
FIJS522205-ORG,SI,0,0
FIJS522205-WHT2,SI,3,0
FIJS522205-NVY,SI,2,0
FIJS522205-RED,SI,2,0
FIJS522205-BLU,SI,0,0
FIJS522205-WHT,SI,2,0
FIJS522205-YEL,SI,3,0
FIJS522205-LHB,SI,1,0
FISW522203-NVY5,SI,0,0
FISW522203-NVY4,SI,0,0
FISW522203-BLK3,SI,0,0
FISW522203-BLK2,SI,0,0
FISW522203-NVY3,SI,0,0
FISW522203-NVY2,SI,0,0
FISW522203-BLK,SI,0,0
FISW522203-NVY,SI,0,0
FIPT522204-NVY9,SI,0,0
FIPT522204-NVY8,SI,0,0
FIPT522204-NVY7,SI,0,0
FIPT522204-NVY6,SI,0,0
FIPT522204-BLK3,SI,0,0
FIPT522204-NVY5,SI,0,0
FIPT522204-NVY4,SI,0,0
FIPT522204-NVY3,SI,0,0
FIPT522204-NVY2,SI,0,0
FIPT522204-BLK2,SI,0,0
FIPT522204-BLK,SI,0,0
FIPT522204-NVY,SI,0,0
FISW522202-NVY7,SI,0,0
FISW522202-NVY6,SI,0,0
FISW522202-NVY5,SI,0,0
FISW522202-NVY4,SI,0,0
FISW522202-BLK3,SI,0,0
FISW522202-BLK2,SI,0,0
FISW522202-NVY3,SI,0,0
FISW522202-NVY2,SI,0,0
FISW522202-BLK,SI,0,0
FISW522202-NVY,SI,0,0
FILS522202-NVY7,SI,0,0
FILS522202-NVY6,SI,0,0
FILS522202-NVY5,SI,0,0
FILS522202-NVY4,SI,0,0
FILS522202-BLK3,SI,0,0
FILS522202-BLK2,SI,0,0
FILS522202-NVY3,SI,0,0
FILS522202-NVY2,SI,0,0
FILS522202-BLK,SI,0,0
FILS522202-NVY,SI,0,0
FITS522204-GRN,SI,0,0
FITS522204-NVY2,SI,0,0
FITS522204-WHT4,SI,0,0
FITS522204-RED5,SI,0,0
FITS522204-RED4,SI,0,0
FITS522204-YEL3,SI,0,0
FITS522204-RED3,SI,0,0
FITS522204-LHB3,SI,0,0
FITS522204-YEL2,SI,0,0
FITS522204-WHT3,SI,0,0
FITS522204-RED2,SI,0,0
FITS522204-ORG,SI,0,0
FITS522204-WHT2,SI,1,0
FITS522204-RED,SI,0,0
FITS522204-WHT,SI,0,0
FITS522202-NVY3,SI,0,0
FITS522202-WHT3,SI,0,0
FITS522202-NVY2,SI,0,0
FITS522202-WHT2,SI,0,0
FITS522202-BLU,SI,0,0
FITS522202-YEL,SI,0,0
FITS522202-NVY,SI,0,0
FITS522202-WHT,SI,1,0
FITS522201-GRN,SI,0,0
FITS522201-NVY5,SI,0,0
FITS522201-WHT6,SI,0,0
FITS522201-RED6,SI,0,0
FITS522201-RED5,SI,0,0
FITS522201-YEL3,SI,0,0
FITS522201-RED4,SI,0,0
FITS522201-LHB2,SI,0,0
FITS522201-YEL2,SI,0,0
FITS522201-WHT5,SI,0,0
FITS522201-BLU2,SI,0,0
FITS522201-RED3,SI,0,0
FITS522201-BLK2,SI,0,0
FITS522201-ORG,SI,0,0
FITS522201-RED2,SI,0,0
FITS522201-WHT4,SI,0,0
FITS522201-NVY4,SI,0,0
FITS522201-RED,SI,0,0
FITS522201-BLK,SI,0,0
FITS522201-WHT3,SI,0,0
FITS522201-NVY3,SI,0,0
FITS522201-LHB,SI,0,0
FITS522201-NVY2,SI,0,0
FITS522201-WHT2,SI,0,0
FITS522201-BLU,SI,0,0
FITS522201-YEL,SI,0,0
FITS522201-NVY,SI,0,0
MUNSH52203-GRN,NO,0,0
MUNGKJS52201-BLK,NO,0,0
MUNGKSH52201-BLK,NO,0,0
MUNGKJS52201-YEL,NO,0,0
MUNGKSH52201-YEL,NO,0,0
BCBX522209-RED,SI,0,50
LLSH522202-BLK,SI,25,0
BUDSH522201-BLK,SI,20,0
LLTS522204-BLK,SI,0,0
LLTS522203-BLU,SI,0,0
SPRTS522202-GRY,SI,0,0
SPRTS522201-GRY,SI,0,0
SPRTS522201-BLU,SI,0,0
BCTS523109-BLK,SI,0,0
JVHD523101-BLK,SI,0,0
RACKPESA01,NO,0,0
MUNGKJS52201-GRN,NO,0,0
MUNGKSH52201-GRN,NO,0,0
MUNPL52205-RED,NO,0,0
MUNPL52205-NVY,NO,0,0
MUNSH52205-NVY,NO,0,0
MUNSH52204-NVY,NO,0,0
MUNSH52204-BLK,NO,0,0
MUNJK52208-NVY,NO,0,0
OLHSH52202-WHT,NO,0,0
MUNPT52208-NVY,NO,0,0
OLHJS52201-RED,NO,0,0
OLHSH52204-BLK,NO,0,0
OLHGKJS52201-YEL,NO,0,0
OLHGKSH52201-YEL,NO,0,0
OLHGKJS52201-GRN,NO,0,0
OLHGKSH52201-GRN,NO,0,0
OLHGKJS52201-BLK,NO,0,0
OLHGKSH52201-BLK,NO,0,0
OLHJS52203-RED,NO,0,0
OLHPL52206-BLK,NO,0,0
OLHPL52206-WHT,NO,0,0
OLHSH52206-BLK,NO,0,0
OLHJS52205-WHT,NO,0,0
OLHJS52205-RED,NO,0,0
OLHJS52205-BLU,NO,0,0
OLHSH52205-BLU,NO,0,0
OLHSH52205-BLK,NO,0,0
OLHJK52209-BLK,NO,0,0
OLHJK52208-BLK,NO,0,0
OLHPT52208-BLK,NO,0,0
ALJS52205-BLU,NO,0,0
FITS522201-WHT,SI,0,0
FIJS522207-BLK,SI,0,0
FIJS522207-NVY2,SI,0,0
FIJS522207-WHT4,SI,0,0
FIJS522207-RED5,SI,0,0
FIJS522207-RED4,SI,0,0
FIJS522207-YEL3,SI,1,0
FIJS522207-RED3,SI,0,0
FIJS522207-LHB2,SI,0,0
FIJS522207-YEL2,SI,0,0
FIJS522207-WHT3,SI,0,0
FIJS522207-RED2,SI,0,0
FIJS522207-ORG,SI,0,0
FIJS522207-WHT2,SI,1,0
FIJS522207-NVY,SI,0,0
FIJS522207-RED,SI,0,0
FIJS522207-BLU,SI,0,0
FIJS522207-WHT,SI,2,0
FIJS522207-YEL,SI,1,0
FIJS522207-LHB,SI,1,0
FIJS522206-BLK,SI,0,0
FIJS522206-NVY,SI,0,0
FIJS522206-WHT6,SI,0,0
FIJS522206-RED4,SI,0,0
FIJS522206-RED3,SI,0,0
FIJS522206-YEL3,SI,0,0
FIJS522206-WHT5,SI,0,0
FIJS522206-LHB,SI,0,0
FIJS522206-YEL2,SI,0,0
FIJS522206-WHT4,SI,0,0
FIJS522206-RED2,SI,0,0
FIJS522206-ORG,SI,0,0
FIJS522206-WHT3,SI,0,0
FIJS522206-BLU2,SI,0,0
FIJS522206-RED,SI,0,0
FIJS522206-BLU,SI,0,0
FIJS522206-WHT2,SI,0,0
FIJS522206-YEL,SI,0,0
FIJS522206-WHT,SI,0,0
FIJS522204-GRN,SI,5,0
FIJS522204-NVY2,SI,0,0
FIJS522204-WHT4,SI,0,0
FIJS522204-RED5,SI,0,0
FIJS522204-RED4,SI,0,0
FIJS522204-YEL3,SI,0,0
FIJS522204-RED3,SI,0,0
FIJS522204-LHB2,SI,0,0
FIJS522204-YEL2,SI,0,0
FIJS522204-WHT3,SI,0,0
FIJS522204-RED2,SI,0,0
FIJS522204-ORG,SI,0,0
FIJS522204-WHT2,SI,0,0
FIJS522204-NVY,SI,3,0
FIJS522204-RED,SI,1,0
FIJS522204-BLU,SI,0,0
FIJS522204-WHT,SI,7,0
FIJS522204-YEL,SI,4,0
FIJS522204-LHB,SI,3,0
FIJS522203-WHT8,SI,0,0
FIJS522203-WHT7,SI,0,0
FIJS522203-BLU4,SI,0,0
FIJS522203-WHT6,SI,0,0
FIJS522203-WHT5,SI,0,0
FIJS522203-NVY3,SI,0,0
FIJS522203-BLU3,SI,0,0
FIJS522203-WHT4,SI,0,0
FIJS522203-BLU2,SI,0,0
FIJS522203-RED2,SI,0,0
FIJS522203-WHT3,SI,0,0
FIJS522203-BLK2,SI,0,0
FIJS522203-RED,SI,1,0
FIJS522203-WHT2,SI,0,0
FIJS522203-NVY2,SI,0,0
FIJS522203-WHT,SI,0,0
FIJS522203-BLK,SI,1,0
FIJS522203-BLU,SI,0,0
FIJS522203-NVY,SI,0,0
FIJS522202-GRN,SI,0,0
FIJS522202-NVY2,SI,0,0
FIJS522202-WHT4,SI,0,0
FIJS522202-RED5,SI,0,0
FIJS522202-RED4,SI,0,0
FIJS522202-YEL3,SI,0,0
FIJS522202-RED3,SI,0,0
FIJS522202-LHB2,SI,0,0
FIJS522202-YEL2,SI,0,0
FIJS522202-WHT3,SI,0,0
FIJS522202-RED2,SI,0,0
FIJS522202-ORG,SI,0,0
FIJS522202-WHT2,SI,2,0
FIJS522202-NVY,SI,1,0
FIJS522202-RED,SI,1,0
FIJS522202-BLU,SI,0,0
FIJS522202-WHT,SI,0,0
FIJS522202-YEL,SI,1,0
FIJS522202-LHB,SI,1,0
NBADTABLES,NO,1,0
GF89H586619BKC,NO,1,0
CH52ASHOJ,NO,1,0
FITS522204-LHB2,SI,0,0
CH50ASPM3,NO,0,0
CH41ASPM3,NO,0,0
CH41AS040,NO,0,0
CH49ASPM3,NO,0,0
NFLEJS522001-RED,NO,0,0
NFLEJS522001-NVY,NO,0,0
NFLEJS522001-BLK,NO,0,0
NFLESH522001-RED,NO,0,0
NFLESH522001-NVY,NO,0,0
NBADTABLEL,NO,0,0
BIGDISPLAY,NO,0,0
NBAFLOORDISPLAY,NO,0,0
FLOORDISPLAY,NO,0,0
TSHIRTDISPLAY,NO,0,0
CCHD522203-BLK,NO,0,0
CCTS522213-BLK,NO,0,0
CCBK522202-BLK,NO,0,0
CCSB522202-BLK,NO,0,0
CCTS522214-RED,NO,0,0
CCLS52202-BLK,NO,0,0
CCBK522203-BLK,NO,0,0
CCSB522203-BLK,NO,0,0
NFLESH522001-BLK,NO,0,0
WL95659026713O,NO,0,0
NFLETS522001-BLK,NO,0,0
WL956590267003,NO,0,0
NFLETS522001-NVY,NO,0,0
NFLETS522001-RED,NO,0,0
NFLETS522002-WHT,NO,0,0
NFLETS522002-BLK,NO,0,0
NFLETS522002-NVY,NO,0,0
GF88HY07718NTC,NO,0,0
GF88HY0771893O,NO,0,0
CH171PZWH214O6,NO,0,0
GT23HY08160G61,NO,0,0
CH172ZWH612O6,NO,0,0
CH172Z2F612O6,NO,0,0
CH171BZWH612O6,NO,0,0
CH171BZBK612O6,NO,0,0
CH2238YA4612O6,NO,0,0
CH2238ZBK612O6,NO,0,0
CH2238VX4612O6,NO,0,0
CH1773Y38612O3,NO,0,0
CH1773YMC612O3,NO,0,0
CH1773Z2F612O3,NO,0,0
CH518ZBK612O3,NO,0,0
CH518ZWH612O3,NO,0,0
CH1673ZYH612O3,NO,0,0
CH1673YME612O3,NO,0,0
CH1683YMC612O3,NO,0,0
CH1683YMD612O3,NO,0,0
CH1603ZBK612O3,NO,0,0
CH1603ZWH612O3,NO,0,0
CH1603YMD612O3,NO,0,0
CHMC21ZBK612O3,NO,0,0
CHMC21ZWH612O3,NO,0,0
CHMC20ZWH612O3,NO,0,0
CHMC18ZWH612O3,NO,0,0
CH681YA4911O6,NO,0,0
CH681Z00911O6,NO,0,0
CH682Z00911O6,NO,0,0
CH508YA4911O6,NO,0,0
CH508YGM911O6,NO,0,0
CH509YN4911O6,NO,0,0
CH502ZPS911O3,NO,0,0
CH502YA4911O3,NO,0,0
CH503YIP911O3,NO,0,0
CH504ZWHOSZO3,NO,0,0
CH504YA4OSZO3,NO,0,0
CH507Z00911O3,NO,0,0
CH517YGM911O3,NO,0,0
CHWC21ZWH059O3,NO,0,0
CHWC20ZWH059O3,NO,0,0
CH171B-BLK,NO,0,0
M2270023,NO,0,0
M2270G586954CBS,NO,0,0
M2270G586954B+1,NO,0,0
CABBA9ASE,NO,0,0
NBACS32203-RED,SI,0,0
CH50ASXWH,NO,0,0
NBACS32202-BLK,SI,17,0
NBASS52203-GRY,SI,0,0
NBASS52202-PUR,SI,0,0
NBASS52202-BLK,SI,0,0
NBAHD32210-PUR,SI,6,0
NBAHD32210-RED,SI,0,0
NBASW32208-BLK,SI,19,0
NBASW32208-RED,SI,19,0
NBASW32208-BLK2,SI,8,0
NBASW32208-PUR,SI,9,0
NBASW32208-GRY4,SI,17,0
NBASW32208-BLU,SI,17,0
CH52ASXWH,NO,17,0
NBASW32208-BUR,NO,17,0
NBASW32208-GRY,NO,17,0
NBATS32224-AQU,NO,17,0
CH41ASXWH,NO,17,0
NBATS32224-LBL,NO,17,0
NBATS32210-BLK4,NO,17,0
NBATS32210-PUR,NO,17,0
NBATS32210-BLK3,NO,17,0
NBATS32210-WHT2,NO,17,0
NBASB521254-RED2,NO,17,0
NBASB521254-WHT,NO,17,0
NBASB521255-CAMO,NO,17,0
NBASB521255-CAMO2,NO,17,0
NBASB521255-CAMO3,NO,17,0
NBASB521255-CAMO4,NO,17,0
NBASB521255-CAMO5,NO,17,0
NBASB521255-CAMO6,NO,17,0
NBASB521256-BLK,SI,1,0
NBASB521256-BLK2,SI,1,0
NBASB521256-BLK3,NO,1,0
NBASB521256-BLK4,NO,1,0
NBASB521256-BLK5,NO,1,0
NBASB521256-BLK6,NO,1,0
NBASB521257-PNK,SI,28,0
NBASB521257-PNK2,SI,28,0
NBASB521257-PNK3,SI,28,0
NBASB521257-PNK4,SI,7,0
NBASB521257-PNK5,SI,7,0
NBASB521257-PNK6,SI,7,0
NBASB521258-BLK,NO,7,0
NBASB521258-BLK2,NO,7,0
NBASB521258-BLK3,NO,7,0
NBASB521258-BLK4,NO,7,0
NBASB521258-BLK5,NO,7,0
NBASB521258-BLK6,NO,7,0
RMSB52205-GRY,SI,0,0
RMSB52205-BLK,SI,0,0
RMSB52204-BLK,SI,0,0
RMSB52203-WHT,SI,0,0
RMSB52201-BLK,SI,0,0
CH52ASXBK,NO,0,0
GF22HY081600OC,NO,0,0
WL4275590266003,NO,0,0
S84569590254003,NO,0,0
S84569590256806,NO,0,0
S2974549967A1FF,NO,0,0
S4569549967A6IC,NO,0,0
GF002549967A1HC,NO,0,0
S0889407D55XZ7,NO,0,0
T59426549921NTC,NO,0,0
S9441G586634AIHB,NO,0,0
GF89H586619K74,NO,0,0
GF89H586619XZ7,NO,0,0
S343359024907N,NO,0,0
GF89H586619XEI,NO,0,0
GF89H5866191IC,NO,0,0
GF89H586620BKC,NO,0,0
GF89H5866201IC,NO,0,0
NBATS32210-BLK2,NO,0,0
NBACS32203-GRY,SI,0,0
NBATS32210-RED,NO,0,0
NBACS32203-YEL,SI,0,0
NBATS32210-BLK,NO,0,0
NBATS32210-WHT,NO,0,0
NBATS32210-BLK5,SI,7,0
NBATS32209-BLK3,NO,7,0
NBATS32209-WHT,NO,7,0
NBATS32209-YEL2,NO,7,0
NBATS32209-BLK2,NO,7,0
NBATS32209-BUR,NO,7,0
NBATS32209-PUR,NO,7,0
NBATS32209-WHT2,NO,7,0
NBATS32209-RED,NO,7,0
NBATS32209-BLK,NO,7,0
NBATS32209-GRN,NO,7,0
NBATS32208-BLK5,NO,7,0
NBATS32208-RED,NO,7,0
NBATS32208-BLK3,NO,7,0
NBATS32208-GRN,NO,7,0
NBATS32208-BLK4,NO,7,0
NBATS32208-ORG,NO,7,0
NBATS32208-BLK2,SI,2,0
NBATS32208-YEL,NO,2,0
NBATS32208-BLK,SI,1,0
NBASB32206-BLK4,SI,0,0
NBASB32206-BLK3,SI,0,0
NBASB32206-BLK2,SI,0,0
NBASB32206-BLK1,SI,0,0
NBASB32206-BLK,SI,0,0
ALJS52204-LBL,NO,0,0
ALJS52204-NVY,NO,0,0
ALJS52204-WHT,NO,0,0
ALJK52208-BLK,NO,0,0
AGJS52202-ORG,NO,0,0
AGSH52202-BLK,NO,0,0
AGJS52201-BLK,NO,0,0
AGSH52201-ORG,NO,0,0
AGGKJS52201-BLK,NO,0,0
AGGKSH52201-BLK,NO,0,0
AGGKJS52201-YEL,NO,0,0
AGGKSH52201-YEL,NO,0,0
AGJS52204-BLK,NO,0,0
AGPL52203-BLK,NO,0,0
AGPL52203-GRY,NO,0,0
AGSH52203-BLK,NO,0,0
AGJS52206-ORG,NO,0,0
AGJS52206-BLK,NO,0,0
AGJS52206-PUR,NO,0,0
AGSH52206-ORG,NO,0,0
AGSH52206-BLK,NO,0,0
AGJK52205-BLK,NO,0,0
AGJK52207-BLK,NO,0,0
AGPT52207-BLK,NO,0,0
MUNJS52206-NVY,NO,0,0
MUNJS52204-RED,NO,0,0
MUNJS52204-BLK,NO,0,0
MUNJS52204-GRN,NO,0,0
MUNJK52207-BLK,NO,0,0
OLHJS52207-WHT,NO,0,0
OLHJS52202-WHT,NO,0,0
OLHJS52201B-RED,NO,0,0
OLHSH52201-BLU,NO,0,0
OLHJS52204-BLK,NO,0,0
BCPJ522203-NVY,SI,0,49
PCBX522203-LBL,SI,0,49
PCPJ522203-NVY,SI,0,49
MCTS318207-RED,NO,0,49
MCTS318207-NVY,NO,0,49
MCTS318208-BLU,NO,0,49
MCTS318208-RED,NO,0,49
MCPL318101-RED,NO,0,49
MCPL318202-BLU,NO,0,49
MCJK318207-BLU,NO,0,49
MCPT318207-BLU,NO,0,49
MCJK318206-BLU,NO,0,49
MCPT318206-BLU,NO,0,49
NBABN32216-GRY,SI,0,0
PSGTS52212-BLU1,SI,17,0
PSGSB52207-BLK,SI,0,0
PSGTS52212-BLK1,SI,17,0
PSGTS52202-NVY,SI,2,0
PSGTS52201-WHT,SI,7,0
PSGTS52202-BLK,SI,8,0
PSGTS52212-BLU,SI,1,0
PSGTS52212-WHT,NO,1,0
PSGTS52213-BLK,SI,18,0
PSGTS52212-BLU2,SI,0,0
PSGTS52212-WHT2,NO,0,0
PSGTS52213-BLK2,SI,0,0
PSGSB52206-NVY,SI,0,0
GF685866811IC,NO,0,0
S3433590249003,NO,0,0
GF68586681BKC,NO,0,0
V3404590265003,NO,0,0
RMSB52201-GRY,SI,0,0
NBASB321202-RED,SI,0,0
NBASB32217-GRY,SI,0,0
NBASB32217-BLU,SI,0,0
NBASB32217-BLK,SI,0,0
NBASB32217-PUR,SI,0,0
NBASB32217-RED,SI,0,0
NBASB321205-GRY,SI,0,0
NBASB321205-GRN,SI,0,0
NBASB321205-YEL,SI,0,0
NBASB321205-WHT,SI,0,0
NBASB321205-RED,SI,0,0
NBASB32219-BLU,SI,0,0
NBASB32219-GRN,SI,0,0
NBASB32219-GRY,SI,0,0
NBASB32219-RED,SI,0,0
NBASB32219-PUR,SI,0,0
NBASB32228-GRY,SI,0,0
NBASB32228-GRN,SI,0,0
NBASB32228-BLU,SI,0,0
NBASB32228-PUR,SI,0,0
NBASB32228-RED,SI,0,0
NBASB321204-PUR2,SI,0,0
NBASB321204-BLK8,SI,0,0
NBASB321204-BLK7,SI,0,0
NBASB321204-GRY,SI,0,0
NBASB321204-NVY2,SI,0,0
NBASB321204-YEL2,SI,0,0
NBASB321204-BLK6,SI,0,0
MCPJ318202-BLU,NO,0,0
MCPJ318202-RED,NO,0,0
MCPJ318203-NVY,NO,0,0
BCJS518201-NVY,NO,0,0
BCJS518202-NVY,NO,0,0
BCJS518203-RED,NO,0,0
BCSH518201-NVY,NO,0,0
BCPL518201-NVY,NO,0,0
BCJK518201-NVY,NO,0,0
BCPT518201-NVY,NO,0,0
BCJK518202-NVY,NO,0,0
MLBHD52001-NVY2,SI,0,0
MLBTS520201-NVY2,SI,35,19
UMSB52210-BLK,NO,35,19
UMSB52203-NVY,NO,35,19
UMSB52204-BLK,NO,35,19
MLBTS520201-WHT,SI,43,11
20104440-11L,NO,43,11
STFTS522205-NVY,SI,0,0
STFTS522204-GRN,SI,5,0
STFTS522203-BLK,SI,36,0
STFTS522202-BLK,SI,19,0
STFTS522202-GRN,SI,11,0
STFTS522201-BLU,SI,0,0
STFTS522201-BLK,SI,39,0
BCSH522201-RED,SI,0,21
BCSH522201-NVY,SI,0,0
BCPT522201-RED,SI,0,0
BCPT522201-NVY,SI,0,0
BCLS522201-NVY,SI,0,0
BCJK522201-NVY,SI,4,3
BCHD522201-NVY,SI,0,0
BCJS522204-RED,SI,9,0
BCJS522202-BEI,SI,0,0
BCJS522201-BLU,SI,8,2
BCTS522204-BLK,SI,2,0
BCTS522203-NVY,SI,0,0
BCTS522202-NVY,SI,1,0
BCTS522201-BLK,SI,0,0
BCTS522201-NVY,SI,21,0
BCTS522201-BLU,SI,0,0
BCJS318201-NVY,NO,0,0
BCJS318202-NVY,NO,0,0
BCJS318203-RED,NO,0,0
BCSH318201-NVY,NO,0,0
NBASB321204-BLU4,SI,0,0
NBASB321204-NVY,SI,0,0
NBASB321204-YEL,SI,0,0
NBASB321204-AQU,SI,0,0
NBASB321204-BLU3,SI,0,0
NBASB321204-BEI,SI,0,0
NBASB321204-GRN,SI,0,0
NBASB321204-RED3,SI,0,0
NBASB321204-BLU2,SI,0,0
NBASB321204-BLK5,SI,0,0
NBASB321204-BLK4,SI,0,0
NBASB321204-PUR,SI,0,0
NBASB321204-BLK2,SI,0,0
NBASB321204-RED,SI,0,0
NBASB321204-BLK,SI,0,0
NBASB321203-GRY,SI,0,0
NBASB321203-BLK2,SI,0,0
NBASB321203-GRN,SI,0,0
NBASB321203-PUR,SI,0,0
NBASB321203-YEL,SI,0,0
NBASB321203-BLK,SI,0,0
NBASB321201-BLK6,SI,0,0
NBASB321201-GRY,SI,0,0
NBASB321201-BLK5,SI,0,0
NBASB321201-GRN,SI,0,0
NBASB321201-BLK4,SI,0,0
NBASB321201-BLU,SI,0,0
NBASB321201-BLK3,SI,0,0
NBASB321201-RED2,SI,0,0
NBASB321201-BLK2,SI,0,0
NBASB321201-WHT,SI,0,0
GF68586681C+C,NO,0,0
NIRTS52103-BLK,NO,0,0
T4177549921045,NO,0,0
GF22HY08160BKC,NO,0,0
T4177549921040,NO,0,0
GF22HY08160NYC,NO,0,0
S59370551873AZSF,NO,0,0
S6558586676003,NO,0,0
S6558586676ZSP,NO,0,0
BCPL318201-NVY,NO,0,0
BCJK318201-NVY,NO,0,0
BCPT318201-NVY,NO,0,0
BCJK318202-RED,NO,0,0
UUM165311U-C44,NO,0,0
ALPT52207-BLU,NO,0,0
ALJK52207-BLU,NO,0,0
ALSH52201-LBL,NO,0,0
ALJS52202-WHT,NO,0,0
ALSH52202B-WHT,NO,0,0
ALJS52202B-WHT,NO,0,0
ALJS52202C-WHT,NO,0,0
ALJS52202D-WHT,NO,0,0
ALJS52201-BLK,NO,0,0
ALJS52201C-BLK,NO,0,0
ALJS52201D-BLK,NO,0,0
20104400-0V9,NO,0,0
20104480-5M2,NO,0,0
20104400-027,NO,0,0
20104400-01L,NO,0,0
20104540-2M9,NO,0,0
20104540-VM9,NO,0,0
20104540-8M9,NO,0,0
20104540-1M9,NO,0,0
20104530-05L,NO,0,0
20104480-027,NO,0,0
20104530-027,NO,0,0
20104480-01L,NO,0,0
20104530-019,NO,0,0
20104500-02V,NO,0,0
20104500-1ML,NO,0,0
20104500-2M9,NO,0,0
20104430-11L,NO,0,0
20104430-559,NO,0,0
20104430-227,NO,0,0
OLHD52206-BLK,NO,0,0
OLJK52204-BLK,NO,0,0
OLJS52201-BLK,NO,0,0
20104440-227,NO,0,0
20104470-2M2,NO,0,0
20104620-018,NO,0,0
20104390-0V9,NO,0,0
20104390-027,NO,0,0
20104390-01L,NO,0,0
20104490-1ML,NO,0,0
20104490-2M5,NO,0,0
20104630-029,NO,0,0
S6558586676C+A,NO,0,0
T59375551873AZTF,NO,0,0
T59375551873AZSF,NO,0,0
GF89HY067940OC,NO,0,0
T4177549921003,NO,0,0
GF934Y08160001,NO,0,0
H01014586283806,NO,0,0
P0502590252003,NO,0,0
H01014586283003,NO,0,0
P0502590252806,NO,0,0
GF937Y07459AC5,NO,0,0
P3700549967A1FF,NO,0,0
H01014586283C+C,NO,0,0
81622407Q88MLV,NO,0,0
H78949586885806,NO,0,0
81622407Q88K77,NO,0,0
859414549314A3RF,NO,0,0
859414549314A3VF,NO,0,0
H78949586885H1S,NO,0,0
NBABN32216-BLK1,SI,0,0
NBABN32216-ORG,SI,0,0
NBABN32216-PUR,SI,0,0
NBABN32216-BLK,SI,0,0
NBASB32235-BLU,SI,0,0
NBASB32235-YEL,SI,0,0
NBASB32235-GRY,SI,0,0
NBASB32235-PUR,SI,0,0
NBASB32235-RED,SI,0,0
NBASB321202-BLU,SI,0,0
NBASB321202-RED2,SI,0,0
NBASB321202-GRN,SI,0,0
NBASB321202-BLK3,SI,0,0
NBASB321202-PUR,SI,0,0
NBASB321202-BLK2,SI,0,0
NBASB321202-BLK,SI,0,0
PSGSB52206-WHT,SI,0,0
RMSB52202-BGE,SI,0,0
PSGSB52205-GRY,SI,0,0
PSGSB52205-NVY,SI,0,1
PSGSB52204-BLK,SI,0,0
PSGSB52204-NVY,SI,0,0
PSGSB52203-WHT,SI,0,0
PSGSB52202-BLK,SI,0,0
PSGSB52202-WHT,SI,0,0
PSGSB52201-BLK,SI,0,0
PSGSB52201-NVY,SI,1,10
PSGSB32207-NVY,SI,0,6
PSGSB32207-BLK,SI,0,11
PSGSB32206-NVY,SI,1,1
PSGSB32206-WHT,SI,0,1
PSGSB32204-BLK,SI,0,0
PSGSB32204-NVY,SI,0,0
PSGSB32202-BLK,SI,0,0
PSGSB32202-WHT,SI,0,0
RMSB32205-BLU,SI,6,0
RMSB32205-BLK,SI,0,0
NBATS321425-BLK,SI,0,0
NBATS321425-BLK3,SI,0,0
NBATS321425-GRY,SI,0,0
NBATS321424-YLW,SI,47,0
NBATS321424-BLK3,SI,31,0
NBATS321424-GRY,SI,0,0
NBATS321424-BLU,SI,0,0
NBATS321424-BLK,SI,31,0
NBATS321424-GRN,SI,0,0
NBATS321424-BLK2,SI,0,0
NBAHD321002-GRY,SI,0,0
NBAHD321002-BLK,SI,0,0
NBAHD321002-GRN,SI,0,0
NBAHD321002-PUR,SI,0,0
NBAHD321002-BLK2,SI,0,0
NBAHD321002-BLU,SI,0,0
NBAPT321001-GRY,SI,0,0
NBAPT321001-BLU,SI,0,0
NBAPT321001-BLK,SI,0,0
NBAPT321001-BLK3,SI,0,0
NBAPT321001-BLK4,SI,0,0
NBAPT321001-BLK2,SI,0,0
RMPJ32203-NVY,NO,0,0
NBAPJ32203-RED,NO,0,0
NBAPJ32203-BLK,NO,0,0
NBAPJ32203-PUR,NO,0,0
NBAPJ32203-GRY,NO,0,0
NBASB52241-WHT,SI,0,0
NBASB52216-GRY,SI,0,0
NBASB52216-RED1,SI,0,0
NBASB52216-BLK,SI,0,0
NBASB52216-RED,SI,0,0
NBASB52215-BLK,SI,0,0
NBASB52215-RED,SI,4,0
NBASB52215-PUR,SI,0,0
NBASB52215-GRY,SI,1,0
NBASB52214-GRY,SI,0,0
NBASB52214-RED1,SI,0,0
NBASB52214-PUR,SI,4,0
NBASB52214-RED,SI,4,0
NBABN52203-GRY,SI,0,0
NBABN52203-BLK,SI,0,0
NBABN52203-PUR,SI,0,0
NBABN52203-RED,SI,0,0
NBASB52213-GRY,SI,0,0
NBASB52213-RED1,SI,0,0
NBASB52213-PUR,SI,0,0
NBASB52213-RED,SI,0,0
NBASB52212-BLK3,SI,0,0
NBASB52257-PUR,SI,10,0
NBASB52257-RED,SI,19,0
NBASB52256-GRY4,SI,0,0
NBASB52256-GRY3,SI,0,0
NBASB52256-GRY2,SI,0,0
NBASB52256-GRY1,SI,9,0
NBASB52256-GRY,SI,9,0
NBASB52255-BLK4,SI,6,0
NBASB52255-BLK3,SI,6,0
NBASB52255-BLK2,SI,6,0
NBASB52255-BLK1,SI,8,0
NBASB52255-BLK,SI,15,0
NBASB52254-GRN,SI,8,0
NBASB52254-BUR,SI,5,0
NBASB52254-BLK1,SI,0,0
NBASB52254-BLK,SI,8,0
NBASB52254-RED,SI,7,0
NBABC52212-GRY,SI,4,0
RMSB32203-WHT,SI,0,0
RMSB32201-GRY,SI,0,0
RMSB52207-GRY,SI,0,0
RMSB52206-GRY,SI,0,0
RMSB52205-BLU,SI,0,0
NBASB52212-BLK2,SI,0,0
NBASB52212-BLK1,SI,0,0
NBASB52212-BLK,SI,0,0
NBASB52211-BLK3,SI,0,0
NBASB52211-BLK2,SI,0,0
NBASB52211-RED,SI,0,0
NBASB52211-BLK1,SI,0,0
NBASB52211-BLK,SI,2,0
NBASB52210-GRN,SI,0,0
NBASB52210-GRY,SI,0,0
NBASB52210-RED1,SI,0,0
20104510-027,NO,0,0
20104640-02V,NO,0,0
20104510-072,NO,0,0
20104640-018,NO,0,0
JVSB52207-BLK,SI,0,0
JVSB52206-BLK,SI,0,0
JVSB52205-BLK,SI,0,0
JVSB52204-BLK,SI,0,0
JVSB52203-GRY,SI,0,0
JVSB52202-BLK,SI,0,0
JVSB52201-BLK,SI,0,0
BCSB52209-NVY,SI,0,0
BCSB52208-BUR,SI,0,0
BCSB52207-GRY,SI,0,0
BCSB52206-BLK,SI,0,0
BCSB52205-NVY,SI,0,0
BCSB52204-NVY,SI,0,0
BCSB52203-RED,SI,0,0
BCSB52202-BLK,SI,0,0
BCSB52201-NVY,SI,0,0
OLSB52207-BLK,NO,0,0
OLTS52202-BLK,NO,0,0
OLJS52203-WHT,NO,0,0
OLSO52208-BLK,NO,0,0
BCTS52213-GRY,NO,0,0
BCTS52213-NVY,NO,0,0
BCTS52212-NVY,NO,0,0
BCTS52212-BLU,NO,0,0
BCTS52211-NVY,NO,0,0
BCTS52211-BLK,NO,0,0
BCTS52210-BLK,NO,0,0
BCTS52210-NVY,NO,0,0
BCTS52209-BLK,NO,0,0
BCTS52209-BLU,NO,0,0
BCTS52208-RED,NO,0,0
BCTS52208-BLK,NO,0,0
BCTS52207-BLU,NO,0,0
BCTS52207-NVY,NO,0,0
NASSL52201-BLK,SI,55,0
NASSL62203-BLK,NO,55,0
NASSL62202-PNK,SI,0,0
NASSL62202-WHT,SI,0,0
NASSL62201-WTH,NO,0,0
NASSL52201-BLK1,SI,85,0
MLBPJ32203-GRY,NO,85,0
JVPJ32203-BLK,NO,85,0
BCPJ32203-NVY,NO,85,0
NBASB52210-PUR,SI,0,0
NBASB52210-RED,SI,0,0
NBABC52203-BLU,SI,0,0
NBABC52203-BLK3,SI,0,0
NBABC52203-BLK2,SI,0,0
NBABC52203-BLK1,SI,0,0
NBABC52203-BLK,SI,0,0
NBASB52209-BLU,SI,0,0
NBASB52209-PUR,SI,0,0
NBASB52209-RED,SI,0,0
NBASB52208-BLU,SI,0,0
NBASB52208-BLK1,SI,0,0
NBASB52208-BLK,SI,0,0
NBASB52208-PUR,SI,0,0
NBASB52208-RED,SI,0,0
NBASB52207-BLK4,SI,0,0
NBASB52207-BLK3,SI,0,0
NBASB52207-BLK2,SI,0,0
NBASB52207-BLK1,SI,0,0
NBASB52207-BLK,SI,11,0
NBASB52206-BLK4,SI,0,0
NBASB52206-BLK3,SI,0,0
NBASB52206-BLK2,SI,0,0
NBASB52206-BLK1,SI,10,0
NBASB52206-BLK,SI,10,0
NBABN52202-BLU,SI,0,0
NBABN52202-GRY,SI,0,0
NBABN52202-RED1,SI,0,0
NBABN52202-PUR,SI,0,0
NBABN52202-RED,SI,1,0
NBASB52205-GRY2,SI,0,0
NBASB52205-GRY1,SI,0,0
NBASB52205-GRY,SI,0,0
NBASB52204-BLK7,SI,0,0
NBASB52204-BLK6,SI,0,0
NBASB52204-BLK5,SI,0,0
NBASB52204-BLK4,SI,0,0
NBASB52204-BLK3,SI,1,0
NBASB52204-BLK2,SI,0,0
NBASB52204-BLK1,SI,1,0
NBASB52204-BLK,SI,0,0
NBASB52203-PUR1,SI,0,0
NBASB52203-BLU,SI,0,0
NBASB52203-TUR,SI,0,0
NBASB52203-GRN,SI,0,0
NBASB52203-PUR,SI,0,0
NBASB52203-GRY,SI,0,0
NBASB52203-RED1,SI,0,0
NBASB52203-RED,SI,0,0
NBABC52212-BLK,SI,4,0
NBABC52212-ORG,SI,0,0
NBABC52212-YEL,SI,5,0
NBABC52212-RED,SI,5,0
NBABN52216-GRY,SI,0,0
NBABN52216-BLK1,SI,0,0
NBABN52216-ORG,SI,0,0
NBABN52216-PUR,SI,0,0
NBABN52216-BLK,SI,0,0
NBASB52253-GRY,SI,0,0
NBASB52253-GRN,SI,6,0
NBASB52253-BLU,SI,7,0
NBASB52253-PUR,SI,2,0
NBASB52253-RED,SI,3,0
NBASB52252-GRY,SI,0,0
NBASB52252-BLK,SI,0,0
NBASB52252-ORG,SI,0,0
NBASB52252-YEL,SI,0,0
NBASB52252-RED,SI,0,0
NBASB52251-GRY,SI,6,0
NBASB52251-GRN,SI,6,0
NBASB52251-ORG,SI,5,0
NBASB52251-YEL,SI,10,0
NBASB52251-RED,SI,7,0
NBABC52211-ORG,SI,0,0
NBABC52211-PUR,SI,0,0
NBABC52211-BLU,SI,0,0
NBABC52211-TUR,SI,0,0
NBABN52215-ORG,SI,0,0
NBABN52215-PUR,SI,0,0
NBABN52215-BLU,SI,0,0
NBABN52215-TUR,SI,0,0
NBASB52250-ORG,SI,0,0
NBASB52250-PUR,SI,0,0
NBASB52250-BLU,SI,0,0
NBASB52250-TUR,SI,0,0
NBASB52249-WHT3,SI,8,0
NBASB52249-WHT2,SI,6,0
NBASB52249-WHT1,SI,0,0
NBASB52249-WHT,SI,8,0
NBASB52248-ORG,SI,0,0
NBASB52248-LIL,SI,0,0
NBASB52248-LBL,SI,0,0
NBASB52248-TUR,SI,0,0
NBASB52247-BLK3,SI,0,0
NBASB52247-BLK2,SI,0,0
NBASB52247-BLK1,SI,0,0
NBASB52247-BLK,SI,0,0
NBABC52209-BLU,SI,4,0
NBABC52209-BLK3,SI,6,0
NBABC52209-BLK2,SI,0,0
NBABC52209-BLK1,SI,6,0
NBABC52209-BLK,SI,6,0
NBASB52236-BLK3,SI,5,0
NBASB52236-BLU,SI,8,0
NBASB52236-BLK2,SI,7,0
NBASB52236-BLK1,SI,3,0
NBASB52236-BLK,SI,5,0
NBASB52235-BLU,SI,0,0
NBASB52235-YEL,SI,0,0
NBASB52235-GRY,SI,0,0
NBASB52235-PUR,SI,0,0
NBASB52235-RED,SI,0,0
NBABN52214-GRN,SI,0,0
NBABN52214-BLU,SI,0,0
NBABN52214-WHT,SI,0,0
NBABN52214-PUR,SI,5,0
NBABN52214-RED,SI,6,0
NBASB52246-BLK4,SI,0,0
NBASB52246-BLK3,SI,0,0
NBASB52246-BLK2,SI,0,0
NBASB52246-BLK1,SI,0,0
NBASB52246-BLK,SI,0,0
NBASB52245-GRN,SI,0,0
NBASB52245-BLU,SI,0,0
NBASB52245-WHT,SI,0,0
NBASB52245-PUR,SI,0,0
NBASB52245-RED,SI,0,0
NBASB52244-BLK4,SI,35,0
NBASB52244-GRN,SI,0,0
NBASB52244-BLK3,SI,8,0
NBASB52244-BLU,SI,0,0
NBASB52244-BLK2,SI,31,0
NBASB52244-WHT,SI,0,0
NBASB52244-BLK1,SI,0,0
NBASB52244-YEL,SI,7,0
NBASB52244-RED,SI,9,0
NBASB52244-BLK,SI,0,0
NBABC52216-GRY,SI,10,0
NBABC52216-GRN,SI,8,0
NBABC52216-PUR,SI,10,0
NBABC52216-RED,SI,12,0
NBABN52220-GRY,SI,3,0
NBABN52220-GRN,SI,0,0
NBABN52220-PUR,SI,6,0
NBABN52220-RED,SI,6,0
NBASB52266-WHT3,SI,0,0
NBASB52266-WHT2,SI,0,0
NBASB52266-WHT1,SI,5,0
NBASB52266-WHT,SI,6,0
NBASB52265-GRY,SI,8,0
NBASB52265-GRN,SI,6,0
NBASH321617-BLK,NO,6,0
NBASH521613-RL2,NO,6,0
GT23H586583003,NO,6,0
GT23H586583031,NO,6,0
GT23H586583045,NO,6,0
NBASH521619-BK2,NO,6,0
NBASB52265-YEL,SI,12,0
NBASB52265-RED,SI,9,0
NBASB52264-GRY,SI,6,0
NBASB52264-GRN,SI,6,0
NBASB52264-PUR,SI,11,0
NBASB52264-RED,SI,12,0
NBABC52215-WHT3,SI,0,0
NBABC52215-WHT2,SI,0,0
NBABC52215-WHT1,SI,0,0
NBABC52215-WHT,SI,0,0
NBABN52219-DGRY3,SI,0,0
NBABN52219-DGRY2,SI,0,0
NBABN52219-DGRY1,SI,0,0
NBABN52219-DGRY,SI,0,0
NBASB52263-WHT3,SI,0,0
NBASB52263-WHT2,SI,0,0
NBASB52263-WHT1,SI,0,0
NBASB52263-WHT,SI,0,0
NBASB52262-BLK3,SI,0,0
NBASB52262-BLK2,SI,0,0
NBASB52262-BLK1,SI,0,0
NBASB52262-BLK,SI,0,0
NBASB52261-BLK3,SI,0,0
NBASB52261-BLK2,SI,0,0
NBASB52261-BLK1,SI,0,0
NBASB52261-BLK,SI,0,0
NBASB52260-WHT3,SI,0,0
NBASB52260-BLK3,SI,8,0
NBASB52260-WHT2,SI,0,0
NBASB52260-BLK2,SI,0,0
NBASB52260-WHT1,SI,0,0
NBASB52260-BLK1,SI,0,0
NBASB52260-WHT,SI,0,0
NBASB52260-BLK,SI,2,0
NBABC52214-WHT,SI,10,0
NBABC52214-TUR,SI,6,0
NBABC52214-PUR,SI,10,0
NBABC52214-RED,SI,12,0
NBABN52218-BLK1,SI,4,0
NBABN52218-TUR,SI,0,0
NBABN52218-PUR,SI,4,0
NBABN52218-BLK,SI,18,0
NBASB52259-BLK1,SI,0,0
NBASB52259-BLK,SI,0,0
NBASB52259-GRY,SI,0,0
NBASB52259-RED,SI,0,0
NBASB52258-WHT,SI,0,0
NBASB52258-TUR,SI,5,0
NBASB52258-PUR,SI,0,0
NBASB52258-RED,SI,0,0
NBASB52243-BLK3,SI,0,0
NBASB52243-BLK2,SI,6,0
NBASB52243-BLK1,SI,0,0
NBASB52243-BLK,SI,0,0
NBASB52242-BLK3,SI,0,0
NBASB52242-WHT,SI,0,0
NBASB52242-TUR,SI,0,0
NBASB52242-BLK2,SI,6,0
NBASB52242-BLK1,SI,2,0
NBASB52242-PUR,SI,0,0
NBASB52242-RED,SI,0,0
NBASB52242-BLK,SI,0,0
NBASB52241-RED1,SI,0,0
NBASB52241-PUR,SI,0,0
NBASB52241-GRN,SI,0,0
NBASB52241-RED,SI,0,0
NBASB52240-WHT,SI,0,0
NBASB52240-RED1,SI,0,0
NBASB52240-PUR,SI,0,0
NBASB52240-GRN,SI,0,0
NBASB52240-RED,SI,0,0
NBABN52213-WHT,SI,0,0
NBABN52213-RED1,SI,0,0
NBABN52213-PUR,SI,1,0
NBABN52213-GRN,SI,0,0
NBABN52213-RED,SI,0,0
NBASB52238-RED1,SI,0,0
NBASB52238-GRN,SI,0,0
NBASB52238-PUR,SI,0,0
NBASB52238-GRY,SI,0,0
NBASB52238-RED,SI,0,0
NBASB52237-RED1,SI,0,0
NBASB52237-GRN,SI,0,0
NBASB52237-PUR,SI,0,0
NBASB52237-GRY,SI,0,0
NBASB52237-RED,SI,0,0
NBABN52212-RED1,SI,0,0
NBABN52212-GRN,SI,0,0
NBABN52212-PUR,SI,5,0
NBABN52212-GRY,SI,4,0
NBABN52212-RED,SI,5,0
NBASB52234-BLU,SI,8,0
NBASB52234-GRN,SI,3,0
NBASB52202-PUR,SI,0,0
NBASB52202-TUR,SI,0,0
NBASB52202-BLU,SI,0,0
NBASB52202-GRN,SI,0,0
NBASB52202-RED1,SI,0,0
NBASB52202-RED,SI,0,0
NBASB52201-WHT7,SI,0,0
NBASB52201-WHT6,SI,0,0
NBASB52201-WHT5,SI,0,0
NBASB52201-WHT4,SI,0,0
NBASB52201-WHT3,SI,0,0
NBASB52201-WHT2,SI,0,0
NBASB52201-WHT1,SI,0,0
NBASB52201-WHT,SI,0,0
NBABC52201-PUR,SI,0,0
NBABC52201-BLU,SI,0,0
NBABC52201-TUR,SI,0,0
NBABC52201-GRN,SI,0,0
NBABC52201-YEL,SI,0,0
NBABC52201-WHT,SI,0,0
NBABC52201-RED,SI,0,0
NBABC52201-BUR,SI,0,0
NBABN52201-PUR,SI,0,0
NBABN52201-BLU,SI,0,0
NBABN52201-TUR,SI,0,0
NBABN52201-GRN,SI,0,0
NBABN52201-YEL,SI,0,0
NBABN52201-WHT,SI,0,0
NBABN52201-RED1,SI,0,0
NBABN52201-RED,SI,0,0
PWCS52201-BLU,SI,0,0
PWFF52201-BLU,NO,0,0
PWSL52202-WHT,NO,0,0
PWSL62201-RED,NO,0,0
MTSL52201-BLK,NO,0,0
MTCS52201-BLU,SI,0,0
MTFF52201-BLK,NO,0,0
NBAFLOORTOWER,NO,0,0
WALLPANEL,NO,0,0
CCJK522201-RED,NO,0,0
CCTS522212-BLK,NO,0,0
SOUSS62201-BLK,NO,0,0
SOUSS52201-BLK,NO,0,0
SOUCS62201-PUR,SI,0,0
SOUCS52201-BLK,SI,0,0
SOUSL62201-LHB,NO,0,0
SOUSL52201-BLK,NO,0,0
SOUFF62201-BLK,NO,0,0
SOUFF52201-BLK,NO,0,0
NBABC52213-GRN,SI,0,0
NBABC52213-BUR,SI,0,0
NBABC52213-PUR,SI,6,0
NBABC52213-WHT,SI,0,0
NBABC52213-RED,SI,6,0
NBABN52217-BLK4,SI,16,0
NBABN52217-BLK3,SI,5,0
NBABN52217-BLK2,SI,5,0
NBABN52217-BLK1,SI,22,0
NBABN52217-BLK,SI,22,0
NBASB52257-GRN,SI,0,0
NBASB52257-BUR,SI,7,0
NBASB52257-GRY,SI,0,0
NBAJP52203-BLK5,NO,0,0
RMPJ62202-LBL,SI,0,0
NBAPJ62204-BLK,SI,0,0
NBAPJ62204-GRY,SI,0,0
NBAPJ62202-GRY2,SI,0,0
NBASB52234-BLK,SI,1,0
NBASB52234-RED1,SI,0,0
NBASB52234-PUR,SI,6,0
NBASB52234-RED,SI,0,0
NBASB52233-BLU,SI,0,0
NBASB52233-GRN,SI,0,0
NBASB52233-BLK,SI,0,0
NBASB52233-RED1,SI,0,0
NBASB52233-PUR,SI,10,0
NBASB52233-RED,SI,0,0
BUDCS2202-NVY,SI,69,0
BUDSS52201-RED,NO,69,0
PCCS52201-BLK,SI,0,0
BUDSS62201-BLK,SI,0,0
PCCS62201-PUR,NO,0,0
WNBASB62215-BLK,SI,0,0
WNBASB62214-WHT,SI,0,0
WNBASB62213-WHT,SI,0,0
WNBABC62209-BLK,SI,0,0
WNBASB62212-PNK,SI,0,0
WNBABC62208-PNK,SI,0,0
OLSL52209-BLK,NO,0,0
JVSB32204-BLK,NO,0,0
JVSB32203-GRY,SI,0,0
BCSB32208-BUR,SI,0,0
BCSB32207-GRY,SI,21,0
BCSB32205-NVY,SI,2,0
BCSB32203-RED,SI,3,0
BCSB32201-NVY,SI,22,0
JVSB32206-BLK,SI,0,0
JVSB32205-BLK,SI,0,0
JVSB32201-BLK,SI,0,0
LLCS62201-PUR,NO,0,0
LLCS52201-BLK,SI,0,0
LLSL52202-BLK,NO,0,0
LLSL62201-PUR,NO,0,0
PCSS52202-BLK,NO,0,0
PCSS52201-BLK,NO,0,0
PCSL52201-BLK,NO,0,0
PCFF62201-BLU,NO,0,0
PCFF52201-BLK,SI,61,0
SFSS52201-BLK,SI,0,0
SFCS52201-BLK,NO,0,0
SFSL52201-RED,NO,0,0
SFFF52201-RED,NO,0,0
ATASS62202-WHT,SI,0,0
ATAFF52202-RED,NO,0,0
ATASL62202-PUR,SI,0,0
PWCS62202-PUR,SI,0,0
ATASS52201-BLK,SI,0,0
ATACS52201-BLK,SI,0,0
ATAFF62201-PUR,NO,0,0
ATASL52201-BLK,SI,0,0
CORFF52201-NVY,SI,10,0
CORFF62201-NVY,NO,10,0
CORSS52203-YEL,NO,10,0
CORSS62201-NVY,NO,10,0
NBABC52207-BLU,SI,0,0
NBABC52207-GRN,SI,0,0
NBABC52207-GRY,SI,0,0
NBABC52207-RED1,SI,0,0
NBABC52207-PUR,SI,0,0
NBABC52207-RED,SI,0,0
NBABN52211-BLU,SI,0,0
NBABN52211-GRN,SI,0,0
NBABN52211-GRY,SI,0,0
NBABN52211-RED1,SI,0,0
NBABN52211-PUR,SI,2,0
NBABN52211-RED,SI,0,0
NBASB52232-GRN,SI,0,0
NBASB52232-GRY,SI,0,0
NBASB52232-RED1,SI,1,0
NBASB52232-PUR,SI,0,0
NBASB52232-RED,SI,1,0
NBASB52231-GRN,SI,0,0
NBASB52231-GRY,SI,0,0
NBASB52231-RED1,SI,0,0
NBASB52231-PUR,SI,1,0
NBASB52231-RED,SI,0,0
NBABC52205-GRN,SI,0,0
NBABC52205-GRY,SI,0,0
NBABC52205-RED1,SI,0,0
NBABC52205-PUR,SI,0,0
NBABC52205-RED,SI,0,0
NBABN52210-GRN,SI,3,0
NBABN52210-GRY,SI,3,0
NBABN52210-RED1,SI,3,0
NBABN52210-PUR,SI,5,0
NBABN52210-RED,SI,4,0
NBASB52230-BLK2,SI,0,0
NBASB52230-BLU,SI,0,0
NBASB52230-BLK1,SI,0,0
NBASB52230-PUR,SI,4,0
NBASB52230-BLK,SI,10,0
NBASB52229-BLK2,SI,0,0
NBASB52229-BLU,SI,0,0
NBASB52229-BLK1,SI,0,0
NBASB52229-PUR,SI,2,0
NBASB52229-BLK,SI,2,0
NBABN52209-GRY4,SI,0,0
NBABN52209-GRY3,SI,0,0
NBABN52209-GRY2,SI,0,0
NBABN52209-GRY1,SI,0,0
NBABN52209-GRY,SI,0,0
CORCS52202-YEL,SI,10,0
CORCS62201-NVY,SI,0,0
CORSL62202-NVY,SI,0,0
CORSL52201-NVY,SI,97,0
MLBJK522201-BLU,SI,10,0
NASSS52201-NVY,SI,0,0
NASCS52202-BLK,SI,79,0
NASCS52201-BLK,SI,44,0
NASSL62201-PNK,NO,44,0
NASSL52202-NVY,SI,64,0
BUDSL2202-RED,SI,64,0
BUDCS2201-RED,SI,0,0
BUDSL52201-BLK,NO,0,0
BUDFF52201-NVY,SI,10,0
BUDFF62201-NVY,NO,10,0
SUVCS52201-BLK,NO,10,0
SUVFF62201-PUR,NO,10,0
SUVFF52201-GRN,NO,10,0
SUVSL52201-BLK,NO,10,0
SMSS62202-BLK,SI,0,0
SMSS62201-NVY,NO,0,0
SMCS62201-PUR,SI,0,0
SMCS52201-BLU,SI,0,0
SMFF62201-BLU,NO,0,0
GFSS52201-BLK,NO,0,0
GFCS52201-BLK,SI,0,0
GFSL52201-BLK,NO,0,0
GFFF52201-BLK,NO,0,0
BAYSL62201-RED,SI,0,0
BAYSL52201-NVY,NO,0,0
BAYFF62201-NVY,NO,0,0
BAYFF52201-NVY,NO,0,0
MLBHD32001-NVY,SI,9,0
BCPJ62202-BLU,SI,0,0
BCPJ62201-BLU,SI,0,0
MLBPJ52203-BLU,SI,0,0
MLBPJ52203-GRY,SI,0,0
JVPJ52203-BLK,SI,19,0
BCPJ52203-NVY,SI,9,0
PCPJ52203-BLU,SI,0,0
NASPJ52203-BLK,SI,0,0
GFPJ52203-RED,SI,0,0
ACPJ52203-GRY,SI,0,0
BCPJ52204-NVY,SI,0,0
BCPJ52205-NVY,SI,0,0
BCPJ52206-NVY,SI,9,0
WKSB52204-BLK,SI,0,0
NBASB52228-GRY,SI,0,0
NBASB52228-GRN,SI,0,0
NBASB52228-BLU,SI,0,0
NBASB52228-PUR,SI,19,0
NBASB52228-RED,SI,16,0
NBASB52227-GRY,SI,5,0
NBASB52227-GRN,SI,2,0
NBASB52227-BLU,SI,0,0
NBASB52227-PUR,SI,6,0
NBASB52227-RED,SI,6,0
NBASB52226-RED1,SI,0,0
NBASB52226-BLU,SI,0,0
NBASB52226-GRY,SI,0,0
NBASB52226-GRN,SI,0,0
NBASB52226-RED,SI,0,0
NBASB52226-PUR,SI,0,0
NBASB52225-RED1,SI,2,0
NBASB52225-BLU,SI,6,0
NBASB52225-GRY,SI,5,0
NBASB52225-GRN,SI,2,0
NBASB52225-RED,SI,8,0
NBASB52225-PUR,SI,8,0
NBABN52208-RED1,SI,0,0
NBABN52208-BLU,SI,0,0
NBABN52208-GRY,SI,0,0
NBABN52208-GRN,SI,0,0
NBABN52208-RED,SI,0,0
NBABN52208-PUR,SI,0,0
NBASB52224-GRN,SI,0,0
NBASB52224-BLU2,SI,0,0
NBASB52224-BLU1,SI,0,0
NBASB52224-LIL,SI,0,0
NBASB52224-BLU,SI,0,0
NBASB52223-BLK4,SI,0,0
NBASB52223-BLK3,SI,10,0
NBASB52223-BLK2,SI,0,0
NBASB52223-BLK1,SI,8,0
NBASB52223-BLK,SI,0,0
NBABN52207-BLK3,SI,0,0
NBABN52207-BLK2,SI,0,0
NBABN52207-GRY,SI,0,0
NBABN52207-BLK1,SI,0,0
NBABN52207-BLK,SI,0,0
NBASB52222-BLU,SI,0,0
NBASB52222-GRN,SI,0,0
NBASB52222-RED1,SI,0,0
NBASB52222-RED,SI,0,0
NBASB52222-GRY,SI,0,0
NBASB52222-PUR,SI,0,0
NBASB52221-BLU1,SI,0,0
NBASB52221-GRN,SI,0,0
NBASB52221-BLU,SI,0,0
NBASB52221-GRY1,SI,7,0
NBASB52221-GRY,SI,0,0
NBASB52221-PUR,SI,7,0
NBABN52206-BLU,SI,0,0
NBABN52206-GRN,SI,0,0
NBABN52206-BLK,SI,0,0
NBABN52206-RED,SI,0,0
NBABN52206-GRY,SI,0,0
NBABN52206-PUR,SI,0,0
NBASB52220-LBL4,SI,6,0
NBASB52220-LBL3,SI,6,0
NBASB52220-LBL2,SI,0,0
NBASB52220-LBL1,SI,6,0
NBASB52220-LBL,SI,0,0
NBASB52219-BLU,SI,5,0
NBASB52219-GRN,SI,0,0
NBASB52219-GRY,SI,0,0
NBASB52219-RED,SI,0,0
NBASB52219-PUR,SI,0,0
NBASB52218-BLU,SI,0,0
NBASB52218-GRN,SI,8,0
NBASB52218-GRY,SI,0,0
NBASB52218-RED,SI,16,0
NBASB52218-PUR,SI,10,0
NBABN52205-BLU,SI,0,0
NBABN52205-GRN,SI,0,0
NBABN52205-GRY,SI,0,0
NBABN52205-BLK,SI,0,0
NBABN52205-PUR,SI,0,0
NBASB52217-GRY,SI,0,0
NBASB52217-BLU,SI,0,0
NBASB52217-BLK,SI,0,0
NBASB52217-PUR,SI,0,0
NBASB52217-RED,SI,1,0
NBABN52204-GRY,SI,0,0
NBABN52204-BLU,SI,0,0
NBABN52204-BLK,SI,0,0
NBABN52204-PUR,SI,0,0
NBABN52204-RED,SI,0,0
NBATS521000-PUR2,SI,37,21
NBATS521000-BLK8,SI,40,0
NBATS521000-GRN2,SI,34,21
NBATS521000-BLK6,SI,17,0
AUSSB52202-BLK,SI,0,0
AUSSB52203-BLU,SI,0,0
AUSSB52201-BLK,SI,0,0
NBAJP32207-RED,NO,0,0
NBAJP32207-BLK,NO,0,0
NBAJP32207-PUR,NO,0,0
NBAJK32208-RED,NO,0,0
NBAJK32208-BLK,NO,0,0
NBAJK32208-PUR,NO,0,0
NBASW32218-BLK,NO,0,0
NBASW32218-PUR,NO,0,0
NBASW32218-RED,NO,0,0
NBASW32217-PUR2,NO,0,0
NBASW32217-RED,NO,0,0
NBASW32217-PUR,NO,0,0
NBASW32217-GRN,NO,0,0
NBASW32217-BLK,NO,0,0
NBASW32217-GRN2,NO,0,0
NBATS32212-WHT,NO,0,0
NBATS32212-WHT2,NO,0,0
NBATS32212-WHT3,NO,0,0
NBATS32212-WHT4,NO,0,0
NBASH52206-BLU,NO,0,0
NBASH52206-NVY,NO,0,0
NBASH52206-BLK2,SI,0,0
NBASH52206-BLK3,NO,0,0
NBASH52206-BLK4,SI,0,0
NBASH52206-GRN,SI,1,0
NBASH52206-BLK5,SI,0,0
NBATT52208-BLK5,NO,0,0
NBATT52208-BLK6,NO,0,0
NBATT52208-GRN,NO,0,0
NBATT52208-BLK7,NO,0,0
NBASH52206-BLK,SI,0,0
NBASH52206-BLK1,SI,0,0
NBATT52208-BLK,NO,0,0
NBATT52208-BLK1,NO,0,0
NBATT52208-BLK2,NO,0,0
NBATT52208-BLU,NO,0,0
NBATT52208-NVY,NO,0,0
NBATT52208-BLK3,NO,0,0
NBATT52208-BLK4,NO,0,0
NBASS52201-BLK,NO,0,0
NBASS52201-BLK2,NO,0,0
NBASS52201-BLK3,NO,0,0
NBASS52201-GRY,NO,0,0
RMSS52201-NVY,SI,0,0
GJHD62201-BLK,SI,0,0
PWHD62201-BLK,SI,0,0
NBAPJ62202-BLK,SI,0,0
TOWER-RM,NO,0,0
NBAPJ62202-GRY,SI,0,0
RMPJ62201-LBL,SI,0,0
NBAPJ62203-BLK,SI,0,0
NBAPJ62203-GRY,SI,0,0
NBAPJ62201-GRY2,SI,0,0
NBAPJ62201-BLK,SI,0,0
NBAPJ62201-PUR,SI,0,0
NBAPJ62201-GRY,SI,0,0
RMPJ52203-NVY,SI,9,0
NBAPJ52203-GRY,SI,9,0
NBAPJ52203-PUR,SI,0,0
NBAPJ52203-BLK,SI,0,0
NBAPJ52203-RED,SI,0,0
TRPJ52203-BLK,SI,0,0
SOPPJ52203-NVY,SI,42,0
MTPJ52203-GRY,SI,0,0
COCPJ52203-BLK,SI,0,0
RMPJ52204-NVY,SI,0,0
NBAPJ52204-GRN,SI,19,0
NBAPJ52204-BLK2,SI,2,0
NBAPJ52204-PUR,SI,3,0
NBAPJ52204-BLK,SI,3,0
RMPJ52205-NVY,SI,27,0
NBAPJ52205-GRN,SI,0,0
NBAPJ52205-BLK2,SI,9,0
NBAPJ52205-PUR,SI,0,0
NBAPJ52205-BLK,SI,1,0
RMPJ52206-NVY,SI,9,0
NBAPJ52206-GRN,SI,24,0
NBAPJ52206-BLK2,SI,0,0
NBAPJ52206-PUR,SI,0,0
NBAPJ52206-BLK,SI,0,0
WWESB52202-BLK,SI,0,0
WWESB52201-BLK,SI,0,0
ROCSB52203-NVY,SI,0,0
ROCSB52202-BLK,SI,1,0
ROCSB52202-GRY,SI,4,0
ROCSB52201-BLK,SI,0,0
ROCBC52201-BLK,SI,0,0
ROCBN52202-BLK,SI,0,0
ROCBN52201-BLK,SI,2,0
SOUSB52204-BLK,SI,1,0
SOUSB52203-BLK,SI,0,0
SOUSB52202-BLK,SI,1,0
SOUSB52201-BLK,SI,1,0
SOUBC52201-BLK,SI,0,0
SOUBN52203-BLK,SI,3,0
SOUBN52202-BLK,SI,0,0
SOUBN52201-BLK,SI,9,0
PRESB52201-BLK,SI,0,0
PRESB52201-GRN,SI,0,0
PWSB52202-NVY,SI,6,0
PWSB52201-LBL,SI,0,0
NIRSB52204-BLK,SI,5,0
NIRSB52203-BLK,SI,0,0
NIRSB52201-NVY,SI,4,0
NIRSB52201-BLU,SI,4,0
NIRBC52201-BLK,SI,0,0
NIRBN52201-BLK,SI,8,0
HULSB52201-RED,SI,0,0
COCSB52211-RED,SI,13,0
COCSB52210-RED,SI,0,0
COCSB52209-RED,SI,4,0
COCSB52208-BLK,SI,0,0
COCSB52207-BLK,SI,20,0
COCSB52206-RED,SI,24,0
COCSB52205-RED,SI,4,0
COCSB52204-BLK,SI,12,0
COCBC52203-RED,SI,0,0
COCBC52201-RED,SI,0,0
COCBN52201-BLK,SI,7,0
COCSB52203-RED,SI,0,0
COCSB52202-WHT,SI,13,0
COCSB52201-RED,SI,24,0
MTSB52204-BLK,SI,0,0
MTSB52203-BLK,SI,0,0
MTSB52202-BLK,SI,0,0
MTSB52205-BLK,SI,0,0
MTSB52201-BLU,SI,0,0
FASB52203-ORG,SI,0,0
FASB52202-ORG,SI,0,0
FASB52201-BLU,SI,0,0
FASB52201-BLK,SI,0,0
FABN52201-ORG,SI,0,0
DCOSB52204-BLK,SI,0,0
DCOSB52203-GRY,SI,0,0
DCOSB52202-BLK,SI,0,0
DCOSB52201-BLK,SI,0,0
FDSB52203-BLK,SI,0,0
FDSB52202-LBL,SI,0,0
FDSB52201-BLU,SI,0,0
BRSB52202-LBL,SI,0,0
BRSB52201-BRW,SI,0,0
NFLCT62202-BLK2,SI,0,0
NFLCT62202-BLK3,SI,0,0
NFLCT62202-RED,SI,0,0
NFLCT62202-BLK,SI,0,0
NFLCT62202-RED3,SI,0,0
NBACT62213-BLK,SI,33,15
NBACT62213-BLK2,SI,0,32
NBACT62213-BLK3,SI,39,14
NBACT62213-BLK4,SI,33,3
NBACT62213-PUR,SI,32,15
NBACT62213-RED,SI,31,15
NBACT62213-RED2,SI,0,0
NBACT62213-YEL,SI,33,15
NBACT62213-GRN,SI,0,0
NBAHD521002-GRY,SI,0,0
NBATT52205-BLU2,SI,48,1
NBATT52205-RED,SI,21,1
NBATS52215-AQU2,NO,21,1
NBATS52215-AQU,NO,21,1
GF22H5866221IC,NO,21,1
H2433590272003,NO,21,1
GF937Y07459100,NO,21,1
81622407Q88045,NO,21,1
GF22H586622BKC,NO,21,1
GF88H5866061IC,NO,21,1
P59442586644003,NO,21,1
GF22H5862960OC,NO,21,1
GF22H5862961IC,NO,21,1
P5866586532806,NO,21,1
P5866586532003,NO,21,1
GF937Y07459CBS,NO,21,1
GF937Y07459NTC,NO,21,1
H78949586885003,NO,21,1
H78947586283EKJ,NO,21,1
85653407Q889AX,NO,21,1
H78947586283AZGN,NO,21,1
85653407Q88029,NO,21,1
84738549314806,NO,21,1
84738549314031,NO,21,1
GYHD62201-BLK,SI,0,0
COCHD62203-BLK,SI,0,0
NIRHD62201-BLK,SI,0,0
COCHD62203-RED,SI,0,0
NIRTT62201-BLK,SI,0,0
COCTT62201-WHT,SI,0,0
COCTT62201-RED,SI,0,0
GJCT62201-BLK,SI,0,0
NIRCT62203-BLK,SI,0,0
FTCT62202-ORG,SI,27,0
FTCT62202-GRN,SI,26,0
COCCT62206-RED,SI,30,0
COCCT62206-WHT,SI,31,0
GJTS62201-BLK,SI,0,0
NIRTS62201-BLK,SI,0,0
COCTS62204-BLK,SI,11,0
COCTS62204-WHT,SI,0,0
PWHD52202-BLK,SI,0,0
GJHD52201-BLK,SI,0,0
NIRHD52202-BLK,SI,11,0
COCHD52205-WHT,SI,0,0
COCHD52205-RED,SI,0,0
GJTS52201-BLK,SI,0,0
AUSTS52201-BLK,SI,0,0
NIRTS52203-BLK,SI,12,0
FTTS52205-BLU,SI,0,0
FTTS52205-ORG,SI,0,0
COCTS52208-RED,SI,0,0
COCTS52208-BLK,SI,0,0
FTTS62205-LBL,SI,19,0
COTS62203-PNK,SI,23,0
NFLCT62202-RED2,SI,0,0
NFLCT62202-RED4,SI,0,0
NFLCT62202-TUR,SI,0,0
NFLCT62202-TUR2,SI,0,0
NFLCT62202-NVY,SI,0,0
NBABH521261-BLK4,NO,0,0
NBABH521260-BLK2,NO,0,0
NBABH521261-BLK,NO,0,0
NBASB521249-RED,SI,1,0
NBASB521250-GRN,NO,1,0
NBABH521262-BLK,NO,1,0
NBABH521262-RED2,NO,1,0
NBABH521260-BLK6,NO,1,0
NBABH521261-BLK2,NO,1,0
NBABH521259-RED,NO,1,0
NBABH521260-BLK3,NO,1,0
NBASB521251-GRY,SI,10,0
NBABH521260-BLK,NO,10,0
NBABH521259-WHT,NO,10,0
NBABH521261-BLK3,NO,10,0
NBABH521262-RED,NO,10,0
NBASB521252-BLK,SI,11,0
NBABH521261-BLK5,NO,11,0
NBABH521259-PUR,NO,11,0
NBABH521259-BLK3,NO,11,0
NBABH521262-PUR,NO,11,0
NBABH521261-BLK6,NO,11,0
NBABH521262-GRY,NO,11,0
NBASB521247-GRY,SI,0,0
NBABH521262-BLK2,NO,0,0
NBASB521248-WHT,SI,4,0
NBABH521259-BLK2,NO,4,0
NBASB521246-BLK,SI,0,0
NBABH521259-WHT2,NO,0,0
NBABH521260-BLK4,NO,0,0
NBABH521260-BLK5,NO,0,0
NBASB521253-BLK,SI,0,0
NBASB521253-YEL,SI,0,0
NBASB521253-BLK2,SI,1,0
NBASB521253-RED,NO,1,0
NBASB521253-BLK3,NO,1,0
NBASB521253-GRN,NO,1,0
NBASB521254-RED,SI,4,0
NBASB521254-PUR,SI,2,0
NBASB521254-GRY,NO,2,0
NBASB521254-BLK,NO,2,0
GF89HY067942WC,NO,2,0
85861586325040,NO,2,0
85861586325AM0G,NO,2,0
COCPJ52109-BLK,NO,2,0
SOPPJ52104-BLU,NO,2,0
TPPJ52104-BLU,NO,2,0
GF89H586573NYC,NO,2,0
GF89H586573BEC,NO,2,0
GF89H586578WHC,NO,2,0
GF89H586578BKC,NO,2,0
GF89H5865791IC,NO,2,0
GF89H586579AYDE,NO,2,0
GT23H586573BEC,NO,2,0
GF89H586707BKC,NO,2,0
GF89H586708WHC,NO,2,0
GT23H586573AYDE,NO,2,0
GT23H586573031,NO,2,0
GT23H586575003,NO,2,0
GT23H586576BEC,NO,2,0
GT23H586577031,NO,2,0
GT23H586924031,NO,2,0
GT23H586924040,NO,2,0
GT23H586926806,NO,2,0
GT23H586926045,NO,2,0
GT23H586927045,NO,2,0
GT23H586928003,NO,2,0
87349549314045,NO,2,0
GT23H586928031,NO,2,0
GT23H586928040,NO,2,0
GT23H586949003,NO,2,0
GT23H586950806,NO,2,0
87349549314AYDE,NO,2,0
WL427559026613O,NO,2,0
GT23H586929045,NO,2,0
S59355551873A0CF,NO,2,0
T5747PAYXF,NO,2,0
T0223XZ7,NO,2,0
T0223K7P,NO,2,0
P59356551873A0DF,NO,2,0
T02232UC,NO,2,0
T5747PAYSF,NO,2,0
T5747PAYTF,NO,2,0
S6558P551873AYFF,NO,2,0
V1012PAYWF,NO,2,0
P6559P551873AYFF,NO,2,0
GF937586978N4E,NO,2,0
W5672586970NTC,NO,2,0
W56725869702X3,NO,2,0
W9236P586158A49F,NO,2,0
85878PAYWF,NO,2,0
W9475586226B+1,NO,2,0
85878PAYUF,NO,2,0
W9475G586797H1S,NO,2,0
W9475G586797001,NO,2,0
GF934586974N4E,NO,2,0
86166PAYEF,NO,2,0
GF934586974100,NO,2,0
84738549314003,NO,2,0
GF38HY08160NYC,NO,2,0
GF38HY08160BKC,NO,2,0
GF38HY081601IC,NO,2,0
87349549314806,NO,2,0
87349549314003,NO,2,0
87349549314031,NO,2,0
NFLTS521000-BLK3,SI,1,11
CH171Z00612O6,NO,1,11
CH171Z03612O6,NO,1,11
CH171ZWH612O6,NO,1,11
CH171Z10612O6,NO,1,11
CH171ZBK612O6,NO,1,11
839597590264AS3I,NO,1,11
839597590264003,NO,1,11
839597590264806,NO,1,11
80296407Z98W3H,NO,1,11
85924550742003,NO,1,11
85924550742XEI,NO,1,11
CHB600-BLK,NO,1,11
85861586325003,NO,1,11
85861586325031,NO,1,11
87349549314B+1,NO,1,11
8734954931493O,NO,1,11
H78459550742003,NO,1,11
H78459550742045,NO,1,11
85924550742031,NO,1,11
NBATS521000-YEL2,NO,1,11
B1251SY07038100,NO,1,11
B1251SY07038001,NO,1,11
CHG048-ALO,NO,1,11
CHG048-NVY,NO,1,11
CHG048-7J0,NO,1,11
GF88HY077187P5,NO,1,11
GF89H586629H1S,NO,1,11
GF88HY07718B+1,NO,1,11
TS NIRVANA I22-WHT,NO,1,11
GF88HY07718AYDE,NO,1,11
GF88HY077185EC,NO,1,11
GF89HY077187P5,NO,1,11
GF89HY07718AYDE,NO,1,11
M1POA111-BLK,NO,1,11
GF89HY07718NTC,NO,1,11
GF89HY07718B+1,NO,1,11
GF89H58658693O,NO,1,11
GF89H5865861IC,NO,1,11
GF89H586586LTJ,NO,1,11
GF89H5866092WC,NO,1,11
GF89H586616NYC,NO,1,11
GF89H586616WHC,NO,1,11
GF89HY077185EC,NO,1,11
GF89H5866297P5,NO,1,11
GF89H5866291IC,NO,1,11
GF89H58662993O,NO,1,11
GT78H586629H1S,NO,1,11
GT78H586629003,NO,1,11
GT78H586629806,NO,1,11
TS NIRVANA I22-BLK,NO,1,11
GT78H5866297P5,NO,1,11
TS NIRVANA I22-BLK2,NO,1,11
TS NIRVANA I22-BLK3,NO,1,11
M1POA111-WHT,NO,1,11
M1POA111-BLK2,NO,1,11
M1POA112-PNK,NO,1,11
NBAPT621161WHT,NO,1,11
NBAHD621287WHT,NO,1,11
NBASH621280WHT,NO,1,11
NBASW621280WHT,NO,1,11
NBAHD321614BLK,NO,1,11
NBAHD321614RED,NO,1,11
NBAHD321614BLK2,NO,1,11
NBAHD321614NVY,NO,1,11
NBAHD321614GRY,NO,1,11
NBAHD321614BLK3,NO,1,11
NBATS321582WHT,NO,1,11
NBATS320471WHT,NO,1,11
NBATS320471RED,NO,1,11
NBAPT321583RED,NO,1,11
NBAHD321583RED,NO,1,11
NBATS621825YEL2,NO,1,11
NBATS621825RED2,NO,1,11
NBATS621825RED,NO,1,11
NBATS621825BLK3,NO,1,11
NBATS52147BLK3,NO,1,11
NBATS521825BLK4,NO,1,11
NBATS521825RED2,NO,1,11
NBATS521825BLK3,NO,1,11
NBATS521825RED,NO,1,11
NBATS521825YEL2,NO,1,11
NBATS521825BLU2,NO,1,11
NBATS521810BLK,NO,1,11
NBATT521815BLK3,NO,1,11
NBAPT521813BLK,NO,1,11
NBAPT521817BLK2,NO,1,11
NBAHD521816BLK2,NO,1,11
NBAHD521812BLK,NO,1,11
NBASH521818BLK2,NO,1,11
NBATS52147RED2,NO,1,11
NBAHD321001BLK,NO,1,11
NBAHD321001BLK2,NO,1,11
NBAHD321001BLK3,NO,1,11
NBAHD321001BLK4,NO,1,11
NBAHD321001BLK5,NO,1,11
NBAHD321001BLU,NO,1,11
NBAHD321001GRY,NO,1,11
NBAHD321001RED,NO,1,11
NFLHD52100GRY2,NO,1,11
NFLHD52100BLK5,NO,1,11
NFLHD52100BLK4,NO,1,11
NFLHD52100BLK3,NO,1,11
NFLHD52100BLK2,NO,1,11
NFLHD52100-NVY2S,NO,1,11
NFLHD52100GRY,NO,1,11
NFLHD52100GRN,NO,1,11
NBACT621198BLK5,NO,1,11
NBACT621198RED,NO,1,11
NBACT621198BLK4,NO,1,11
NBACT621230BLU2,NO,1,11
NFLHD52100BLK,NO,1,11
NFLHD52100NVY,NO,1,11
NBASH621283BLK6,NO,1,11
NBASH621283BLK5,NO,1,11
NBATS321601BLK2,NO,1,11
NBAHD321001YEL,NO,1,11
NFLDW2104RED2,NO,1,11
NFLDW2104BLK2,NO,1,11
NBADW2108RED,NO,1,11
NBATS521622BLK4,NO,1,11
NBATS521622BLK2,NO,1,11
NBATS321430WHT2,NO,1,11
NBAHD321613BLK5,NO,1,11
NBAPT32149PUR,NO,1,11
NBATS521430PUR,NO,1,11
NFLSH32102NVY,NO,1,11
NBATS521427BLK6,NO,1,11
NBAPT52149BLU,NO,1,11
NBAPT52149PUR,NO,1,11
NBAPT52149BLK3,NO,1,11
NBAPT52149BLK2,NO,1,11
NBAPT52149GRY,NO,1,11
NBAJK52148RED,NO,1,11
NBAPT52149BLK,NO,1,11
NBAJK52148GRY,NO,1,11
NBAJK52148BLK,NO,1,11
NBAJK52148PUR,NO,1,11
NBAJK52148BLU,NO,1,11
NBAJK52148BLK2,NO,1,11
NBASH52148PUR,NO,1,11
NBASH52148BLK,NO,1,11
NBASH52148BLU,NO,1,11
NBASH52148BLK2,NO,1,11
NBASH52148GRY,NO,1,11
NBASH52148BLK3,NO,1,11
NBATT52147BLU,NO,1,11
NBATT52147BLK,NO,1,11
NBATT52147BLK2,NO,1,11
NBATT52147GRY,NO,1,11
NBATT52147RED,NO,1,11
NBATT52147PUR,NO,1,11
NBATS52147BLK2,NO,1,11
NBATS52147GRY,NO,1,11
NBATS52147RED,NO,1,11
NBATS52147BLK,NO,1,11
NBATS52147BLU,NO,1,11
NFLHD52140RED3,NO,1,11
NFLSC52101NVY2,NO,1,11
NFLSC52101BLK3,NO,1,11
NFLSC52101NVY3,NO,1,11
NFLSC52101TEA,NO,1,11
NFLSC52101GRN,NO,1,11
NFLSC52101AQU,NO,1,11
NFLSC52101BLK2,NO,1,11
NFLBN52101AQU,NO,1,11
NFLSC52101BLK,NO,1,11
NFLSC52101RED,NO,1,11
NFLSC52101RED2,NO,1,11
NFLBN52101BLK,NO,1,11
NFLBN52101RED,NO,1,11
NFLBN52101RED2,NO,1,11
NFLBN52101BLK2,NO,1,11
NFLBN52101NVY,NO,1,11
NFLBN52101BLK3,NO,1,11
NFLBN52101NVY2,NO,1,11
NFLBN52101BLK4,NO,1,11
NFLBN52101BLK5,NO,1,11
NFLSH52102NVY,NO,1,11
NFLSH52102BLK,NO,1,11
NFLSH52102BLK2,NO,1,11
NFLSH52102BLK3,NO,1,11
NFLSH52102GRY,NO,1,11
NFLSH52102BLK4,NO,1,11
NFLSH52102NVY2,NO,1,11
NFLSH52102BLK5,NO,1,11
NFLSH52102BLK6,NO,1,11
NFLSH52102BLK7,NO,1,11
NFLHD52141NVY2,NO,1,11
NFLHD52141TEA,NO,1,11
NFLHD52141BLK3,NO,1,11
NFLHD52141BLK4,NO,1,11
NFLHD52141RED,NO,1,11
NFLHD52141GRN,NO,1,11
NFLHD52141AQU,NO,1,11
NFLHD52141BLK2,NO,1,11
NFLPT52177BLK3,NO,1,11
NFLPT52177BLK4,NO,1,11
NFLPT52177NVY2,NO,1,11
NFLPT52177BLK5,NO,1,11
NFLPT52177NVY3,NO,1,11
NFLPT52177BLK6,NO,1,11
NFLPT52177BLK7,NO,1,11
NFLHD52141NVY,NO,1,11
NFLHD52141BLK,NO,1,11
NFLLS52168BLK2,NO,1,11
NFLLS52168RED,NO,1,11
NFLLS52168NVY2,NO,1,11
NFLLS52168TEA,NO,1,11
NFLLS52168NVY3,NO,1,11
NFLLS52168RED2,NO,1,11
NFLLS52168RED3,NO,1,11
NFLPT52177BLK,NO,1,11
NFLPT52177BLK2,NO,1,11
NFLPT52177NVY,NO,1,11
NFLTS52159RED3,NO,1,11
NFLLS52168NVY,NO,1,11
NFLLS52168GRN,NO,1,11
NFLLS52168BLK,NO,1,11
NFLTS52159BLK,NO,1,11
NFLTS52159RED,NO,1,11
NFLTS52159NVY,NO,1,11
NFLTS52159BLK2,NO,1,11
NFLTS52159GRN,NO,1,11
NFLTS52159NVY2,NO,1,11
NFLTS52159NVY3,NO,1,11
NFLTS52159TEA,NO,1,11
NFLTS52159RED2,NO,1,11
NFLHD52140BLK,NO,1,11
NFLHD52140RED,NO,1,11
NFLHD52140NVY,NO,1,11
NFLHD52140GRN,NO,1,11
NFLHD52140BLK2,NO,1,11
NFLHD52140NVY2,NO,1,11
NFLHD52140TEA,NO,1,11
NFLHD52140RED2,NO,1,11
NFLHD52140NVY3,NO,1,11
NFLSW521109RED,NO,1,11
NFLSW521109BLK,NO,1,11
WKSB52203-BLK,SI,0,0
WKSB52202-BLK,SI,0,0
WKSB52201-BLK,SI,0,0
WKBC52201-BLK,SI,0,0
WKBN52201-BLK,SI,0,0
STFSB52208-ORG,SI,0,0
STFSB52207-YEL,SI,0,0
STFSB52206-RED,SI,0,0
STFSB52205-BLU,SI,0,0
STFSB52204-BLK,SI,0,0
STFSB52203-BLK,SI,0,0
STFSB52202-BLK,SI,9,0
STFSB52201-BLK,SI,0,0
STFBN52201-BLK,SI,6,0
PCSB52204-NVY,SI,15,0
PCSB52203-GRY,SI,0,0
PCSB52202-GRY,SI,4,0
PCSB52201-BLK,SI,10,0
PCBC52201-BLK,SI,0,0
PCBN52201-GRY,SI,10,0
NASSB52204-BLK,SI,8,0
NASSB52203-WHT,SI,0,0
NASSB52202-GRY,SI,8,0
NASSB52201-BLK,SI,8,0
NASSB52201-WHT,SI,4,0
NASBC52201-NVY,SI,0,0
NASBN52201-BLK,SI,8,0
LLSB52204-BLK,SI,0,0
LLSB52203-NVY,SI,0,0
LLSB52202-NVY,SI,0,0
LLSB52201-BLK,SI,0,0
LLBC52201-BLK,SI,0,0
LLBN52201-BLK,SI,0,0
KISSB52202-BLK,SI,25,0
KISSB52201-BLK,SI,0,0
KISBN52202-BLK,SI,0,0
KISBN52201-BLK,SI,0,0
GLSB52202-BLK,SI,0,0
GLSB52201-BLK,SI,0,0
GYSB52204-BLK,SI,0,0
GYSB52203-GRY,SI,0,0
GYSB52202-BLK,SI,0,0
GYSB52201-BLK,SI,8,0
GYBC52201-BLK,SI,0,0
GYBN52201-BLK,SI,5,0
GFSB52203-BLK,SI,0,0
GFSB52202-BLK2,SI,0,0
GFSB52202-BLK,SI,0,0
GFSB52204-WHT,SI,0,0
GFSB52201-RED,SI,0,0
GFBC52201-BLK,SI,0,0
WNBASB62211-GRY,SI,0,0
WNBABC62206-GRY,SI,0,0
WNBASB62210-WHT,SI,0,0
WNBASB62209-LBL,SI,0,0
WNBABC62205-LBL,SI,0,0
WNBASB62208-BLK,SI,0,0
WNBASB62207-WHT,SI,0,0
WNBASB62206-BLK,SI,0,0
WNBABC62203-BLK,SI,0,0
WNBASB62205-ORG,SI,0,0
WNBASB62204-ORG,SI,0,0
WNBABC62201-BLK,SI,0,0
WNBASB62203-BLK,SI,0,0
WNBASB62202-BLK,SI,0,0
WNBASB62201-BLK,SI,0,0
JVJS32204-BLK,SI,18,0
BUDSB52207-RED,SI,0,0
BUDSB52206-BLK,SI,0,0
BUDSB52205-RED,SI,0,0
BUDSB52204-BLK,SI,0,0
BUDBC52202-RED,SI,0,0
BUDBN52202-RED,NO,0,0
BUDSB52203-BLU,SI,0,0
BUDSB52202-GRY,SI,11,0
BUDSB52201-BLU,SI,0,0
BUDBC52201-BLU,SI,0,0
BUDBN52201-NVY,SI,0,0
ATASB52205-RED,SI,0,0
ATASB52204-RED,SI,0,0
ATASB52203-BLK,SI,10,0
ATASB52202-BLK,SI,0,0
ATASB52201-WHT,SI,13,0
ATABC52201-RED,SI,0,0
ATABN52201-BLK,SI,7,0
ACSB52204-BLK,SI,0,0
ACSB52203-BLK,SI,5,0
ACSB52202-BLK,SI,0,0
ACSB52201-BLK,SI,4,0
ACBC52201-BLK,SI,0,0
ACBN52204-BLK,SI,0,0
ACBN52203-BLK,SI,0,0
ACBN52202-BLK,SI,0,0
ACBN52201-BLK,SI,0,0
BCSS52201-NVY,SI,0,0
MLBSW52205-BLU,SI,11,0
MLBSW52205-NVY2,SI,13,20
CNTS62205-GRY,NO,13,20
NASHD62202-NVY,SI,0,0
BUDHD62202-RED,SI,0,0
ACHD62202-BLK,SI,0,0
NASTT62201-BLK,SI,0,0
ATRTT62201-GRY,SI,0,0
ATRTT62201-BLK,SI,0,0
ACTT62201-GRY,SI,0,0
ACTT62201-BLK,SI,0,0
NASTT62201-NVY,SI,0,0
SPRTT62201-GRN,SI,0,0
CNTT62201-WHT,SI,0,0
CNTT62201-GRY,SI,0,0
CNTT62201-NVY,SI,0,0
BUDTT62201-WHT,SI,0,0
BUDTT62201-RED,SI,0,0
SPRTT62201-BLK,SI,0,0
NASCT62206-WHT,SI,28,0
NASCT62206-BLK,SI,28,0
CNCT62203-GRY,SI,0,0
ACCT62204-WHT,SI,0,0
GFBN52202-BLK,SI,0,0
GFBN52201-BLK,SI,0,0
CORSB52206-NVY,SI,0,0
CORSB52205-NVY,SI,9,0
CORSB52204-NVY,SI,0,0
CORSB52203-NVY,SI,0,0
CORSB52202-NVY,SI,0,0
CORSB52201-NVY,SI,10,0
CORBC52201-YEL,SI,0,0
CORBN52201-NVY,SI,8,0
SPSB52203-GRN,SI,0,0
SPSB52202-GRN,SI,0,0
SPSB52201-BLK,SI,0,0
SPBC52201-GRN,SI,0,0
SPBN52201-GRN,SI,0,0
BUDSB52212-RED,SI,0,0
BUDSB52211-NVY,SI,9,0
BUDSB52210-RED,SI,0,0
BUDSB52209-GRY,SI,18,0
BUDSB52208-BLK,SI,0,0
ALSH52201B-LBL,NO,0,0
ALSH52203-NVY,NO,0,0
ALGKSH52201-GRY,NO,0,0
ALGKSH52201-YEL,NO,0,0
ALGKSH52201-GRN,NO,0,0
ALSH52206-NVY,NO,0,0
ALSH52204-NVY,NO,0,0
ALPL52206-LBL,NO,0,0
ALSH52204-WHT,NO,0,0
ALPL52206-NVY,NO,0,0
MLBCT62209-BLK,SI,0,10
MLBCT62209-NVY,SI,12,15
MLBCT62209-GRY,SI,22,15
MLBCT62209-WHT,SI,0,0
CNHD62201-WHT,NO,0,0
CNTS62204-WHT,NO,0,0
CNTS62202-GRY,NO,0,0
CNTS62201-LBL,NO,0,0
CNSW62201-BLU,NO,0,0
MLBTS520201-BLK,SI,25,0
MLBTS520201-GRY,SI,35,15
CNCT62202-WHT,NO,35,15
CNCT62201-BLU,NO,35,15
JMSH52106-PNK,NO,35,15
MLBPT521138-GRY,NO,35,15
JMJS52106-NVY,NO,35,15
JMJS52106-PUR,NO,35,15
JMSH52106-GRN2,NO,35,15
ESJS520211-NVY,NO,35,15
UMSB52211-WHT,NO,35,15
UMSB52212-NVY,NO,35,15
UMSB52213-BLK,NO,35,15
UMSB52214-BLK,NO,35,15
UMSB52215-ORG,NO,35,15
MLBTS520201-NVY3,SI,52,20
JMSH52106-NVY,NO,52,20
JMSH52106-PUR,NO,52,20
JMJS52106-GRN,NO,52,20
ESJS52106-PUR,NO,52,20
ESJS52106-PNK,NO,52,20
ESJS52106-GRN,NO,52,20
ALJK52117-BLK,NO,52,20
UMJS52106-GRN,NO,52,20
UMJS52106-PNK,NO,52,20
UMJS52106-PUR,NO,52,20
JMJS52104-BLK,NO,52,20
JMSH52106-GRN,NO,52,20
ACCT62204-BLK,SI,0,0
SPRCT62203-GRN,SI,0,0
CNCT62203-NVY,SI,0,0
CNCT62203-WHT,SI,0,0
BUDCT62203-WHT,SI,0,0
SPRCT62203-WHT,SI,0,0
ATRTS62201-BLK,SI,32,0
BUDCT62203-RED,SI,0,0
NASTS62203-BLK,SI,34,0
NASTS62203-WHT,SI,32,0
SPRTS62203-GRY,SI,0,0
CNTS62203-NVY,SI,0,0
CNTS62203-GRY,SI,0,0
CNTS62203-WHT,SI,0,0
ACTS62201-GRY,SI,0,0
BUDTS62204-WHT,SI,0,0
BUDTS62204-RED,SI,0,0
SPRTS62203-WHT,SI,0,0
ATRHD52201-BLK,SI,0,0
NASHD52203-GRY,SI,0,0
NASHD52204-BLK,SI,0,0
GFHD52202-BLK,SI,0,0
ACHD52202-BLK,SI,0,0
BUDHD52202-RED,SI,0,0
BUDHD52202-BLK,SI,0,0
CNHD52204-WHT,SI,0,0
CNHD52204-GRY,SI,0,0
CNHD52204-NVY,SI,0,0
ATRTS52201-WHT,SI,0,0
ATRTS52201-BLK,SI,18,0
NASTS52206-NVY,SI,0,0
NASTS52206-BLK,SI,0,0
GFTS52203-BLK,SI,21,0
GFTS52203-WHT,SI,0,0
NASTS52205-WHT,SI,5,0
NASTS52205-GRY,SI,7,0
ACTS52203-BLK,SI,0,0
GYTS52204-GRY,SI,28,0
SPTS52205-GRN,SI,0,0
CNTS52206-WHT,SI,20,0
CNTS52206-NVY,SI,20,0
CNTS52206-GRY,SI,0,0
SPTS52205-WHT,SI,0,0
BUDTS52206-WHT,SI,0,0
BUDTS52206-RED,SI,26,0
SPTS622012-GRN,SI,27,0
ALJS52201B-BLK,NO,27,0
ALJS52203-BEG,NO,27,0
ALJS52203B-BEG,NO,27,0
ALGKJS52201-BLU,NO,27,0
ALGKJS52201-YEL,NO,27,0
ALGKJS52201-GRN,NO,27,0
MUNJS52202-RED,NO,27,0
ALSH52202-WHT,NO,27,0
UMSO52101-WHT,NO,27,0
20104620-029,NO,27,0
20104470-5M5,NO,27,0
20104470-1M1,NO,27,0
20104630-018,NO,27,0
20104440-V29,NO,27,0
ACPJ52104-BLK,NO,27,0
GFPJ52104-RED,NO,27,0
KISPJ52104-BLK,NO,27,0
NASPJ52107-BLU,NO,27,0
GG-OGP-RUB-5KG,SI,7,0
CPTJFW1901-GMC,NO,7,0
830T03-060,NO,7,0
JMSH52106-PNK2,NO,7,0
ESSH52106-PUR,NO,7,0
ESSH52106-PNK,NO,7,0
ESSH52106-GRN,NO,7,0
UMSH52106-GRN,NO,7,0
UMSH52106-PNK,NO,7,0
UMSH52106-PUR,NO,7,0
JMJS52106-PNK,NO,7,0
AGJK52117-BLK,NO,7,0
OLJK52117-BLK,NO,7,0
JMSL52103-BLK,NO,7,0
MUNJK52117-BLK,NO,7,0
BCSL52012NVY,NO,7,0
BCDW2102BLU,NO,7,0
BCDW2104NVY,NO,7,0
BCJS32145BLK,NO,7,0
JVPT32163GRY,NO,7,0
JVSH32156WHT,NO,7,0
JVSH32156BLK,NO,7,0
JVSH32156NVY,NO,7,0
JVHD32157GRY,NO,7,0
JVHD32157BLK,NO,7,0
JVHD32162GRY,NO,7,0
JVTS32150WHT,NO,7,0
JVTS32150BLK,NO,7,0
JVJS32151WHT,NO,7,0
JVJS32154WHT,NO,7,0
JVJS32154NVY,NO,7,0
JVTS32143NVY,NO,7,0
JVTS32145WHT,NO,7,0
JVTS32145BLK,NO,7,0
JVTS32145GRY,NO,7,0
JVTS32147WHT,NO,7,0
JVTS32147BLK,NO,7,0
JVTS32147NVY,NO,7,0
JVTS32149WHT,NO,7,0
JVTS32149BLK,NO,7,0
JVTS32140WHT,NO,7,0
JVTS32140BLK,NO,7,0
JVTS32140GRY,NO,7,0
JVTS32143WHT,NO,7,0
JVTS32143BLK,NO,7,0
JVSB52167BLK,NO,7,0
JVSB52168BLK,NO,7,0
JVSB52169WHT,NO,7,0
JVSB52169BLK,NO,7,0
JVHD52162GRY,NO,7,0
JVPT52163GRY,NO,7,0
JVPT52164GRY,NO,7,0
JVPT52164BLK,NO,7,0
JVSH52165BLK,NO,7,0
JVSB52166BLK,NO,7,0
JVHD52158BLK,NO,7,0
JVHD52159BLK,NO,7,0
JVHD52160BLK,NO,7,0
JVHD52161BLK,NO,7,0
JVHD52157GRY,NO,7,0
JVHD52157BLK,NO,7,0
JVJS52153BLK,NO,7,0
JVJS52154WHT,NO,7,0
JVJS52154NVY,NO,7,0
JVSH52156WHT,NO,7,0
JVSH52156BLK,NO,7,0
JVSH52156NVY,NO,7,0
JVTS52149WHT,NO,7,0
JVTS52149BLK,NO,7,0
JVTS52150WHT,NO,7,0
CPTJFW1901-N84,NO,7,0
830E14-038,NO,7,0
CPTJFW1901-BKM,NO,7,0
830E14-002,NO,7,0
830E14-BKM,NO,7,0
830T01-Y70,NO,7,0
CPTP04-060,NO,7,0
CPTP04-Y70,NO,7,0
830T03-Y70,NO,7,0
830E09-Y70,NO,7,0
830E09-060,NO,7,0
JVTS52147BLK,NO,7,0
JVTS52147NVY,NO,7,0
JVTS52142WHT,NO,7,0
JVTS52142BLK,NO,7,0
JVTS52142GRY,NO,7,0
JVTS52143WHT,NO,7,0
JVTS52143BLK,NO,7,0
JVTS52143NVY,NO,7,0
JVTS52144WHT,NO,7,0
JVTS52144BLK,NO,7,0
JVTS52140WHT,NO,7,0
JVTS52140BLK,NO,7,0
JVTS52140GRY,NO,7,0
JVTS52141WHT,NO,7,0
JVTS52141BLK,NO,7,0
JVTS52141GRY,NO,7,0
BCSB52152NVY,NO,7,0
BCSB52152RED,NO,7,0
BCSB52148NVY,NO,7,0
BCSB52147NVY,NO,7,0
BCPT52144NVY,NO,7,0
BCSB52149RED,NO,7,0
BCSB52149BLU,NO,7,0
BCSH52141NVY,NO,7,0
BCPT52138NVY,NO,7,0
BCPT52138BLK,NO,7,0
BCPT52138GRY,NO,7,0
BCPT52139GRY,NO,7,0
BCPT52139NVY,NO,7,0
BCJK52143NVY,NO,7,0
BCHD52136NVY,NO,7,0
BCHD52134BLK,NO,7,0
BCHD52134NVY,NO,7,0
BCSH52137NVY,NO,7,0
BCSH52137BLK,NO,7,0
BCSH52137GRY,NO,7,0
BCSH52140NVY,NO,7,0
BCSH52140BLU,NO,7,0
BCSH52140BLK,NO,7,0
BCHD52136GRY,NO,7,0
BCHD52136BLU,NO,7,0
BCHD52146GRY,NO,7,0
BCHD52146BLU,NO,7,0
BCHD52146NVY,NO,7,0
BCHD52133NVY,NO,7,0
BCHD52133RED,NO,7,0
NFLSW521109YEL,NO,7,0
NFLSW521109BLK2,NO,7,0
NFLSW521109GRN,NO,7,0
NFLSW521109NVY2,NO,7,0
NFLSW521109NVY3,NO,7,0
NFLSW521109BLK3,NO,7,0
NFLSW521109BLK4,NO,7,0
NFLPDS52102BLK5,NO,7,0
NFLPDS52102BLK6,NO,7,0
NFLPDS52102BLK7,NO,7,0
NFLPDS52102BLK8,NO,7,0
NFLPDS52102RED,NO,7,0
NFLSW521109NVY,NO,7,0
NFLPD52101BLK7,NO,7,0
NFLPD52101BLK8,NO,7,0
NFLPD52101BLK9,NO,7,0
NFLPDS52102BLK,NO,7,0
NFLPDS52102BLK2,NO,7,0
NFLPDS52102BLK3,NO,7,0
NFLPDS52102NVY,NO,7,0
NFLPDS52102BLK4,NO,7,0
NFLSH52101BLK8,NO,7,0
GF934586977K74,NO,7,0
M5073G586980A33F,NO,7,0
86166PA2HF,NO,7,0
86166PA5PF,NO,7,0
B1429G551234Z0Q,NO,7,0
B1429G586985JHO,NO,7,0
B1429G586984A33F,NO,7,0
M9237PA49F,NO,7,0
NBABN52101BLK,NO,7,0
NBAHD521001ROY,NO,7,0
NBAHD521001GRY,NO,7,0
NBATS521000YEL,NO,7,0
NBATS520400GRY,NO,7,0
NBAHD521001BLK4,NO,7,0
NBATS521000PUR,NO,7,0
NBATS521000BLK,NO,7,0
NBATS521000RED,NO,7,0
NBATS521000WHT,NO,7,0
NBATS521000BLK2,NO,7,0
NBATS521000BLK3,NO,7,0
NBATS521000GRY,NO,7,0
NBATS521000GRN,NO,7,0
NBATS521000ROY,NO,7,0
NBAHD521001BLK3,NO,7,0
NBAHD521001BLK5,NO,7,0
NBATS521000RED3,NO,7,0
NBATS521000BLU,NO,7,0
NBATS520400BLK,NO,7,0
NBATS520400WHT,NO,7,0
NBAHD521001RED,NO,7,0
NBAHD521001YEL,NO,7,0
NBAHD521001BLK2,NO,7,0
NBATS521000RED2,NO,7,0
NBATS521000BLK4,NO,7,0
NBATS521000BLK5,NO,7,0
NBAHD521001BLK6,NO,7,0
NBAHD521002BLK,NO,7,0
NBAHD521002PUR,NO,7,0
NBAHD521002BLK2,NO,7,0
NBAHD521002BLU,NO,7,0
NBAHD521003BLK2,NO,7,0
NBAHD521003GRY,NO,7,0
NBAHD521003BLK3,NO,7,0
NBASH521001BLK,NO,7,0
NBASH521001BLK2,NO,7,0
NBASH521001BLU,NO,7,0
NBASH521001BLK3,NO,7,0
NBASH521001GRY,NO,7,0
NBASH521001BLK4,NO,7,0
NBASH521002BLK,NO,7,0
NBASH521002YEL,NO,7,0
NBASH521002ROY,NO,7,0
NBASH521002BLK2,NO,7,0
NBASH521002BLK3,NO,7,0
NBASH521002BLK4,NO,7,0
NBAPT521001BLK,NO,7,0
NBAPT521001BLK2,NO,7,0
NBAPT521001BLK3,NO,7,0
NBAPT521001GRY,NO,7,0
NBAPT521001BLU,NO,7,0
NBAPT521001BLK4,NO,7,0
NBATS521424YLW,NO,7,0
NBATS521424BLK,NO,7,0
NBATS521424BLU,NO,7,0
NBAHD521001BLK,NO,7,0
NBATS521425BLK,NO,7,0
NBATS521425BLK3,NO,7,0
NFLPD52101BLK,NO,7,0
NFLPD52101BLK2,NO,7,0
NFLPD52101BLK3,NO,7,0
NFLPD52101NVY,NO,7,0
NFLPD52101BLK4,NO,7,0
NFLPD52101BLK5,NO,7,0
NFLPD52101BLK6,NO,7,0
NFLSH52101BLK4,NO,7,0
NFLSH52101BLK5,NO,7,0
NFLSH52101NVY2,NO,7,0
NFLSH52101BLK6,NO,7,0
NFLSH52101BLK7,NO,7,0
NFLTJ521103BLK2,NO,7,0
NFLTJ521103BLK3,NO,7,0
NFLTJ521103BLK4,NO,7,0
NFLTJ521103BLK5,NO,7,0
NFLTJ521103BLK6,NO,7,0
NFLSH52101NVY,NO,7,0
NFLSH52101BLK,NO,7,0
NFLSH52101BLK2,NO,7,0
NFLSH52101BLK3,NO,7,0
NFLTJ521101CAMO1,NO,7,0
NFLTJ521101CAMO2,NO,7,0
NFLTJ521101CAMO3,NO,7,0
NFLTJ521101CAMO4,NO,7,0
NFLTJ521101CAMO5,NO,7,0
NFLTJ521101CAMO6,NO,7,0
NFLTJ521103BLK1,NO,7,0
NFLJS521000BLK,NO,7,0
NFLJS521000BLK2,NO,7,0
NFLJS521000BLK3,NO,7,0
NFLJS521000TEA,NO,7,0
NFLJS521000PUR,NO,7,0
NFLJS521000BLU,NO,7,0
NFLJS521000RED,NO,7,0
NFLJS521000BLK4,NO,7,0
NFLJS521000BLK5,NO,7,0
NFLJS521000RED2,NO,7,0
NFLJS521000RED3,NO,7,0
NFLTS52187BLK3,NO,7,0
NFLTS52187BLK4,NO,7,0
NFLTS52187RED2,NO,7,0
NFLTS52187RED3,NO,7,0
NFLTS52187BLK5,NO,7,0
NFLJS521000NVY,NO,7,0
NFLJS521000NVY2,NO,7,0
NFLJS521000AQU,NO,7,0
NFLTS52101BLK3,NO,7,0
NFLTS52187NVY,NO,7,0
NFLTS52187GRN,NO,7,0
NFLTS52187BLK,NO,7,0
NFLTS52187AQU,NO,7,0
NFLTS52187WHT,NO,7,0
NFLTS52187NVY2,NO,7,0
NFLTS52187RED,NO,7,0
NFLTS52187BLK2,NO,7,0
NFLTS52101NVY,NO,7,0
NFLTS52101GRN,NO,7,0
NFLTS52101BLK,NO,7,0
NFLTS52101AQU,NO,7,0
NFLTS52101BLK2,NO,7,0
NFLTS52101TEA,NO,7,0
NFLTS52101NVY2,NO,7,0
NFLTS52101RED,NO,7,0
NFLTS52101RED2,NO,7,0
NFLTS52101RED3,NO,7,0
NBASL52034BLK,NO,7,0
NBATS521425GRY,NO,7,0
NBATS521427BLK,NO,7,0
NBATS521427BLK2,NO,7,0
NBATS521427BLK3,NO,7,0
NBATS521427BLK4,NO,7,0
NBATS521427BLK5,NO,7,0
NFLTS32101NVY,NO,7,0
NFLTS32101GRN,NO,7,0
NFLTS32101BLK,NO,7,0
NFLTS32101AQU,NO,7,0
NFLTS32101BLK2,NO,7,0
NFLTS32101TEA,NO,7,0
NFLTS32101NVY2,NO,7,0
NFLTS32101RED,NO,7,0
NFLTS32101RED2,NO,7,0
NFLTS32101RED3,NO,7,0
NFLTS32101BLK3,NO,7,0
NFLJS321000NVY,NO,7,0
NFLJS321000NVY2,NO,7,0
NFLJS321000AQU,NO,7,0
NFLJS321000BLK,NO,7,0
NFLJS321000BLK2,NO,7,0
NFLJS321000BLK3,NO,7,0
NFLJS321000TEA,NO,7,0
NFLJS321000PUR,NO,7,0
NFLJS321000BLU,NO,7,0
NFLJS321000RED,NO,7,0
NFLJS321000BLK4,NO,7,0
NFLJS321000BLK5,NO,7,0
NFLJS321000RED2,NO,7,0
NFLJS321000RED3,NO,7,0
NFLTJ321103BLK1,NO,7,0
BCHD52133BLU,NO,7,0
BCHD52132GRY,NO,7,0
BCHD52132NVY,NO,7,0
BCHD52132RED,NO,7,0
BCTS52124BLU,NO,7,0
BCTS52151BLU,NO,7,0
BCTS52151GRY,NO,7,0
BCTS52151NVY,NO,7,0
BCTS52127NVY,NO,7,0
BCTS52127GRY,NO,7,0
BCTS52127RED,NO,7,0
BCTS52130NVY,NO,7,0
BCTS52130RED,NO,7,0
BCTS52130BLU,NO,7,0
BCTS52131NVY,NO,7,0
BCTS52131GRY,NO,7,0
BCTS52124RED,NO,7,0
BCTS52124NVY,NO,7,0
BCJS52122TUR,NO,7,0
BCJS52145BLU,NO,7,0
BCJS52145RED,NO,7,0
BCJS52145BLK,NO,7,0
BCTS52126GRY,NO,7,0
BCTS52126YEL,NO,7,0
BCTS52126BLU,NO,7,0
BCTS52129NVY,NO,7,0
BCTS52129RED,NO,7,0
BCTS52129BLU,NO,7,0
BCTS52128RED,NO,7,0
BCTS52128NVY,NO,7,0
BCTS52128GRY,NO,7,0
BCJS52120NVY,NO,7,0
BCJS52120BLK,NO,7,0
BCJS52120TUR,NO,7,0
BCJS52121NVY,NO,7,0
BCJS52121BLK,NO,7,0
BCJS52121TUR,NO,7,0
BCJS52122BLU,NO,7,0
BCJS52122BLK,NO,7,0
BCTS32126GRY,NO,7,0
BCTS32126YLW,NO,7,0
BCTS32126BLU,NO,7,0
BCTS32127NVY,NO,7,0
BCTS32127GRY,NO,7,0
BCTS32127RED,NO,7,0
BCTS32130NVY,NO,7,0
BCTS32130RED,NO,7,0
NFLTJ321103BLK2,NO,7,0
NFLTJ321103BLK3,NO,7,0
NFLTJ321103BLK4,NO,7,0
NFLTJ321103BLK5,NO,7,0
NFLTJ321103BLK6,NO,7,0
NFLSH32101NVY,NO,7,0
NFLSH32101BLK,NO,7,0
NFLSH32101BLK2,NO,7,0
NFLSH32101BLK3,NO,7,0
NFLSH32101BLK4,NO,7,0
NFLSH32101BLK5,NO,7,0
NFLSH32101NVY2,NO,7,0
NFLSH32101BLK6,NO,7,0
NFLSH32101BLK7,NO,7,0
NFLSH32101BLK8,NO,7,0
NFLHD32140BLK,NO,7,0
NFLHD32140RED,NO,7,0
NFLHD32140NVY,NO,7,0
NFLHD32140GRN,NO,7,0
NFLHD32140BLK2,NO,7,0
NFLHD32140NVY2,NO,7,0
NFLHD32140TEA,NO,7,0
NFLHD32140RED2,NO,7,0
NFLHD32140NVY3,NO,7,0
NFLHD32140RED3,NO,7,0
NFLTS32159BLK,NO,7,0
NFLTS32159RED,NO,7,0
NFLTS32159NVY,NO,7,0
NFLTS32159BLK2,NO,7,0
NFLTS32159GRN,NO,7,0
NFLTS32159NVY2,NO,7,0
NFLTS32159NVY3,NO,7,0
NFLTS32159TEA,NO,7,0
NFLTS32159RED2,NO,7,0
NFLTS32159RED3,NO,7,0
NFLPT32177BLK,NO,7,0
NFLPT32177BLK2,NO,7,0
NFLPT32177NVY,NO,7,0
NFLPT32177BLK3,NO,7,0
NFLPT32177BLK4,NO,7,0
NFLPT32177NVY2,NO,7,0
NFLPT32177BLK5,NO,7,0
NFLPT32177NVY3,NO,7,0
NFLPT32177BLK6,NO,7,0
NFLPT32177BLK7,NO,7,0
NFLHD32141NVY,NO,7,0
NFLHD32141BLK,NO,7,0
BCTS32130BLU,NO,7,0
BCTS32131NVY,NO,7,0
BCTS32131GRY,NO,7,0
BCJS32120NVY,NO,7,0
BCJS32120BLK,NO,7,0
BCJS32120TUR,NO,7,0
BCJS32121NVY,NO,7,0
BCJS32121BLK,NO,7,0
BCJS32121TUR,NO,7,0
BCJS32145BLU,NO,7,0
BCJS32145RED,NO,7,0
BCHD32134BLK,NO,7,0
BCHD32134NVY,NO,7,0
BCSH32140NVY,NO,7,0
BCSH32140BLU,NO,7,0
BCSH32140BLK,NO,7,0
BCSB32148NVY,NO,7,0
BCHD32136GRY,NO,7,0
BCHD32136BLU,NO,7,0
BCHD32136NVY,NO,7,0
BCHD32146NVY,NO,7,0
BCTS32151BLU,NO,7,0
BCTS32151GRY,NO,7,0
BCTS32151NVY,NO,7,0
BCHD32146GRY,NO,7,0
BCHD32146BLU,NO,7,0
JVSB32167BLK,NO,7,0
BCDW2110NVY,NO,7,0
BCDW2109BLU,NO,7,0
MVSB317209-NVY,NO,7,0
JVTS52150BLK,NO,7,0
JVJS52151WHT,NO,7,0
JVJS52152WHT,NO,7,0
JVJS52152NVY,NO,7,0
JVTS52148BLK,NO,7,0
JVTS52148GRY,NO,7,0
JVTS52145WHT,NO,7,0
JVTS52145BLK,NO,7,0
JVTS52145GRY,NO,7,0
JVTS52146WHT,NO,7,0
JVTS52146BLK,NO,7,0
JVTS52147WHT,NO,7,0
JVST2007-BLK,SI,20,0
DSSB4172025-PUR,NO,20,0
MV3172060-BLU,NO,20,0
MV3172061-BLU,NO,20,0
DS3172062-RED,NO,20,0
NFLHD32141RED,NO,20,0
NFLHD32141GRN,NO,20,0
NFLHD32141AQU,NO,20,0
NFLHD32141BLK2,NO,20,0
NFLHD32141NVY2,NO,20,0
NFLHD32141TEA,NO,20,0
NFLHD32141BLK3,NO,20,0
NFLHD32141BLK4,NO,20,0
NFLSH32102BLK,NO,20,0
NFLSH32102BLK2,NO,20,0
NFLSH32102BLK3,NO,20,0
NFLSH32102GRY,NO,20,0
NFLSH32102BLK4,NO,20,0
NFLSH32102NVY2,NO,20,0
NFLSH32102BLK5,NO,20,0
NFLSH32102BLK6,NO,20,0
NFLSH32102BLK7,NO,20,0
NBADW2110BLK,NO,20,0
NBADW2110PUR,NO,20,0
NBADW2110RED,NO,20,0
NBADW2110BLU,NO,20,0
NBADW2110GRN,NO,20,0
NBADW2110BLK2,NO,20,0
NFLDW2110NVY,NO,20,0
NFLDW2110BLK,NO,20,0
NFLDW2110RED,NO,20,0
NFLDW2110RED2,NO,20,0
NFLDW2110BLK2,NO,20,0
NBADW2109BLK,NO,20,0
NBADW2109BLK2,NO,20,0
NBADW2109BLK3,NO,20,0
NBADW2109BLK4,NO,20,0
NBADW2109BLK5,NO,20,0
NBADW2109BLU,NO,20,0
NFLDW2109NVY,NO,20,0
NFLDW2109BLK,NO,20,0
NFLDW2109RED,NO,20,0
NFLDW2109RED2,NO,20,0
NFLDW2109BLK2,NO,20,0
NBASL52120PUR,NO,20,0
NBASL52120RED,NO,20,0
NBASL52140BLK1,NO,20,0
NBASL52140BLK2,NO,20,0
NBASL52140BLK3,NO,20,0
NBAFF521109RED1,NO,20,0
NBAFF521109PUR,NO,20,0
NBAFF521109RED2,NO,20,0
DS3172063-BLK,NO,20,0
DS3172064-RED,NO,20,0
DS3172065-NVY,NO,20,0
UMJK518303-GRY,NO,20,0
UMJK518303-NVY,NO,20,0
UMPT518303-BLK,NO,20,0
UMPT518303-NVY,NO,20,0
UMJS518306-BLK,NO,20,0
UMJS518306-BLU,NO,20,0
UMJK518305-BLK,NO,20,0
UMJS518309-GRY,NO,20,0
UMJS518309-BLK,NO,20,0
UMJS518302-BLK,NO,20,0
UMJS518302-ROY,NO,20,0
UMPL518301-ROY,NO,20,0
UMPL518301-GRY,NO,20,0
UMJS518303-GRY,NO,20,0
UMJS518303-BLU,NO,20,0
UMJKTG02-LGR,NO,20,0
UMJKTG02-FUC,NO,20,0
UMJKTG02-AQU,NO,20,0
UMJKTG02-ORG,NO,20,0
UMGK5AL01-LGR,NO,20,0
UMGK5AL01-AQU,NO,20,0
UMSOTG03-WHT,NO,20,0
UMSOTG03-BLK,NO,20,0
UMGK5AL01-FUC,NO,20,0
UMGK5AL01B-FUC,NO,20,0
MLPTS18207-PNK,NO,20,0
MLPDR418212-TUR,NO,20,0
UMGK5AL01B-LGR,NO,20,0
20958U-FYM,NO,20,0
UMGK5AL01C-FUC,NO,20,0
UMSH5JM02-YEL,NO,20,0
UMGK5AL01C-LGR,NO,20,0
UMGK5AL01D-FUC,NO,20,0
UMGK5AL01D-LGR,NO,20,0
UMJS5MUN04-PNK,NO,20,0
UMSH5MUN04-BLK,NO,20,0
MCST318206-BLU,NO,20,0
MCTS318207-WHT,NO,20,0
MVSB317202-NVY,NO,20,0
MVSB317203-NVY,NO,20,0
MVSB317208-NVY,NO,20,0
MVSB317208-RED,NO,20,0
MVSB3172040-RED,NO,20,0
MVSB3172041-BLK,NO,20,0
NBAFF521115RED,NO,20,0
NBAFF521115PUR,NO,20,0
NBAFF521115BLK,NO,20,0
NFLFF52108BLK1,NO,20,0
NFLFF52108BLK2,NO,20,0
NBACS52102BLK1,NO,20,0
NBACS52102BLK2,NO,20,0
NBACS52102BLK3,NO,20,0
NBASL52034PUR,NO,20,0
NBASL52056BLK1,NO,20,0
NBASL52056PUR,NO,20,0
NBASL52056BLK2,NO,20,0
NFLSL52101BLK1,NO,20,0
NFLSL52101BLK2,NO,20,0
NBACS32102BLK1,NO,20,0
NBACS32102BLK2,NO,20,0
NBACS32102BLK3,NO,20,0
NBACS32102BLK4,NO,20,0
NBACS32104BLK1,NO,20,0
NBACS32104BLK2,NO,20,0
NBACS32104BLK3,NO,20,0
NBACS32105BLK1,NO,20,0
NBACS32105BLK2,NO,20,0
NBACS32105BLK3,NO,20,0
NBACS32106BLK1,NO,20,0
LVST2007-RED,SI,24,0
AMST2007-RED,NO,24,0
BH78RI-OCT-B-LFJ,NO,24,0
BH78RI-SAS-K-LFL,NO,24,0
BH78RI-TRA-K-LFM,NO,24,0
BH78RF-BCE-E-LCT,NO,24,0
BH78RF-BNE-K-LCU,NO,24,0
BH78RF-CBU-K-LCV,NO,24,0
BH78RF-CCA-7-LCW,NO,24,0
BH78RF-CHO-L-LCX,NO,24,0
BH78RF-GSW-Y-LCY,NO,24,0
TFTS18305-WHT,NO,24,0
TFST18301-NVY,NO,24,0
BH78RF-HRO-R-LCZ,NO,24,0
BH78RF-OCT-B-LD4,NO,24,0
BH78RF-P76-B-LD5,NO,24,0
BH78RF-SAS-K-LD6,NO,24,0
BH78RF-TRA-K-LD7,NO,24,0
BH78RE-BCE-E-LBT,NO,24,0
BH78RE-BNE-K-LBU,NO,24,0
BH78RE-CBU-R-LBV,NO,24,0
BH78RE-CBU-K-LBW,NO,24,0
MVSB3172028-RED,NO,24,0
DSSB4172027-PUR,NO,24,0
DSSB3172030-BLU,NO,24,0
DSSB3172011-BLU,NO,24,0
DSSB4172012-RED,NO,24,0
DSSB3172010-NVY,NO,24,0
DSSB4172026-PUR,NO,24,0
DSSB4172013-PNK,NO,24,0
DSSB4172014-PNK,NO,24,0
DSSB4172015-RED,NO,24,0
DSSB4172016-RED,NO,24,0
DSSB4172023-PUR,NO,24,0
DSSB4172024-PUR,NO,24,0
DS4172066-PUR,NO,24,0
DS4172067-PNK,NO,24,0
DS4172068-PUR,NO,24,0
DS4172069-PUR,NO,24,0
DS3172070-BLU,NO,24,0
DS3172071-RED,NO,24,0
DS3172072-BLU,NO,24,0
DS3172073-BLU,NO,24,0
DS4172074-RED,NO,24,0
DS4172075-PNK,NO,24,0
DS4172076-BLK,NO,24,0
DS4172077-RED,NO,24,0
DS4172082-PNK,NO,24,0
DS4172083-PNK,NO,24,0
DS4172084-PUR,NO,24,0
MV3172085-RED,NO,24,0
MV3172086-BLK,NO,24,0
MV3172087-RED,NO,24,0
DS3172089-BLU,NO,24,0
MCTS3172024-NVY,NO,24,0
MCTS3172024-RED,NO,24,0
MCTS3172026-NVY,NO,24,0
MCTS3172026-RED,NO,24,0
MCTS3172027-RED,NO,24,0
MCTS3172027-BLU,NO,24,0
MCTS3172016-RED,NO,24,0
MCTS3172016-NVY,NO,24,0
MCTS3172004-RED,NO,24,0
MCTS3172004-BLU,NO,24,0
MCTS3172017-RED,NO,24,0
MCTS3172017-NVY,NO,24,0
MCTS3172021-NVY,NO,24,0
MCTS3172021-WHT,NO,24,0
MCTS3172022-NVY,NO,24,0
MCTS3172022-RED,NO,24,0
MCTS3172025-NVY,NO,24,0
MCTS3172025-WHT,NO,24,0
MCTS3172001-RED,NO,24,0
MCTS3172001-NVY,NO,24,0
MCTS3172001-WHT,NO,24,0
MCTS3172002-RED,NO,24,0
MCTS3172002-NVY,NO,24,0
MCTS3172003-RED,NO,24,0
MCTS3172003-BLU,NO,24,0
MCTS3172003-WHT,NO,24,0
MCTS3172005-NVY,NO,24,0
MCTS3172005-RED,NO,24,0
MCTS3172005-WHT,NO,24,0
MCTS3172006-NVY,NO,24,0
MCTS3172006-RED,NO,24,0
MCTS3172007-NVY,NO,24,0
MCTS3172007-RED,NO,24,0
MCTS3172007-WHT,NO,24,0
MCTS3172009-BLU,NO,24,0
MCTS3172009-RED,NO,24,0
MCTS3172012-NVY,NO,24,0
MCTS3172012-RED,NO,24,0
MVSB3172017-NVY,NO,24,0
MVSB3172018-BLK,NO,24,0
MVSB3172021-NVY,NO,24,0
MVSB3172022-NVY,NO,24,0
MVSB3172037-BLK,NO,24,0
MVSB3172039-BLK,NO,24,0
MVSB317201-BLU,NO,24,0
MVSB317201-NVY,NO,24,0
MCPJ318431-RED,NO,24,0
MCPJ318432-NVY,NO,24,0
UMCP5PLA01-ROY,NO,24,0
UMCP5PLA02-BLK,NO,24,0
UMJK5HER04-BLK,NO,24,0
AVSK181035-BLU,NO,24,0
MCTS318202-RED,NO,24,0
MCTS318202-BLK,NO,24,0
MCSK18101-BLK,NO,24,0
MCTS318205-LBL,NO,24,0
MCTS318205-WHT,NO,24,0
MVSB317204-RED,NO,24,0
MVSB317205-NVY,NO,24,0
MVSB317206-BLU,NO,24,0
MVSB317207-NVY,NO,24,0
MVBX318215-2PK,NO,24,0
BH78RE-GSW-B-LBZ,NO,24,0
BH78RE-NYK-B-LC4,NO,24,0
BH78RE-SAS-K-LC7,NO,24,0
BH791U-CBU-W-JAN,NO,24,0
BH79G0-CBU-G-LLS,NO,24,0
6HSBLCK-BNEMO15,NO,24,0
6HSKHAK-BNEMO18,NO,24,0
6HSMO-18-CBURED1,NO,24,0
6HSWHIT-CBUMO17,NO,24,0
6HSRED1-CBUMO17,NO,24,0
6HSKHAK-CBUMO18,NO,24,0
6HSMO-18-CCAMARO1,NO,24,0
BH79GJ-LAL-W-LM8,NO,24,0
BH7A39-CBU-R-MMR,NO,24,0
6HSROYA-GSWMO15,NO,24,0
6HSGREY-SASMO15,NO,24,0
6HSSBLCK-BNEMO17,NO,24,0
6HSSWHIT-CBUMO17,NO,24,0
TFPJ318209-BLU,NO,24,0
RMJS518201-NVY,NO,24,0
BH7346-OMA-2T-931,NO,24,0
BH78I2-BNE-K-GGP,NO,24,0
BH78I4-CBU-R-GGR,NO,24,0
BH78I3-CBU-K-GGQ,NO,24,0
B-MTCLU12GWS-BKA,NO,24,0
6HSSMK55-CBUBKGD,NO,24,0
6HSSMK55-CBUBKSV,NO,24,0
B-RGW02GWS-HM,NO,24,0
NBACS52102BLK4,NO,24,0
NBACS52104BLK1,NO,24,0
NBACS52104BLK2,NO,24,0
NBACS52104BLK3,NO,24,0
NBACS52105BLK1,NO,24,0
NBACS52105BLK2,NO,24,0
NBACS52105BLK3,NO,24,0
NBACS52106BLK1,NO,24,0
NBACS52106BLK2,NO,24,0
NBACS52106BLK3,NO,24,0
NBASL52117BLK1,NO,24,0
NBASL52117BLK2,NO,24,0
NBASL52101BLK1,NO,24,0
NBASL52101BLK2,NO,24,0
NBASL52101BLK3,NO,24,0
6HSSWHIT-CCAMO17,NO,24,0
6HSSWHIT-GSWMO17,NO,24,0
6HSSGREY-SASMO15,NO,24,0
6HSKHAK-CCAMO18,NO,24,0
6HSWHIT-CCAMO17,NO,24,0
6HSWHIT-GSWMO17,NO,24,0
6HSKHAK-GSWMO18,NO,24,0
6HSKHAK-OCTMO18,NO,24,0
6HSKHAK-PTBMO18,NO,24,0
6HSKHAK-SASMO18,NO,24,0
BH78AU-NYK-B-HJZ,NO,24,0
BH78BF-CBU-R-HPY,NO,24,0
BH78BF-CHO-T-HPX,NO,24,0
BH78BF-HRO-R-HQ0,NO,24,0
BH78BF-NYK-B-HQ4,NO,24,0
BH78BF-VGR-T-HQB,NO,24,0
BH78D4-AHA-K-I87,NO,24,0
BH78D4-MGR-K-I8F,NO,24,0
BH78D5-MHE-K-I8V,NO,24,0
BH7A48-CBU-R-MOZ,NO,24,0
BH7A48-SFW-B-MYY,NO,24,0
6HSSBLCK-TRAMM13,NO,24,0
SH73ZO-CRA-K-BKX,NO,24,0
SH73ZP-CCR-K-BKY,NO,24,0
SH73ZY-NYC-K-BL7,NO,24,0
VE31Z-TSC-5CAVAL,NO,24,0
11QXZ-018-5BULLS,NO,24,0
11QYZ-FAS-5BULLS,NO,24,0
BH78CY-SAS-K-I6B,NO,24,0
BH78D0-CCA-K-I6Y,NO,24,0
BH78D1-CBU-K-I7F,NO,24,0
BH78D1-CHO-K-I7E,NO,24,0
SH78AS-RSL-K-HJ2,NO,24,0
MH77JL-MNN-K-FFC,NO,24,0
SWCV172034-BLK,NO,24,0
TFJS318207-GRY,NO,24,0
TFJS318217-BLK,NO,24,0
TFJS318207-NVY,NO,24,0
TFJS318218-BLK,NO,24,0
TFJS318218-WHT,NO,24,0
TFJK318202-BLK,NO,24,0
TFPT318202-BLK,NO,24,0
TFPJ318209-BLK,NO,24,0
TFPJ18301-NVY,NO,24,0
TFPJ18302-NVY,NO,24,0
TFPJ18303-NVY,NO,24,0
TFPJ18304-NVY,NO,24,0
TFTS18303-LBL,NO,24,0
TFTS18303-NVY,NO,24,0
TFTS18304-BLK,NO,24,0
TFTS18304-BLU,NO,24,0
TFTS18304-NVY,NO,24,0
6HSSMK55-CBUKHAK,NO,24,0
6HSSMK55-CBUWHIT,NO,24,0
B-RGW02GWS-WHT,NO,24,0
6HSSMK82-BCEWHIT,NO,24,0
6HSSMK82-BNEBLCK,NO,24,0
B-RGW12GWS-HM,NO,24,0
6HSSMK82-CBUWHIT,NO,24,0
6HSSMK82-CCAMARO,NO,24,0
B-RGW17GWS-CCA,NO,24,0
6HSSMK82-CCAWHIT,NO,24,0
6HSSMK82-GSWROYA,NO,24,0
B-RGW17GWS-LT,NO,24,0
6HSSMK82-HROSCAR,NO,24,0
6HSSMK82-SASWHIT,NO,24,0
LFSB5172035-BLK,NO,24,0
LFSB3172047-BLK,NO,24,0
LFSB3172048-BLK,NO,24,0
LFSB5172032-BLU,NO,24,0
LFSB5172034-BLK,NO,24,0
LFSB5172036-BLK,NO,24,0
LFSB3172045-BLK,NO,24,0
LF3172088-BLK,NO,24,0
BH763M-HRO-2T-DRS,NO,24,0
BH75WW-ASW-B-DM2,NO,24,0
BH75WO-ASG-K-DLS,NO,24,0
BH764H-BNE-2T-DSA,NO,24,0
NZ979-TPC-5KNICK,NO,24,0
NZ979-TSC-5KNICK,NO,24,0
BH764I-CBU-2T-DSB,NO,24,0
BH764J-CBU-2T-DSC,NO,24,0
BH76JS-CBU-W-EB4,NO,24,0
NZX54-010-5BULLS,NO,24,0
VF62Z-005-5WARRI,NO,24,0
XZ854-005-5BULLS,NO,24,0
XZB65-013-5BULLS,NO,24,0
NM04Z-WTE-5BUCKS,NO,24,0
BH768R-CBU-K-DV4,NO,24,0
NL15Z-TPC-5MAGIC,NO,24,0
NL15Z-TSC-5MAGIC,NO,24,0
NL15Z-TPC-576ERS,NO,24,0
NL15Z-TSC-576ERS,NO,24,0
HX-RK-1M004,NO,24,0
HX-RK-1M005,NO,24,0
BH71H4-CBU-G-9G2,NO,24,0
HX-BABY01,NO,24,0
HX-BABY02,NO,24,0
SWTS317201-BLK,NO,24,0
SWTS317201-BLU,NO,24,0
SWTS317202-BLK,NO,24,0
SWTS317202-BLU,NO,24,0
SWTS317203-GRY,NO,24,0
SWTS317203-BLU,NO,24,0
SWTS317205-BLK,NO,24,0
SWTS317205-BLU,NO,24,0
SWTS317206-BLK,NO,24,0
SWTS317206-BLU,NO,24,0
SWTS317206-RED,NO,24,0
SWTS317207-BLK,NO,24,0
SWTS317207-BLU,NO,24,0
SWTS317207-RED,NO,24,0
SWTS317208-BLK,NO,24,0
SWPJ317201-NVY,NO,24,0
SWPJ317202-NVY,NO,24,0
SWTS317215-RED,NO,24,0
SWTS317216-BLK,NO,24,0
SWTS317216-NVY,NO,24,0
SWPJ317203-NVY,NO,24,0
TFTS18305-NVY,NO,24,0
TFPJ18305-NVY,NO,24,0
TFJK18301-NVY,NO,24,0
TFPT18301-NVY,NO,24,0
BH71H5-CCA-G-9G3,NO,24,0
SWBX318213-2PK,NO,24,0
SWBX318214-2PK,NO,24,0
BH71H9-GSW-G-9G7,NO,24,0
BH71HG-LAL-G-9GB,NO,24,0
BH71HU-SAS-G-9GP,NO,24,0
109AZ-FAS-3DCUNI,NO,24,0
SH7924-LAF-K-8WU,NO,24,0
BH71J4-CBU-2T-9HW,NO,24,0
BH71JS-PTB-2T-9IH,NO,24,0
BH729K-DPI-B-A3B,NO,24,0
SH7947-LAF-K-8XY,NO,24,0
SH7956-RSL-7-8Y7,NO,24,0
MH75J6-MNN-K-CU7,NO,24,0
BH71K8-CCA-K-9IX,NO,24,0
BH71KF-GSW-K-9J1,NO,24,0
BH72AU-OMA-K-A4I,NO,24,0
338VZ-005-5CELTI,NO,24,0
338VZ-MTC-5CELTI,NO,24,0
338VZ-005-5BNETS,NO,24,0
338VZ-MTC-5BNETS,NO,24,0
BH725O-HRO-7-A0V,NO,24,0
MVBX318216-2PK,NO,24,0
20937U-FZM,NO,24,0
20902U-GDK,NO,24,0
81396U-FYT,NO,24,0
81396U-FZ4,NO,24,0
MVBF318217-2PK,NO,24,0
MVBF318218-2PK,NO,24,0
MVBF318219-2PK,NO,24,0
81397U-FYT,NO,24,0
20939U-FZM,NO,24,0
20942U-FZM,NO,24,0
81397U-FZ4,NO,24,0
81400U-FYT,NO,24,0
81400U-FZ4,NO,24,0
81320U-FYT,NO,24,0
81320U-FZ2,NO,24,0
81322U-FYT,NO,24,0
81322U-FZ2,NO,24,0
UMJS5ES03-NVY.DO,NO,24,0
UMJS5ES03-WHT.DO,NO,24,0
UMSH5ES03-NVY.DO,NO,24,0
UMSH5ES03-WHT.DO,NO,24,0
UMJK5ES02-NVY.DO,NO,24,0
UMSH5ES02-NVY.DO,NO,24,0
UMSH5ES02-WHT.DO,NO,24,0
UMBIB5ES01-GRN.DO,NO,24,0
UMBIB5ES01-YEL.DO,NO,24,0
UMBIB5ES01-ORN.DO,NO,24,0
UMGKST5ES01-GRN.DO,NO,24,0
UMGKST5ES01-RED.DO,NO,24,0
UMGKST5ES01-YEL.DO,NO,24,0
UMSO5ES01-BLK.DO,NO,24,0
UMSO5ES01-NVY.DO,NO,24,0
UMSO5ES01-WHT.DO,NO,24,0
MVBX517205-NVY,NO,24,0
MVBX517203-NVY,NO,24,0
MVBX517206-NVY,NO,24,0
MVBX517210-NVY,NO,24,0
MVBX517211-NVY,NO,24,0
BCST3172017-NVY,NO,24,0
BCST5172017-NVY,NO,24,0
JVSB317202-BLK,NO,24,0
BCSH5172012-MESSI,NO,24,0
MCTS3172012-WHT,NO,24,0
MCTS3172013-NVY,NO,24,0
MCTS3172013-RED,NO,24,0
MCTS3172014-BLU,NO,24,0
BH72C3-CHO-T-A5O,NO,24,0
BH72C8-DPI-B-A5T,NO,24,0
BH71MJ-DNU-2T-9KZ,NO,24,0
BH71MM-HRO-2T-9L2,NO,24,0
BH75OU-BNE-2T-CZL,NO,24,0
BH75P1-CBU-2T-CZS,NO,24,0
BH75P7-CCA-2T-CZY,NO,24,0
BH75P5-CCA-2T-CZW,NO,24,0
BH75PH-GSW-2T-D05,NO,24,0
BH75Q6-OCT-2T-D0U,NO,24,0
BH75QE-P76-2T-D0Z,NO,24,0
BH75QJ-SAS-2T-D14,NO,24,0
BH764V-SAS-2T-DSO,NO,24,0
BH769H-MGR-W-DVH,NO,24,0
BH795E-BCE-K-L7V,NO,24,0
BH7X5V-GSW-K-FK0,NO,24,0
VK66Z-MTC-5HAWKS,NO,24,0
VK66Z-MTC-5BNETS,NO,24,0
VK66Z-MTC-5CHOR1,NO,24,0
VK66Z-A14-5BULLS,NO,24,0
VK66Z-MTC-5WARRI,NO,24,0
VK66Z-P40-5WARRI,NO,24,0
VK66Z-MTC-5ROCKE,NO,24,0
VK66Z-MTC-5KNICK,NO,24,0
XZA55-013-5BNETS,NO,24,0
XZA74-013-5BULLS,NO,24,0
XZB62-BLU-5BULLS,NO,24,0
338VZ-MTC-5WARRI,NO,24,0
338VZ-005-5ROCKE,NO,24,0
HX-RK-1M001,NO,24,0
HX-RK-1M002,NO,24,0
BH71M6-VGR-K-9KP,NO,24,0
BH764E-TRA-2T-DS7,NO,24,0
BH765J-CBU-K-DSZ,NO,24,0
BH768S-CBU-W-DV5,NO,24,0
BH768X-GSW-K-DVA,NO,24,0
BH76K0-CBU-K-EBC,NO,24,0
838VZ-013-5BULLS,NO,24,0
BH75OX-BNE-2T-CZO,NO,24,0
BH76KD-CBU-W-EBM,NO,24,0
BH71G7-HRO-7-9F8,NO,24,0
BH72AX-PTB-K-A4L,NO,24,0
BH72CH-MGR-B-A5Z,NO,24,0
332AZ-FAS-5WARRI,NO,24,0
338VZ-MTC-5BULLS,NO,24,0
NM04- MTC-5ROCKE,NO,24,0
367AZ-005-5KNICK,NO,24,0
BH7247-CBU-K-832,NO,24,0
BH7268-SAS-K-853,NO,24,0
BH7281-CBU-2T-866,NO,24,0
BH763I-CBU-2T-DRO,NO,24,0
SWBX318201-BLU,NO,24,0
SWBX318202-NVY,NO,24,0
UMBRO SLATWALL SHOES,NO,24,0
UMBRO ARM HOOK,NO,24,0
SWTS317211-BLK,NO,24,0
SWTS317211-NVY,NO,24,0
SWTS317212-BLK,NO,24,0
SWTS317213-BLK,NO,24,0
SWTS317213-RED,NO,24,0
SWTS317214-BLK,NO,24,0
SWTS317214-BLU,NO,24,0
SWTS317215-BLK,NO,24,0
SWTS317209-BLK,NO,24,0
SWTS317209-NVY,NO,24,0
SWTS317210-BLK,NO,24,0
SWTS317210-BLU,NO,24,0
UMBRO ARM HOOK SLAT,NO,24,0
SIDE HOOK,NO,24,0
RMST3172016-NVY,NO,24,0
RMST5172016-NVY,NO,24,0
RMSB03162RM007-NVY,NO,24,0
RMSB03162RM007-BLK,NO,24,0
TFTS317201-RED,NO,24,0
TFTS317203-RED,NO,24,0
PSGJS517201-NVY,NO,24,0
PSGJS517201-BLK,NO,24,0
RMPL5172012-WHT,NO,24,0
RMSH517201-BLK,NO,24,0
RMJS317207-BLK,NO,24,0
RMJS317207-NVY,NO,24,0
RMSH517201-NVY,NO,24,0
RMJS317207-WHT,NO,24,0
RMJS317208-BLK,NO,24,0
RMSH517202-BLK,NO,24,0
RMJS317208-NVY,NO,24,0
RMJS317208-WHT,NO,24,0
RMSH517202-BLU,NO,24,0
RMSH517202-NVY,NO,24,0
RMJK517202-WHT,NO,24,0
RMJK517202-BLK,NO,24,0
RMPT517201-NVY,NO,24,0
RMPT517201-BLK,NO,24,0
RMJS3172010-NVY,NO,24,0
MCTS3172014-RED,NO,24,0
MCTS3172014-WHT,NO,24,0
MCTS3172015-NVY,NO,24,0
MCTS3172015-WHT,NO,24,0
MCTS3172018-NVY,NO,24,0
MCTS3172018-WHT,NO,24,0
MCTS3172020-NVY,NO,24,0
MCTS3172020-WHT,NO,24,0
MCPJ317201-NVY,NO,24,0
MCPJ317201-BLU,NO,24,0
MCPJ317202-NVY,NO,24,0
MCPJ317202-WHT,NO,24,0
MCPJ317205-NVY,NO,24,0
MCPJ317205-WHT,NO,24,0
MCPJ317206-WHT,NO,24,0
MCPJ317206-NVY,NO,24,0
MCPJ317207-WHT,NO,24,0
MCPJ317207-NVY,NO,24,0
MCPJ317209-NVY,NO,24,0
MCPJ317209-WHT,NO,24,0
MCPJ3172010-NVY,NO,24,0
MCPJ3172010-WHT,NO,24,0
MCPJ317203-NVY,NO,24,0
MCPJ317203-BLU,NO,24,0
MCPJ317204-BLU,NO,24,0
MCPJ317204-NVY,NO,24,0
MCPJ317208-RED,NO,24,0
MCPJ317208-NVY,NO,24,0
MCPJ3172011-WHT,NO,24,0
MCPJ3172011-NVY,NO,24,0
MCPJ3172012-RED,NO,24,0
MCPJ3172012-WHT,NO,24,0
MCPJ3172013-BLU,NO,24,0
MCPJ3172013-WHT,NO,24,0
UMJS5ES02-NVY.DO,NO,24,0
UMJS5ES02-WHT.DO,NO,24,0
UMJS5ES01-NVY.DO,NO,24,0
UMJS5ES01-WHT.DO,NO,24,0
UMSH5ES01-NVY.DO,NO,24,0
UMSH5ES01-WHT.DO,NO,24,0
UMJK5ES01-NVY.DO,NO,24,0
UMLP5ES01-NVY.DO,NO,24,0
UMPL5ES01-NVY.DO,NO,24,0
UMPL5ES01-WHT.DO,NO,24,0
BCSB517205-NEYMAR,NO,24,0
BCJS5172012-NEYMAR,NO,24,0
BCJS5172012-SUARE,NO,24,0
RMJS3172010-WHT,NO,24,0
RMJS3172013-WHT,NO,24,0
RMJS3172013-BLK,NO,24,0
RMPL3172012-NVY,NO,24,0
RMPL3172012-WHT,NO,24,0
RMSH317201-BLK,NO,24,0
RMSH317201-NVY,NO,24,0
RMSH317202-BLK,NO,24,0
RMSH317202-BLU,NO,24,0
SW015,NO,24,0
RMSH317202-NVY,NO,24,0
SW016,NO,24,0
RMJS3172015-NVY,NO,24,0
RMJS3172015-WHT,NO,24,0
SWPJ317204-NVY,NO,24,0
SWPJ317205-BLK,NO,24,0
SWPJ317206-BLK,NO,24,0
SWPJ317207-GRN,NO,24,0
SWPJ317208-BLU,NO,24,0
SWPJ317209-BLU,NO,24,0
SWPJ3172010-BLK,NO,24,0
PSGSB517201-NVY,NO,24,0
PSGSB517202-NVY,NO,24,0
PSGSB517203-BLK,NO,24,0
PSGSB517204-BLK,NO,24,0
RMSB317201-NVY,NO,24,0
RMSB317201-WHT,NO,24,0
RMSB317201-BLK,NO,24,0
RMSB317205-BLK,NO,24,0
RMSB317205-NVY,NO,24,0
RMSB317202-NVY,NO,24,0
RMSB317202-WHT,NO,24,0
RMSB317204-NVY,NO,24,0
PSGSB317201-NVY,NO,24,0
PSGSB317202-NVY,NO,24,0
PSGSB317203-BLK,NO,24,0
PSGSB317204-BLK,NO,24,0
PSGJS517203-NVY,NO,24,0
PSGJS517203-WHT,NO,24,0
PSGSH517101-NVY,NO,24,0
PSGSH517101-BLK,NO,24,0
PSGPL517201-WHT,NO,24,0
PSGPL517201-NVY,NO,24,0
PSGJK517201-NVY,NO,24,0
PSGJK517201-BLK,NO,24,0
PSGLP517201-NVY,NO,24,0
PSGLP517201-BLK,NO,24,0
BCSB517205-SUAREZ,NO,24,0
BCJS5172012-INIES,NO,24,0
BCJS5172012-PIQUE,NO,24,0
BCSB517205-INIESTA,NO,24,0
BCJS5172015-NVY,NO,24,0
BCJS5172015-BLU,NO,24,0
BCSB517205-PIQUE,NO,24,0
JVSB517201-BLK,NO,24,0
JVSB517202-BLK,NO,24,0
JVSB517203-WHT,NO,24,0
BCSB317201-NVY,NO,24,0
BCSB317203-NVY,NO,24,0
BCSB317203-BUR,NO,24,0
BCSB317203-BLU,NO,24,0
BCSB317205-MESSI,NO,24,0
BCSB317205-NEYMAR,NO,24,0
BCSH3172012-NEYMAR,NO,24,0
BCSH3172012-SUAREZ,NO,24,0
BCSH5172012-NEYMAR,NO,24,0
BCJS3172015-NVY,NO,24,0
BCJS3172015-BLU,NO,24,0
BCSH5172012-SUAREZ,NO,24,0
BCSH5172012-INIES,NO,24,0
BCJS517208-BUR,NO,24,0
BCJS517208-BLU,NO,24,0
MCC011,NO,24,0
MCC012,NO,24,0
MCC013,NO,24,0
MCC014,NO,24,0
BCJS5172015-BUR,NO,24,0
BCPL5172013-BUR,NO,24,0
MCC015,NO,24,0
BCPL5172013-NVY,NO,24,0
BCJS5172012-MESSI,NO,24,0
MCC016,NO,24,0
MCC010,NO,24,0
BCSB517201-NVY,NO,24,0
BCSB517203-NVY,NO,24,0
BCSB517203-BUR,NO,24,0
BCSB517203-BLU,NO,24,0
BCSB517205-MESSI,NO,24,0
AVS23171001,NO,24,0
SMS23172009,NO,24,0
AVS3317206,NO,24,0
AVS3317208,NO,24,0
AVS2317209,NO,24,0
MKS31172023,NO,24,0
MNS21172032,NO,24,0
AVS2317210,NO,24,0
MNS21172033,NO,24,0
MNS21172034,NO,24,0
AVS2317211,NO,24,0
MNS21172035,NO,24,0
MNS21172036,NO,24,0
BCJS518301-RED,NO,24,0
BCJS518301-NVY,NO,24,0
BCJS518302-NVY,NO,24,0
BCJS518302-RED,NO,24,0
MNS24172011,NO,24,0
MNS3417207,NO,24,0
SOS24172012,NO,24,0
MKS31172020,NO,24,0
MKS31172021,NO,24,0
MNS21172037,NO,24,0
MNS21172038,NO,24,0
MNS31172039,NO,24,0
MNS31172040,NO,24,0
AVS3317207,NO,24,0
SMS33172008,NO,24,0
BCJS518304-NVY,NO,24,0
BCJS518305-NVY,NO,24,0
BCSH518303-NVY,NO,24,0
BCSH518304-NVY,NO,24,0
BCSH518305-NVY,NO,24,0
BCJK518301-RED,NO,24,0
DSTS350-RED,NO,24,0
DSTS350-GRE,NO,24,0
UMCP5HER01-BLK,NO,24,0
UMCP5HER01-WHT,NO,24,0
UMSO317201-RED,NO,24,0
UMSO317201-GRN,NO,24,0
UMSO317201-BLK,NO,24,0
UMSO317201-WHT,NO,24,0
BCSB317205-SUAREZ,NO,24,0
BCSH5172012-PIQUE,NO,24,0
BCJS3172015-BUR,NO,24,0
BCPL3172013-NVY,NO,24,0
BCSH517206-NVY,NO,24,0
BCJS3172012-MESSI,NO,24,0
BCJS3172012-NEYMAR,NO,24,0
BCSH517206-NV2,NO,24,0
BCJS3172012-SUAREZ,NO,24,0
BCJS3172012-INIES,NO,24,0
BCSH517206-BUR,NO,24,0
BCJS3172012-PIQUE,NO,24,0
BCSH3172012-MESSI,NO,24,0
BCSH517207-NVY,NO,24,0
BCSH517207-BLU,NO,24,0
BCJK517202-NVY,NO,24,0
BCPT517201-NVY,NO,24,0
BCJS317208-NVY,NO,24,0
BCJS317208-BUR,NO,24,0
BCJS317208-BLU,NO,24,0
JVJS517201-BLK,NO,24,0
JVJS517202-BLK,NO,24,0
JVJS517203-BLK,NO,24,0
JVJS517204-WHT,NO,24,0
JVPL517201-WHT,NO,24,0
JVPL517202-BLK,NO,24,0
JVSH517201-BLK,NO,24,0
JVSH517201-BLU,NO,24,0
JVJS317201-BLK,NO,24,0
JVJS317202-BLK,NO,24,0
JVJS317203-BLK,NO,24,0
JVJS317204-WHT,NO,24,0
JVSH317201-BLK,NO,24,0
JVSH317201-BLU,NO,24,0
SMS23171007,NO,24,0
SMS23171008,NO,24,0
SOS24171002,NO,24,0
BCJS317201-NVY,NO,24,0
BCJS317201-BLU,NO,24,0
BCJS317201-BUR,NO,24,0
BCPJ317201-NVY,NO,24,0
MKS23172016,NO,24,0
MKS23172017,NO,24,0
MKS33172015,NO,24,0
BCSH3172012-INIES,NO,24,0
DSSB3172029-RED,NO,24,0
DSSB3172031-BLU,NO,24,0
BCSH3172012-PIQUE,NO,24,0
BCSH317206-NVY,NO,24,0
BCSH317206-NV2,NO,24,0
BCSH317206-BUR,NO,24,0
BCSH317207-NVY,NO,24,0
BCSH317207-BLU,NO,24,0
BCSH317207-BUR,NO,24,0
MKS23171004,NO,24,0
MKS33171002,NO,24,0
SMS33171001,NO,24,0
SMS33171004,NO,24,0
PSGJS317201-NVY,NO,24,0
PSGJS317201-BLK,NO,24,0
PSGJS317201-WHT,NO,24,0
PSGJS317202-NVY,NO,24,0
PSGJS317202-WHT,NO,24,0
PSGJS317203-NVY,NO,24,0
PSGJS317203-WHT,NO,24,0
PSGJS517201-WHT,NO,24,0
PSGJS517202-NVY,NO,24,0
PSGJS517202-WHT,NO,24,0
PSGSH317101-NVY,NO,24,0
PSGSH317101-BLK,NO,24,0
TFTS317203-BLU,NO,24,0
TFTS317204-BLK,NO,24,0
TFTS317204-RED,NO,24,0
TFTS317204-BLU,NO,24,0
TFTS317205-NVY,NO,24,0
TFTS317205-RED,NO,24,0
QF90Z-GOLWAR-GR,NO,24,0
QF91Z-GOLWAR-BL,NO,24,0
RMPJ317201-BLK,NO,24,0
RMPJ317201-NVY,NO,24,0
RMPJ317202-NVY,NO,24,0
SWS33171003,NO,24,0
TFTS317201-WHT,NO,24,0
TFTS317201-NVY,NO,24,0
TFTS317209-NVY,NO,24,0
TFTS317209-BLU,NO,24,0
TFTS3172011-NVY,NO,24,0
TFTS3172011-RED,NO,24,0
TFSH317201-NVY,NO,24,0
TFSH317201-BLK,NO,24,0
TFSH317202-NVY,NO,24,0
TFSH317202-BLK,NO,24,0
RMSH317204-NVY,NO,24,0
RMJS3172014-BLK,NO,24,0
RMJS3172014-NVY,NO,24,0
RMSH317203-BLK,NO,24,0
RMSH317203-NVY,NO,24,0
RMJK317201-BLK,NO,24,0
RMJK317201-NVY,NO,24,0
RMPT317201-NVY,NO,24,0
RMPT317201-BLK,NO,24,0
RMSB517201-NVY,NO,24,0
RMSB517204-NVY,NO,24,0
SWS217207,NO,24,0
SWS217208,NO,24,0
SMS33171005,NO,24,0
SMS33171006,NO,24,0
MNS24171002,NO,24,0
MNS24171003,NO,24,0
MNS34171001,NO,24,0
SOS24171001,NO,24,0
FZS2417201,NO,24,0
FZS2417203,NO,24,0
FZS2417205,NO,24,0
MVBF317203,NO,24,0
MVBF317204,NO,24,0
UMSO517201-WHT,NO,24,0
UMSO517201-ROY,NO,24,0
UMSO517201-PUR,NO,24,0
UMSO517201-RED,NO,24,0
UMSO517201-GRN,NO,24,0
UMSO517201-BLK,NO,24,0
MVBX317207,NO,24,0
MVBX317210,NO,24,0
UMSO317201-ROY,NO,24,0
UMSO317201-NVY,NO,24,0
UMPL518101-BLK,NO,24,0
UMPL518101-PUR,NO,24,0
DSTS351-NVY,NO,24,0
DSTS351-LGB,NO,24,0
AVSB318201-NVY,NO,24,0
AVSB318203-BLK,NO,24,0
UMJS518101-BLK,NO,24,0
DSCV618106-WHT,NO,24,0
UMSL518101-BLK,NO,24,0
UMSL518101-PUR,NO,24,0
UMSH518101-BLK,NO,24,0
DSCV617202-NVY,NO,24,0
UMJK518101-BLK,NO,24,0
UMJK518101-PUR,NO,24,0
UMPT518101-PUR,NO,24,0
MCJK318104-NVY,NO,24,0
UMJS517203-PUR,NO,24,0
UMJS518111-NVY,NO,24,0
UMJS518107-WHT,NO,24,0
DSCV618102-NVY,NO,24,0
UMJS518107-ROY,NO,24,0
UMJS518106-BLK,NO,24,0
MCPJ318103-NVY,NO,24,0
UMSH518103-BLK,NO,24,0
UMSH518103-NVY,NO,24,0
UMSH518103-BL2,NO,24,0
SWS317201,NO,24,0
SWS317203,NO,24,0
SWS317205,NO,24,0
RMJS518303-NVY,NO,24,0
RMJS518303-WHT-1,NO,24,0
RMJS518304-DGR,NO,24,0
RMJS518304-NVY,NO,24,0
11P5Z-GOLWAR-MTC,NO,24,0
11P5Z-SASPUR-MTC,NO,24,0
11P5Z-VANGRI-MTC,NO,24,0
11P4Z-GOLWAR-MTC,NO,24,0
SWS317202,NO,24,0
EU1115-UTAJAZZ-NVY,NO,24,0
11P4Z-LALAKE-MTC,NO,24,0
SWS317204,NO,24,0
11P4Z-ATLHAW-MTC,NO,24,0
11P4Z-CHAHOR-MTC,NO,24,0
SWS317206,NO,24,0
11P4Z-CLECAV-MTC,NO,24,0
11P4Z-HOUROC-MTC,NO,24,0
11P4Z-SASPUR-MTC,NO,24,0
11P4Z-BRONET-MTC,NO,24,0
11P4Z-CHIBUL-FAS,NO,24,0
11P4Z-CHIBUL-MTC,NO,24,0
RMJS518303-BL2,NO,24,0
RMJS518403-WHT,NO,24,0
RMJS518403-NVY,NO,24,0
RMJS518403-BLK2,NO,24,0
RMJS518401-GRY,NO,24,0
RMJS518401-WHT,NO,24,0
RMJS518401-WHT2,NO,24,0
RMJS518401-NVY,NO,24,0
RMJS518401-BLK,NO,24,0
RMPL518301-NVY,NO,24,0
RMPL518301-WHT,NO,24,0
RMSH518305-BLK,NO,24,0
RMSH518305-NVY,NO,24,0
RMSH518401-BLK,NO,24,0
RMSH518401-NVY,NO,24,0
RMSH318202-NVY,NO,24,0
TF17203-BLK,NO,24,0
SWCV172035- DKGRY,NO,24,0
NZ979-TSC-5JAZZ,NO,24,0
NZ979-TPC-5JAZZ,NO,24,0
NL99Z-TSC-5CHOR1,NO,24,0
NL99Z-TSC-5CAVL,NO,24,0
NL15Z-TSC-5SWARR,NO,24,0
UMJS518109-BLK,NO,24,0
UMJK518102-BL2,NO,24,0
UMJK518102-NVY,NO,24,0
UMJK518102-BLK,NO,24,0
UMPT518102-BL2,NO,24,0
UMPT518102-NVY,NO,24,0
UMPT518102-BLK,NO,24,0
UMPL518102-BLK,NO,24,0
UMPL518102-NVY,NO,24,0
DSCV618102-BLK,NO,24,0
UMJS518109-GRN,NO,24,0
UMSL518102-BLK,NO,24,0
UMSL518102-BLU,NO,24,0
UMSH518104-BLK,NO,24,0
UMSH518104-NVY,NO,24,0
UMJK518103-BLK,NO,24,0
UMJK518103-NVY,NO,24,0
UMPT518103-NVY,NO,24,0
UMPT518103-BLK,NO,24,0
UMJK518104-BLK,NO,24,0
UMJK518104-NVY,NO,24,0
UMJS5MUN01-RED,NO,24,0
UMJS518117-BLK,NO,24,0
UMJS518109-SCU,NO,24,0
UMJS518109-PAP,NO,24,0
UMJS518117-NVY,NO,24,0
UMJS518118-BLK,NO,24,0
MCPJ318104-LBL,NO,24,0
UMSH518105-BLK,NO,24,0
FZS24172025,NO,24,0
FZS34172026,NO,24,0
FZS34172027,NO,24,0
FZS34172028,NO,24,0
FZS34172029,NO,24,0
SMS33171003,NO,24,0
SMS33171002,NO,24,0
MKS21171001,NO,24,0
PHS31171001,NO,24,0
MNS31171004,NO,24,0
MNS31171005,NO,24,0
MNS21171006,NO,24,0
MNS21171003,NO,24,0
MNS24171004,NO,24,0
MKS23171005,NO,24,0
BCPJ317202-NVY,NO,24,0
UMJK5ES01-NV2,NO,24,0
UMLP5ES01-NV2,NO,24,0
FZS2417202,NO,24,0
FZS24172031,NO,24,0
MNS2417208,NO,24,0
MNS2417209,NO,24,0
MNS24172010,NO,24,0
PRS34172047,NO,24,0
SOS34172013,NO,24,0
PRS34172048,NO,24,0
MKS31172022,NO,24,0
SOS24172014,NO,24,0
MKS23172018,NO,24,0
MKS33172019,NO,24,0
PRS34172044,NO,24,0
PRS34172045,NO,24,0
PRS34172046,NO,24,0
MCCV172032,NO,24,0
MCCV172018,NO,24,0
MCCV172034,NO,24,0
MCCV172006,NO,24,0
MCCV172010,NO,24,0
MCCV172013,NO,24,0
MCCV172030,NO,24,0
MCES172025,NO,24,0
MCES172026,NO,24,0
MCES172027,NO,24,0
AVES172035,NO,24,0
AVES172036,NO,24,0
AVES172037,NO,24,0
MCCV172003,NO,24,0
AVES172039,NO,24,0
MCC012-2,NO,24,0
AVES172038,NO,24,0
AVCV172041,NO,24,0
MCCV172040,NO,24,0
MCCV172004,NO,24,0
MCCV172038,NO,24,0
MCCV172017,NO,24,0
AVCV172037,NO,24,0
MVCV17201,NO,24,0
AVCV172045,NO,24,0
AVCV172044,NO,24,0
81295U-FYT,NO,24,0
81295U-FZ4,NO,24,0
81295U-GDN,NO,24,0
81396U-GFL,NO,24,0
81398U-FYT,NO,24,0
81398U-FZ4,NO,24,0
NL15Z-TSC-5WBULL,NO,24,0
NT78Z-TSC-5GRIZZ,NO,24,0
NT78Z-TSC-5PELIC,NO,24,0
WS-SSMVP27WBVNE-BK,NO,24,0
WS-ABATE27GWS-RY,NO,24,0
WS-ABATE27GWS-NY,NO,24,0
WS-ABATE27GWS-BK,NO,24,0
322-FGYCDR-PORTRA,NO,24,0
RED-FGYAIV-PHIL76,NO,24,0
3B2-FGYAIV-PHIL76,NO,24,0
304-FGYTDC-SASPUR,NO,24,0
302-FGYA4O-LALAKE,NO,24,0
324-FGYKDT-SEASUP,NO,24,0
NT78Z-TPC-5KNICK,NO,24,0
NM04Z-WTE-5CHOR1,NO,24,0
NM04Z-MTC-5HEAT,NO,24,0
NM04Z-WTE-5WIZAR,NO,24,0
SH7986-CFI-R-8ZZ,NO,24,0
SH7988-CCR-K-90B,NO,24,0
SH717T-LAF-K-97I,NO,24,0
SH7969-LAG-K-8Z1,NO,24,0
BH71G1-CBU-7-9F2,NO,24,0
BH71G4-DNU-7-9F5,NO,24,0
BH71GI-NJN-7-9FG,NO,24,0
BH71GN-P76-7-9FL,NO,24,0
BH71GP-PTB-7-9FN,NO,24,0
BH71GR-SAS-7-9FP,NO,24,0
BH71GT-SFW-7-9FR,NO,24,0
BH71L7-BCE-E-9JT,NO,24,0
BH71LD-CBU-K-9JW,NO,24,0
BH71LE-CCA-K-9JX,NO,24,0
BH71LT-NYK-K-9KC,NO,24,0
BH71LW-P76-K-9KF,NO,24,0
BH71M0-SAS-K-9KJ,NO,24,0
BH71M8-AHA-2T-9KR,NO,24,0
BH71MP-LAL-2T-9L5,NO,24,0
BH71MT-MTI-2T-9L9,NO,24,0
BH71MW-NYK-2T-9LC,NO,24,0
BH71MX-NYE-2T-9LD,NO,24,0
BH71MY-OMA-2T-9LE,NO,24,0
BH71N3-SAS-2T-9LJ,NO,24,0
BH71N7-TRA-2T-9LN,NO,24,0
BH71N9-VGR-2T-9LP,NO,24,0
BH72D7-HRO-2T-A6P,NO,24,0
BH72DD-LAL-2T-A6S,NO,24,0
BH72DH-MTI-2T-A6W,NO,24,0
BH72DI-NOP-2T-A6X,NO,24,0
BH72DJ-NYK-2T-A6Y,NO,24,0
BH72DM-P76-2T-A71,NO,24,0
BH72DO-PTB-2T-A73,NO,24,0
BH72DR-TRA-2T-A76,NO,24,0
BH71SN-AHA-2T-9QL,NO,24,0
BH71SO-BBU-2T-9QM,NO,24,0
BH71SR-CHO-2T-9QP,NO,24,0
BH71T2-MHE-2T-9R0,NO,24,0
BH71T5-MTI-2T-9R3,NO,24,0
BH71TG-PTB-2T-9RB,NO,24,0
BH71TI-SAS-2T-9RD,NO,24,0
BH71TM-TRA-2T-9RH,NO,24,0
BH71TP-WBU-2T-9RK,NO,24,0
BH71TS-BCE-K-9RN,NO,24,0
BH71TU-CHO-K-9RP,NO,24,0
BH71U0-GSW-K-9RV,NO,24,0
BH71U4-LAL-K-9RZ,NO,24,0
BH71U8-MTI-K-9S3,NO,24,0
BH71UE-NYK-K-9S6,NO,24,0
BH71UH-P76-K-9S9,NO,24,0
BH71UR-VGR-K-9SJ,NO,24,0
BH71WZ-AHA-K-9UL,NO,24,0
BH71X3-CHO-K-9UP,NO,24,0
BH71X5-CCA-K-9UR,NO,24,0
BH71XH-MHE-K-9V0,NO,24,0
BH71XN-NYK-K-9V6,NO,24,0
BH71XW-SFW-K-9VF,NO,24,0
BH71XY-TRA-K-9VH,NO,24,0
BH71Y2-AHA-R-9VL,NO,24,0
BH71Y7-CBU-K-9VQ,NO,24,0
BH71YT-P76-K-9W9,NO,24,0
BH71YX-SAS-K-9WD,NO,24,0
BH71K4-BCE-K-9IT,NO,24,0
BH71K6-CHO-K-9IV,NO,24,0
BH71K7-CBU-K-9IW,NO,24,0
BH71KD-DNU-K-9IZ,NO,24,0
BH71KR-NYE-K-9JD,NO,24,0
BH71KX-SAS-K-9JJ,NO,24,0
BH71KZ-SFW-K-9JL,NO,24,0
BH725F-BCE-7-A0M,NO,24,0
BH725G-BNE-7-A0N,NO,24,0
BH725H-CHO-7-A0O,NO,24,0
BH725I-CBU-7-A0P,NO,24,0
BH725J-CCA-7-A0Q,NO,24,0
BH725N-GSW-7-A0U,NO,24,0
BH725R-LAL-7-A0Y,NO,24,0
BH725V-MTI-7-A12,NO,24,0
BH725X-NYK-7-A14,NO,24,0
BH726D-P76-7-A17,NO,24,0
BH726F-PTB-7-A19,NO,24,0
BH726H-SAS-7-A1B,NO,24,0
BH729E-BNE-K-A35,NO,24,0
BH729G-CBU-K-A37,NO,24,0
BH729H-CCA-7-A38,NO,24,0
BH729L-GSW-B-A3C,NO,24,0
BH729M-HRO-R-A3D,NO,24,0
BH729V-NYK-B-A3M,NO,24,0
BH72A2-SAS-K-A3T,NO,24,0
BH72A7-BCE-K-A3Y,NO,24,0
BH72A8-BNE-K-A3Z,NO,24,0
BH72A9-CHO-K-A40,NO,24,0
BH72AD-CBU-K-A41,NO,24,0
BH72AE-CCA-K-A42,NO,24,0
BH72AI-GSW-K-A46,NO,24,0
BH72AJ-HRO-K-A47,NO,24,0
BH72AM-LAL-K-A4A,NO,24,0
BH72AQ-MTI-K-A4E,NO,24,0
BH72AS-NYK-K-A4G,NO,24,0
BH72AT-OCT-K-A4H,NO,24,0
BH72AZ-SAS-K-A4N,NO,24,0
BH72B0-TRA-K-A4O,NO,24,0
BH72B2-WWI-K-A4Q,NO,24,0
BH72B4-BCE-K-A4S,NO,24,0
BH72BI-LAC-K-A53,NO,24,0
BH72BJ-LAL-L-A54,NO,24,0
BH72BP-NYK-B-A5A,NO,24,0
BH72BU-PTB-K-A5F,NO,24,0
BH72BX-TRA-K-A5I,NO,24,0
BH72CF-LAC-R-A5X,NO,24,0
BH72CI-MHE-K-A60,NO,24,0
BH72CJ-MBU-K-A61,NO,24,0
BH72CM-NYK-B-A64,NO,24,0
BH72CN-OCT-B-A65,NO,24,0
BH72CO-OMA-K-A66,NO,24,0
BH72CR-PTB-R-A69,NO,24,0
BH72CW-WWI-R-A6E,NO,24,0
BH72DV-BCE-2T-A7A,NO,24,0
BH72DX-CHO-2T-A7C,NO,24,0
BH72EH-HRO-2T-A7J,NO,24,0
BH72EJ-LAC-2T-A7L,NO,24,0
BH72EK-LAL-2T-A7M,NO,24,0
BH72EM-MHE-2T-A7O,NO,24,0
BH72EO-MTI-2T-A7Q,NO,24,0
BH72EP-NOP-2T-A7R,NO,24,0
BH72ER-OCT-2T-A7T,NO,24,0
BH72EV-PTB-2T-A7X,NO,24,0
BH72EY-TRA-2T-A80,NO,24,0
BH72F0-WWI-2T-A82,NO,24,0
BH72I1-GSW-B-AAU,NO,24,0
BH72IE-NYK-B-AB4,NO,24,0
BH72IL-SAS-K-ABB,NO,24,0
BH72KK-BCE-E-AD4,NO,24,0
BH72KM-CHO-L-AD6,NO,24,0
BH72KV-LAC-B-ADF,NO,24,0
BH72KW-LAL-L-ADG,NO,24,0
BH72KY-MHE-7-ADI,NO,24,0
BH72L0-MTI-B-ADK,NO,24,0
BH72L1-NOP-B-ADL,NO,24,0
BH72L3-OCT-B-ADN,NO,24,0
BH72L5-P76-R-ADP,NO,24,0
BH72L6-PSU-K-ADQ,NO,24,0
BH72LD-TRA-R-ADU,NO,24,0
BH72LF-WWI-B-ADW,NO,24,0
BH72PY-AHA-K-AI3,NO,24,0
BH72Q1-CHO-K-AI6,NO,24,0
BH72Q8-HRO-K-AID,NO,24,0
BH72Q9-IPA-K-AIE,NO,24,0
BH72QH-MBU-K-AIJ,NO,24,0
BH72QI-MTI-K-AIK,NO,24,0
BH72QJ-NOP-K-AIL,NO,24,0
BH72QK-NYK-K-AIM,NO,24,0
BH72QL-OCT-K-AIN,NO,24,0
BH72QP-PTB-K-AIR,NO,24,0
BH72QS-TRA-K-AIU,NO,24,0
BH72QT-UJA-K-AIV,NO,24,0
BH73UD-CHO-W-BG1,NO,24,0
BH73UK-HRO-W-BG8,NO,24,0
BH73UN-LAL-W-BGB,NO,24,0
BH73UO-MHE-W-BGC,NO,24,0
BH73UR-MTI-W-BGF,NO,24,0
BH73UU-NYK-W-BGI,NO,24,0
BH73V0-SKI-W-BGO,NO,24,0
BH73V1-SAS-W-BGP,NO,24,0
BH73GT-BCE-K-B3N,NO,24,0
BH73GU-BNE-K-B3O,NO,24,0
BH73GX-CCA-K-B3R,NO,24,0
BH73H1-GSW-K-B3V,NO,24,0
BH73H4-LAC-K-B3Y,NO,24,0
BH73H9-MTI-K-B43,NO,24,0
BH73HE-NYK-K-B45,NO,24,0
BH73HF-OCT-K-B46,NO,24,0
81399U-FYT,NO,24,0
MVBX318212-GRY,NO,24,0
UMSH518105-NVY,NO,24,0
AVCV172042-BLU,NO,24,0
MCPT318104-RED,NO,24,0
MCPJ318101-NVY,NO,24,0
MCPJ318102-NVY,NO,24,0
UMSH518106-BLK,NO,24,0
UMSH518106-NVY,NO,24,0
30510U-090,NO,24,0
30713U-GDN,NO,24,0
30714U-GDN,NO,24,0
30659U-GK9,NO,24,0
30680U-GE3,NO,24,0
30680U-GKE,NO,24,0
30717U-FXB,NO,24,0
30681U-GKE,NO,24,0
30681U-GE3,NO,24,0
30681U-GE2,NO,24,0
30680U-GE2,NO,24,0
30662U-GK9,NO,24,0
30644U-FYT,NO,24,0
30717U-FXD,NO,24,0
30662U-FZ7,NO,24,0
20896U-FYM,NO,24,0
25044U-FX2,NO,24,0
25045U-FYX,NO,24,0
20894U-FYM,NO,24,0
20897U-FYM,NO,24,0
MCTS518136-NVY,NO,24,0
UMJS518107-BLK,NO,24,0
UMJS518108-BLK,NO,24,0
UMJS518108-ROY,NO,24,0
UMJS518118-NVY,NO,24,0
UMJS518111-BLK,NO,24,0
81296U-FND,NO,24,0
81326U-6Q3,NO,24,0
81326U-FNL,NO,24,0
81326U-FNM,NO,24,0
81328U-6Q3,NO,24,0
81328U-FNL,NO,24,0
81328U-FNM,NO,24,0
81328U-FNN,NO,24,0
81330U-FNL,NO,24,0
81330U-FNM,NO,24,0
81332U-FNL,NO,24,0
81332U-FNM,NO,24,0
UMJS5HER06-RED,NO,24,0
DSTS3SC21-RED,NO,24,0
MCCV172037,NO,24,0
AVSK172046,NO,24,0
20896U-FKY,NO,24,0
25044U-FNV,NO,24,0
25045U-FKP,NO,24,0
81331U-FNLY,NO,24,0
81333U-FNLY,NO,24,0
81327U-FNNY,NO,24,0
81329U-FNNY,NO,24,0
81235U-FKMY,NO,24,0
81237U-FKMY,NO,24,0
81237U-DK7Y,NO,24,0
81327U-FNLY,NO,24,0
81327U-FNMY,NO,24,0
81329U-FNLY,NO,24,0
81323U-FNGY,NO,24,0
81323U-FNHY,NO,24,0
81335U-A66Y,NO,24,0
81235U-FKM,NO,24,0
81235U-FNF,NO,24,0
81337U-A66Y,NO,24,0
81237U-DK7,NO,24,0
81237U-FKM,NO,24,0
81337U-FNRY,NO,24,0
81237U-FL2,NO,24,0
81237U-FNF,NO,24,0
81321U-DK7Y,NO,24,0
81327U-FNL,NO,24,0
81327U-FNM,NO,24,0
81323U-DK7Y,NO,24,0
81298U-FNC,NO,24,0
81298U-FND,NO,24,0
81321U-FNGY,NO,24,0
81321U-FNHY,NO,24,0
81344U-A66Y,NO,24,0
81344U-FNQY,NO,24,0
81329U-FNL,NO,24,0
81329U-FNM,NO,24,0
81329U-FNN,NO,24,0
81331U-FNL,NO,24,0
81333U-FNL,NO,24,0
81333U-FNM,NO,24,0
81230U-FKM,NO,24,0
81231U-FNF,NO,24,0
81333U-FNN,NO,24,0
20907U-6Q4,NO,24,0
20907U-FSQ,NO,24,0
81327U-FNN,NO,24,0
20908U-6Q4,NO,24,0
20908U-FSP,NO,24,0
81321U-FNG,NO,24,0
20908U-FSQ,NO,24,0
20891U-FND,NO,24,0
81321U-FNH,NO,24,0
20891U-FPU,NO,24,0
20894U-FKP,NO,24,0
81323U-FNG,NO,24,0
20894U-FKY,NO,24,0
20896U-FKP,NO,24,0
81323U-FNH,NO,24,0
81335U-A66,NO,24,0
81337U-A66,NO,24,0
81337U-FNR,NO,24,0
81339U-A66,NO,24,0
81339U-FNQ,NO,24,0
81344U-A66,NO,24,0
81344U-FNQ,NO,24,0
81321U-DK7,NO,24,0
81323U-DK7,NO,24,0
81231U-FKM,NO,24,0
81231U-FL2,NO,24,0
81290U-FNC,NO,24,0
81290U-FND,NO,24,0
81234U-FL2,NO,24,0
81234U-FNF,NO,24,0
81234U-DK7,NO,24,0
81234U-FKM,NO,24,0
81236U-DK7,NO,24,0
81236U-FKM,NO,24,0
81236U-FL2,NO,24,0
81236U-FNF,NO,24,0
20897U-FKP,NO,24,0
20897U-FKY,NO,24,0
81239U-DK7,NO,24,0
81239U-FKM,NO,24,0
81239U-FNF,NO,24,0
81295U-FNC,NO,24,0
81295U-FND,NO,24,0
81296U-FNC,NO,24,0
20881U-FND,NO,24,0
81320U-DK7,NO,24,0
81322U-DK7,NO,24,0
81324U-DK7,NO,24,0
81376U-FRR,NO,24,0
20885U-FNC,NO,24,0
20885U-FND,NO,24,0
20887U-FND,NO,24,0
20889U-FNC,NO,24,0
20889U-FND,NO,24,0
20881U-FNC,NO,24,0
20884U-FNC,NO,24,0
20884U-FND,NO,24,0
20886U-FND,NO,24,0
20888U-FNC,NO,24,0
20888U-FND,NO,24,0
20906U-6Q4,NO,24,0
20906U-FSP,NO,24,0
20906U-FSQ,NO,24,0
20878U-490,NO,24,0
20878U-FNF,NO,24,0
20878U-FPR,NO,24,0
20878U-FPZ,NO,24,0
20905U-6Q4,NO,24,0
20905U-FSP,NO,24,0
20905U-FSQ,NO,24,0
20856U-5PS,NO,24,0
20856U-FNV,NO,24,0
20537U-FNF,NO,24,0
20863U-FNF,NO,24,0
20871U-FNF,NO,24,0
20871U-FPR,NO,24,0
20871U-FPZ,NO,24,0
20876U-FNF,NO,24,0
20876U-FPZ,NO,24,0
20877U-FNF,NO,24,0
20877U-FPR,NO,24,0
20877U-FPZ,NO,24,0
20903U-FNC,NO,24,0
20903U-FNV,NO,24,0
20912U-FPT,NO,24,0
20913U-FPR,NO,24,0
20914U-FKP,NO,24,0
20915U-FKP,NO,24,0
20915U-FKW,NO,24,0
20862U-FNF,NO,24,0
20864U-FNF,NO,24,0
20864U-FPZ,NO,24,0
20868U-FNF,NO,24,0
20921U-FS2,NO,24,0
20921U-FS3,NO,24,0
20921U-FS4,NO,24,0
20859U-FNF,NO,24,0
20869U-490,NO,24,0
20909U-FSP,NO,24,0
20909U-FSQ,NO,24,0
20910U-6Q4,NO,24,0
20910U-FSP,NO,24,0
20910U-FSQ,NO,24,0
20911U-6Q4,NO,24,0
20911U-FSP,NO,24,0
20911U-FSQ,NO,24,0
30616U-0U3,NO,24,0
30666U-FKM,NO,24,0
30617U-090,NO,24,0
81401U-FYT,NO,24,0
81399U-FZ4,NO,24,0
20908U-090,NO,24,0
20908U-GL9,NO,24,0
81415U-096,NO,24,0
81415U-FZ7,NO,24,0
81415U-FZ8,NO,24,0
81415U-GJV,NO,24,0
81416U-096,NO,24,0
81416U-FZ7,NO,24,0
81416U-GJV,NO,24,0
81417U-FZ7,NO,24,0
81417U-GJV,NO,24,0
81418U-096,NO,24,0
81450U-FS6,NO,24,0
81450U-FWY,NO,24,0
81450U-FZ4,NO,24,0
81450U-GEC,NO,24,0
81298U-FYT,NO,24,0
81298U-GDN,NO,24,0
81451U-FWY,NO,24,0
81451U-FZ4,NO,24,0
81315U-FYT,NO,24,0
81315U-FZ2,NO,24,0
81324U-FYT,NO,24,0
81334U-FZ6,NO,24,0
81336U-FZ6,NO,24,0
81338U-FZ6,NO,24,0
81338U-FZB,NO,24,0
81388U-FYT,NO,24,0
81388U-FZ4,NO,24,0
81290U-FYT,NO,24,0
81290U-FZ4,NO,24,0
81308U-FYT,NO,24,0
81308U-FZ4,NO,24,0
81390U-FZ4,NO,24,0
81390U-FYT,NO,24,0
81419U-096Y,NO,24,0
81419U-GJVY,NO,24,0
81421U-096Y,NO,24,0
81421U-GJVY,NO,24,0
81423U-GJVY,NO,24,0
81321U-FYTY,NO,24,0
81321U-FZ2Y,NO,24,0
81323U-FYTY,NO,24,0
81323U-FZ2Y,NO,24,0
81337U-FZ6Y,NO,24,0
81337U-FZBY,NO,24,0
81339U-FZ6Y,NO,24,0
81339U-FZBY,NO,24,0
81401U-FZ4,NO,24,0
20972U-090,NO,24,0
20972U-GL9,NO,24,0
81402U-FYT,NO,24,0
20975U-FZM,NO,24,0
20913U-GJ9,NO,24,0
81402U-FZ4,NO,24,0
81419U-096,NO,24,0
81419U-FZ7,NO,24,0
81419U-GJV,NO,24,0
81421U-096,NO,24,0
81421U-FZ7,NO,24,0
81421U-GJV,NO,24,0
81423U-GJV,NO,24,0
81454U-FS6,NO,24,0
81454U-FWY,NO,24,0
20946U-FZM,NO,24,0
30617U-0U3,NO,24,0
30647U-FNC,NO,24,0
30667U-FKM,NO,24,0
30668U-FKM,NO,24,0
30669U-FKM,NO,24,0
30616U-090,NO,24,0
30472U-090,NO,24,0
30616U-FDP,NO,24,0
30656U-FPC,NO,24,0
35248U-090,NO,24,0
30610U-090,NO,24,0
30615U-090,NO,24,0
BH73HJ-PTB-K-B4A,NO,24,0
BH73HM-TRA-K-B4D,NO,24,0
SH73JJ-AUN-7-B64,NO,24,0
SH73JO-FCD-7-B69,NO,24,0
SH73JR-LAF-7-B6C,NO,24,0
SH73JW-NYR-7-B6H,NO,24,0
SH73K5-VWH-7-B6Q,NO,24,0
BH73UV-NYE-W-BGJ,NO,24,0
BH73UW-OMA-W-BGK,NO,24,0
BH73UX-P76-W-BGL,NO,24,0
BH73UZ-PTB-W-BGN,NO,24,0
BH73V2-SCL-W-BGQ,NO,24,0
BH73V4-SSU-W-BGS,NO,24,0
BH75J9-WBU-W-CUA,NO,24,0
SH73XP-LAF-2T-BJ4,NO,24,0
SH73ZS-HDY-K-BL1,NO,24,0
SH73ZT-LAG-K-BL2,NO,24,0
SH740G-RSL-K-BLC,NO,24,0
SH740L-VWH-K-BLH,NO,24,0
BH7437-CBU-2T-82V,NO,24,0
BH7427-CBU-2T-81U,NO,24,0
BH7429-CBU-K-81W,NO,24,0
300-FGYE8A-CHIBUL,NO,24,0
328-FGYYNR-CHIBUL,NO,24,0
328-FGYE8A-CHIBUL,NO,24,0
RMSH517101-WHT,NO,24,0
NM04Z-WTE-5ALKER,NO,24,0
SMALL LAYER,NO,24,0
BIG LAYER,NO,24,0
UMBRO BALL HOLDER SLATWA,NO,24,0
NT78Z-TPC-KNICK,NO,24,0
NT78Z-TSC-KNICK,NO,24,0
BH7426-CBU-R-81T,NO,24,0
BH7438-CBU-2T-82W,NO,24,0
302-FGYEJH-LALAKE,NO,24,0
NM04Z-MTC-5CHOR1,NO,24,0
NL99Z-TPC-KNICK,NO,24,0
NL99Z-TSC-KNICK,NO,24,0
NL99Z-TPC-5CHOR1,NO,24,0
NL15Z-TSC-5KNICK,NO,24,0
NJ16Z-MTC-5CELT,NO,24,0
BH78F4-SAS-G-ITU,NO,24,0
BH78F4-CBU-R-ITL,NO,24,0
BH78PQ-MBU-K-GSX,NO,24,0
BH78PQ-BCE-K-J21,NO,24,0
BH78OU-TRA-K-J1X,NO,24,0
BH78OU-SAS-K-J1W,NO,24,0
30615U-0U3,NO,24,0
64701U-060,NO,24,0
64701U-7RA,NO,24,0
64704U-EH2,NO,24,0
UMJS5HER05-RED,NO,24,0
UMJS5ES05-NVY,NO,24,0
MCTS318301-BLU,NO,24,0
MCTS318301-RED,NO,24,0
MCTS318301-WHT,NO,24,0
MCTS318302-GRY,NO,24,0
MVBF318204-2PK,NO,24,0
MVBF318205-2PK,NO,24,0
MVBX318206-BLU,NO,24,0
MVBX318207-WHT,NO,24,0
MVBF318203-2PK,NO,24,0
MVBX318205-WHT,NO,24,0
UMJS3AL05-WHT,NO,24,0
MCTS318302-NVY,NO,24,0
MCTS318305-NVY,NO,24,0
MCTS318305-WHT,NO,24,0
MCTS318307-RED,NO,24,0
MCTS318307-WHT,NO,24,0
MCTS318307-NVY,NO,24,0
MCST318313-RED,NO,24,0
MCST318313-WHT,NO,24,0
MCJK318314-NVY,NO,24,0
MCPT318314-NVY,NO,24,0
MCJK318316-BLK,NO,24,0
MCPT318316-BLK,NO,24,0
MCPJ318317-BLU,NO,24,0
MCPJ318317-NVY,NO,24,0
MCPJ318319-LBL,NO,24,0
MCPJ318319-NVY,NO,24,0
MCPJ318320-NVY,NO,24,0
MCPJ318323-NVY,NO,24,0
MCTS318119-LBL,NO,24,0
UMJS518110-WHT,NO,24,0
UMPL518302-WHT,NO,24,0
DSTS354-LGY,NO,24,0
DSTS354-RED,NO,24,0
DSTS355-LGB,NO,24,0
DSTS355-MGR,NO,24,0
DSTS356-BLU,NO,24,0
DSTS356-NVY,NO,24,0
DSTS357-YLW,NO,24,0
DSTS357-LGB,NO,24,0
DSTS357-RED,NO,24,0
BH78OU-P76-K-J1V,NO,24,0
BH78OU-NYK-K-J1T,NO,24,0
BH78OU-NOP-K-J1S,NO,24,0
BH78OU-LAL-K-J1P,NO,24,0
BH78OU-HRO-K-J1O,NO,24,0
BH78OU-GSW-K-J1N,NO,24,0
BH78OU-CHO-K-J1L,NO,24,0
BH78OU-CBU-K-GRJ,NO,24,0
BH78OU-BNE-K-J1K,NO,24,0
BH78OU-BCE-K-J1J,NO,24,0
BH78D8-SFW-E-IAH,NO,24,0
BH78D8-P76-E-IAF,NO,24,0
BH78D7-HRO-E-I9S,NO,24,0
BH78D7-CHO-E-I9P,NO,24,0
BH78D7-CCA-E-I9Q,NO,24,0
BH78D7-CBU-K-G9U,NO,24,0
BH78D7-BNE-E-I9O,NO,24,0
BH78D5-P76-K-I90,NO,24,0
BH78D5-MBU-K-G9S,NO,24,0
BH78D4-TRA-K-I8M,NO,24,0
BH78D4-SAS-K-I8L,NO,24,0
BH78D4-P76-K-I8K,NO,24,0
BH78D4-OCT-K-I8J,NO,24,0
BH78D4-NYK-K-I8I,NO,24,0
BH78D4-NOP-K-I8H,NO,24,0
BH78D4-LAL-K-I8E,NO,24,0
BH78D4-HRO-K-I8D,NO,24,0
BH78D4-GSW-K-I8C,NO,24,0
BH78D4-CHO-K-I8A,NO,24,0
BH78D4-CCA-K-I8B,NO,24,0
BH78D4-CBU-K-G9R,NO,24,0
BH78D4-BNE-K-I89,NO,24,0
BH78D4-BCE-K-I88,NO,24,0
BH78AU-P76-K-HK1,NO,24,0
BH78AU-CBU-K-HJT,NO,24,0
BH78AT-TRA-R-HJN,NO,24,0
BH78AT-SAS-G-HJM,NO,24,0
BH78AT-P76-R-HJL,NO,24,0
BH78AT-OCT-B-HJK,NO,24,0
BH78AT-NYK-O-HJJ,NO,24,0
BH78AT-MGR-B-HJG,NO,24,0
BH78AT-LAL-L-HJF,NO,24,0
BH78AT-HRO-R-HJE,NO,24,0
BH78AT-GSW-B-HJD,NO,24,0
BH78AT-CHO-T-HJB,NO,24,0
BH78AT-CCA-B-HJC,NO,24,0
BH78AT-CBU-R-G7M,NO,24,0
BH78AT-BNE-G-HJA,NO,24,0
BH78AT-BCE-E-HJ9,NO,24,0
BH78FL-CCA-7-IYS,NO,24,0
BH78FL-CBU-K-GBP,NO,24,0
BH78FL-BNE-K-IYQ,NO,24,0
BH78DH-GSW-B-ICM,NO,24,0
BH78DH-CHO-L-ICK,NO,24,0
BH78DH-CCA-7-ICL,NO,24,0
BH78DH-CBU-R-GA1,NO,24,0
BH78DH-BNE-K-ICJ,NO,24,0
BH78DH-BCE-E-ICI,NO,24,0
BH78DD-SAS-K-IBF,NO,24,0
BH78DD-OCT-K-IBD,NO,24,0
BH78DD-NYK-K-IBC,NO,24,0
BH78DD-LAL-K-IB8,NO,24,0
BH78DD-HRO-K-IB7,NO,24,0
BH78DD-GSW-K-IB6,NO,24,0
BH78DD-CCA-K-IB5,NO,24,0
BH78DD-CBU-K-G9X,NO,24,0
BH78DD-BNE-K-IB3,NO,24,0
BH78DD-BCE-K-IB2,NO,24,0
BH78DO-SAS-K-IFP,NO,24,0
BH78DO-GSW-B-IFG,NO,24,0
BH78DO-CCA-7-IFF,NO,24,0
BH78DO-CBU-R-GA8,NO,24,0
BH78DO-BNE-K-IFD,NO,24,0
BH78BS-CHO-T-HTP,NO,24,0
BH78BR-TRA-K-HTK,NO,24,0
BH78BR-SAS-K-HTJ,NO,24,0
BH78BR-HRO-K-HTB,NO,24,0
BH78BR-GSW-B-HTA,NO,24,0
BH78BR-CCA-7-HT9,NO,24,0
BH78BR-CBU-R-G8H,NO,24,0
BH78BR-BNE-K-HT7,NO,24,0
BH78BR-BCE-E-HT6,NO,24,0
BH78BR-AHA-R-HT5,NO,24,0
BH78B1-P76-K-HLG,NO,24,0
BH78B1-BCE-B-HL6,NO,24,0
BH78B0-TRA-K-HL2,NO,24,0
BH78B0-SAS-K-HL1,NO,24,0
BH78B0-P76-B-HL0,NO,24,0
BH78B0-LAL-L-HKU,NO,24,0
BH78B0-HRO-R-HKT,NO,24,0
BH78B0-GSW-B-HKS,NO,24,0
BH78B0-CHO-L-HKQ,NO,24,0
BH78B0-CCA-B-HKR,NO,24,0
BH78B0-CBU-K-G7T,NO,24,0
BH78B0-BNE-K-HKP,NO,24,0
BH78B0-BCE-E-HKO,NO,24,0
BH78DV-P76-K-IHJ,NO,24,0
BH78DU-SAS-K-IH4,NO,24,0
BH78DU-OCT-K-IH2,NO,24,0
BH78DU-HRO-K-IGW,NO,24,0
BH78DU-GSW-K-IGV,NO,24,0
BH78DU-CHO-K-IGT,NO,24,0
BH78DU-CCA-K-IGU,NO,24,0
BH78DU-CBU-K-GAE,NO,24,0
BH78DU-BNE-K-IGS,NO,24,0
116AZ-013-5BUCKS,NO,24,0
BH7280-CBU-K-865,NO,24,0
TFPJ317201-BLU,NO,24,0
TFPJ317202-BLK,NO,24,0
TFPJ317203-BLK,NO,24,0
TFPJ317204-NVY,NO,24,0
TFPJ317205-BLU,NO,24,0
RMST3172016-BLK,NO,24,0
RMST3172016-WHT,NO,24,0
RMST5172016-WHT,NO,24,0
RMST5172016-BLK,NO,24,0
SWES172030,NO,24,0
SWES172031,NO,24,0
SWES172034,NO,24,0
AVES172040,NO,24,0
MVES17201,NO,24,0
47-WOOD-HANGER,NO,24,0
47-BRAND-SIGN,NO,24,0
MVES17203,NO,24,0
47-WALL-SIGN,NO,24,0
47-STRUCT-TRAY,NO,24,0
SWBX318208-GRY,NO,24,0
SWBX318209-WHT,NO,24,0
BH73S0-AHA-K-BDX,NO,24,0
BH73S6-CCA-K-BE3,NO,24,0
BH73S8-DNU-K-BE5,NO,24,0
BH73SD-GSW-K-BE7,NO,24,0
BH73SE-HRO-K-BE8,NO,24,0
BH73SF-IPA-K-BE9,NO,24,0
BH73SL-MTI-K-BEF,NO,24,0
BH73SP-NYE-K-BEJ,NO,24,0
BH73SQ-OMA-K-BEK,NO,24,0
BH73SU-SKI-K-BEO,NO,24,0
BH73SV-SAS-K-BEP,NO,24,0
BH73SW-SCL-K-BEQ,NO,24,0
BH73SX-SFW-K-BER,NO,24,0
BH73T1-VGR-K-BEV,NO,24,0
BH73U8-BCE-W-BFZ,NO,24,0
BH73UF-CCA-W-BG3,NO,24,0
BH73UH-DNU-W-BG5,NO,24,0
BH73US-NJN-W-BGG,NO,24,0
FIPL5MX08-GRN,NO,24,0
FIJS7PA01-RED,NO,24,0
FIJS7PA01-WHT,NO,24,0
FIJS7CR02-WHT,NO,24,0
FIJS7CR02-RED,NO,24,0
FIJS7BR03-YLW,NO,24,0
FIJS7BR03-GRN,NO,24,0
FIJS7DE04-WHT,NO,24,0
FIJS7CO05-YLW,NO,24,0
FIJS7ES06-RED,NO,24,0
FIJS7MX07-GRN,NO,24,0
FIJS7FR08-BLU,NO,24,0
FIJS7AR10-LGH,NO,24,0
FIJS7PT12-RED,NO,24,0
FISH7PA01-RED,NO,24,0
FISH7BR03-NVY,NO,24,0
FISH7AR04-BLK,NO,24,0
FIPL7PA01-RED,NO,24,0
FIJS6PA01-RED,NO,24,0
FIJS6PA01-WHT,NO,24,0
FIJS6CR02-WHT,NO,24,0
FIJS6CR02-RED,NO,24,0
BH71LI-GSW-B-9K1,NO,24,0
BH75W8-ASG-K-DLF,NO,24,0
BH75R7-CBU-G-D1S,NO,24,0
MH76DX-CBU-K-E02,NO,24,0
367AZ-005-KNICK,NO,24,0
BH77QJ-BNE-2T-FMQ,NO,24,0
BH7432-CBU-W-81Z,NO,24,0
BH7430-CBU-R-81X,NO,24,0
BH7433-CBU-G-82R,NO,24,0
SWTS318313-NVY,NO,24,0
BH77Q1-BCE-2T-FMB,NO,24,0
SWTS318313-RED,NO,24,0
SWTS318304-BLK,NO,24,0
SWTS318308-NVY,NO,24,0
SWTS318308-RED,NO,24,0
SWTS318309-BLK,NO,24,0
SWTS318309-NVY,NO,24,0
SWTS318310-NVY,NO,24,0
SWPJ318310-BLK,NO,24,0
SWST318315-BLU,NO,24,0
SWST318315-RED,NO,24,0
SWPJ318316-BLU,NO,24,0
SWPJ318317-BLK,NO,24,0
SWPJ318318-BLK,NO,24,0
SWPJ318319-NVY,NO,24,0
SWPJ318319-BLU,NO,24,0
SWJK318321-BLK,NO,24,0
SWPT318322-BLK,NO,24,0
NZX46-A11-BNETS,NO,24,0
NZX46-A11-5BNETS,NO,24,0
BH75WI-ASG-2T-DLM,NO,24,0
BH75WN-ASG-2T-DLR,NO,24,0
BH77RK-CHO-2T-FNO,NO,24,0
NZQ94-049-5BULLS,NO,24,0
NZX54-004-5BULLS,NO,24,0
NZX57-068-5BULLS,NO,24,0
MH76DY-CBU-K-E03,NO,24,0
VK66Z-CWO-5BULLS,NO,24,0
VK66Z-NVY-5BULLS,NO,24,0
XZA74-BGY-5BULLS,NO,24,0
XZB54-005-5SPURS,NO,24,0
BH76P0-CBU-K-EGV,NO,24,0
BH77S1-CHO-L-FO5,NO,24,0
BH78RF-CBU-R-GUI,NO,24,0
MH76DV-CBU-O-E00,NO,24,0
MH76DW-CBU-R-E01,NO,24,0
MH76DZ-CBU-K-E04,NO,24,0
NZV42-MTC-5BULLS,NO,24,0
NZX54-003-5BULLS,NO,24,0
NZY04-018-5BULLS,NO,24,0
NZY04-RC8-5BULLS,NO,24,0
NZY04-LRY-5BULLS,NO,24,0
NZY04-TRD-5BULLS,NO,24,0
NZY04-WAV-5BULLS,NO,24,0
VG71Z-013-5WARRI,NO,24,0
VZ11Z-005-5BNETS,NO,24,0
XZ853-013-5BNETS,NO,24,0
XZB54-003-5KNICK,NO,24,0
XZB54-MTC-5SPURS,NO,24,0
XZB57-MTC-5WARRI,NO,24,0
XZB57-MTC-5KNICKS,NO,24,0
XZB69-A15-5BULLS,NO,24,0
BH7239-CHO-K-824,NO,24,0
BH77QZ-CBU-R-FN6,NO,24,0
BH77RN-LAL-2T-FNR,NO,24,0
BH77RP-P76-2T-FNT,NO,24,0
XZA89-013-5BULLS,NO,24,0
FIJS6BR03-YLW,NO,24,0
FIJS6BR03-GRN,NO,24,0
FIJS6DE04-WHT,NO,24,0
FIJS6CO05-YLW,NO,24,0
FIJS6ES06-RED,NO,24,0
FIJS6MX07-GRN,NO,24,0
FIJS6FR08-BLU,NO,24,0
FIJS6AR10-LGH,NO,24,0
FIJS6IG11-WHT,NO,24,0
FIJS6PT12-RED,NO,24,0
FIPL6PA01-RED,NO,24,0
FIPL6PA01-WHT,NO,24,0
FIPL6BR03-YLW,NO,24,0
FIPL6AR04-WHT,NO,24,0
FIPL6CO06-YLW,NO,24,0
FIJS3PA01-RED,NO,24,0
FIJS3PA01-WHT,NO,24,0
FIJS3CR02-WHT,NO,24,0
FIJS3CR02-RED,NO,24,0
FIJS3BR03-YLW,NO,24,0
FIJS3BR03-GRN,NO,24,0
FIJS3DE04-WHT,NO,24,0
FIJS3CO05-YLW,NO,24,0
FIJS3ES06-RED,NO,24,0
FIJS3FR08-BLU,NO,24,0
FIJS3BR09-BLU,NO,24,0
FIJS3AR10-LGH,NO,24,0
FIJS4PA01-RED,NO,24,0
FIJS4PA01-WHT,NO,24,0
FIJS4CR02-RED,NO,24,0
FIJS4BR03-YLW,NO,24,0
FIJS4BR03-GRN,NO,24,0
FIJS4CO05-YLW,NO,24,0
FIJS4AR10-LGH,NO,24,0
FIJS1PA01-RED,NO,24,0
FIJS1PA01-WHT,NO,24,0
FIJS1CR02-RED,NO,24,0
FIJS1BR03-YLW,NO,24,0
FIJS1BR03-GRN,NO,24,0
FIJS1CO05-YLW,NO,24,0
FIJS1AR10-LGH,NO,24,0
BH73A4-BCE-2T-AXT,NO,24,0
BH73A5-BNE-2T-AXU,NO,24,0
BH73A6-CHO-2T-AXV,NO,24,0
BH73A7-CBU-2T-AXW,NO,24,0
FITS5DE02-WHT,NO,24,0
FITS5FR03-BLU,NO,24,0
TFTS318112-NVY,NO,24,0
TFTS318112-LBL,NO,24,0
TFST318113-LBL,NO,24,0
TFST318113-BLK,NO,24,0
BH73A8-CCA-2T-AXX,NO,24,0
BH73AF-GSW-2T-AY1,NO,24,0
BH73AW-SAS-2T-AYI,NO,24,0
BH73AZ-WWI-2T-AYL,NO,24,0
NL99Z-5BNETS-TPC,NO,24,0
NL99Z-5BNETS-TSC,NO,24,0
NL99Z-5BULLS-TPC,NO,24,0
NL99Z-5BULLS-TSC,NO,24,0
NL99Z-5WARRI-TSC,NO,24,0
NT78Z-5CAVAL-TPC,NO,24,0
NT78Z-5CAVAL-TSC,NO,24,0
NM04Z-5BNETS-MTC,NO,24,0
SWTS318101-BLU,NO,24,0
SWTS318102-BLK,NO,24,0
SWTS318102-NVY,NO,24,0
SWTS318103-NVY,NO,24,0
BH77Q2-CBU-2T-FMC,NO,24,0
BH77Q5-DNU-2T-FMF,NO,24,0
BH78RI-CBU-K-LFA,NO,24,0
BH78RI-CCA-7-LFB,NO,24,0
BH7124-MGR-2T-8KO,NO,24,0
BH7141-VGR-2T-86M,NO,24,0
BH7342-CBU-2T-927,NO,24,0
BH763N-LAL-2T-DRT,NO,24,0
XZA56-005-5BNETS,NO,24,0
317-92DPETR-NJN,NO,24,0
FIJS5PA01-RED,NO,24,0
FIJS5PA01-WHT,NO,24,0
FIJS5CR02-WHT,NO,24,0
FIJS5CR02-RED,NO,24,0
FIJS5BR03-YLW,NO,24,0
FIJS5BR03-GRN,NO,24,0
FIJS5DE04-WHT,NO,24,0
FIJS5CO05-YLW,NO,24,0
FIJS5ES06-RED,NO,24,0
FIJS5MX07-GRN,NO,24,0
FIJS5FR08-BLU,NO,24,0
FIJS5AR10-LGH,NO,24,0
FIJS5IG11-WHT,NO,24,0
FIJS5PT12-RED,NO,24,0
FISH5PA01-RED,NO,24,0
FISH5BR03-NVY,NO,24,0
FISH5AR04-BLK,NO,24,0
FIPL5PA01-RED,NO,24,0
FIPL5PA01-WHT,NO,24,0
FIPL5BR03-YLW,NO,24,0
FIPL5AR04-WHT,NO,24,0
FIPL5DE05-WHT,NO,24,0
FIPL5CO06-YLW,NO,24,0
FIPL5ES07-RED,NO,24,0
FITS5CO04-YLW,NO,24,0
FITS5ES05-RED,NO,24,0
FITS5MX06-GRN,NO,24,0
FITS5IG07-WHT,NO,24,0
FITS5PT08-RED,NO,24,0
FITT5PA01-RED,NO,24,0
FITT5PA01-WHT,NO,24,0
FITT5BR03-YLW,NO,24,0
FITT5BR03-GRN,NO,24,0
FITT5AR04-LGH,NO,24,0
FITT5AR04-WHT,NO,24,0
FITT5CO06-YLW,NO,24,0
FITT5CO06-NVY,NO,24,0
FITS6AR01-LGH,NO,24,0
FITS6DE02-WHT,NO,24,0
FITS6FR03-BLU,NO,24,0
FITS6PA01-RED,NO,24,0
FITS6PA01-WHT,NO,24,0
FITS6CR02-WHT,NO,24,0
FITS6CR02-RED,NO,24,0
FITS6BR03-YLW,NO,24,0
FITS6BR03-GRN,NO,24,0
FITS6CO04-YLW,NO,24,0
FITS6ES05-RED,NO,24,0
FITS6MX06-GRN,NO,24,0
FITS6IG07-WHT,NO,24,0
FITS6PT08-RED,NO,24,0
FITT6PA01-RED,NO,24,0
FITT6PA01-WHT,NO,24,0
FITT6CR02-WHT,NO,24,0
FITT6CR02-RED,NO,24,0
FITT6BR03-YLW,NO,24,0
FITT6BR03-GRN,NO,24,0
FITT6AR04-LGH,NO,24,0
FITT6AR04-WHT,NO,24,0
FITT6DE05-WHT,NO,24,0
FITT6DE05-GRY,NO,24,0
FITT6CO06-YLW,NO,24,0
FITT6CO06-NVY,NO,24,0
FITT6ES07-RED,NO,24,0
FITT6ES07-WHT,NO,24,0
FITT6MX08-GRN,NO,24,0
FITT6MX08-BLK,NO,24,0
FITT6FR10-BLU,NO,24,0
FITS7AR01-LGH,NO,24,0
FITS7DE02-WHT,NO,24,0
FITS7FR03-BLU,NO,24,0
FITS7PA01-RED,NO,24,0
FITS7PA01-WHT,NO,24,0
FITS7CR02-WHT,NO,24,0
FITS7CR02-RED,NO,24,0
FITS7BR03-YLW,NO,24,0
FITS7BR03-GRN,NO,24,0
FITS7CO04-YLW,NO,24,0
FITS7ES05-RED,NO,24,0
FITS7MX06-GRN,NO,24,0
FITS7IG07-WHT,NO,24,0
FITS7PT08-RED,NO,24,0
FITT7PA01-RED,NO,24,0
FITT7PA01-WHT,NO,24,0
FITT7CR02-WHT,NO,24,0
FITT7CR02-RED,NO,24,0
FITT7BR03-YLW,NO,24,0
FITT7BR03-GRN,NO,24,0
FITT7AR04-LGH,NO,24,0
FITT7AR04-WHT,NO,24,0
FITT7CO06-YLW,NO,24,0
FITT7CO06-NVY,NO,24,0
FITS3AR01-LGH,NO,24,0
FITS3PA01-RED,NO,24,0
FITS3PA01-WHT,NO,24,0
FITS3CR02-RED,NO,24,0
FITS3BR03-YLW,NO,24,0
FITS3BR03-GRN,NO,24,0
FITS3CO04-YLW,NO,24,0
FITT3PA01-RED,NO,24,0
FITT3PA01-WHT,NO,24,0
FITT3CR02-WHT,NO,24,0
FITT3CR02-RED,NO,24,0
FITT3BR03-YLW,NO,24,0
FITT3BR03-GRN,NO,24,0
FITT3AR04-LGH,NO,24,0
FITT3AR04-WHT,NO,24,0
FITT3CO06-YLW,NO,24,0
FITT3CO06-NVY,NO,24,0
FITS4AR01-LGH,NO,24,0
FITS4PA01-RED,NO,24,0
FITS4CR02-RED,NO,24,0
FITS4BR03-YLW,NO,24,0
FITS4BR03-GRN,NO,24,0
FITS4CO04-YLW,NO,24,0
FITS1AR01-LGH,NO,24,0
FITS1PA01-RED,NO,24,0
FITS1CR02-RED,NO,24,0
FITS1BR03-YLW,NO,24,0
FITS1CO04-YLW,NO,24,0
RMJS518104-WHT,NO,24,0
TFTS318114-NVY,NO,24,0
TFTS318114-GRY,NO,24,0
RMJS518101-NVY,NO,24,0
SWST318104-BLK,NO,24,0
NM04Z-5BNETS-WTE,NO,24,0
NM04Z-5KNICK-WTE,NO,24,0
BH71MD-BCE-2T-9KT,NO,24,0
BH71MF-CHO-2T-9KV,NO,24,0
BH71MG-CBU-2T-9KW,NO,24,0
BH71MH-CCA-2T-9KX,NO,24,0
BH71ML-GSW-2T-9L1,NO,24,0
BH71MO-LAC-2T-9L4,NO,24,0
BH71MU-NJN-2T-9LA,NO,24,0
BH71N1-PTB-2T-9LH,NO,24,0
BH71N5-SFW-2T-9LL,NO,24,0
BH72B5-BNE-K-A4T,NO,24,0
BH72B7-CBU-R-A4V,NO,24,0
BH72B8-CCA-7-A4W,NO,24,0
BH72BF-GSW-B-A50,NO,24,0
BH72BW-SAS-G-A5H,NO,24,0
BH72C0-AHA-R-A5L,NO,24,0
BH72C1-BCE-E-A5M,NO,24,0
BH72C2-BNE-K-A5N,NO,24,0
BH72C4-CBU-R-A5P,NO,24,0
BH72C5-CCA-B-A5Q,NO,24,0
BH72C9-GSW-B-A5U,NO,24,0
BH72CD-HRO-R-A5V,NO,24,0
BH72CK-MTI-B-A62,NO,24,0
BH72CT-SAS-K-A6B,NO,24,0
BH72CU-TRA-R-A6C,NO,24,0
BH72CY-BCE-2T-A6G,NO,24,0
BH72CZ-BNE-2T-A6H,NO,24,0
BH72D1-CBU-2T-A6J,NO,24,0
BH72D2-CCA-2T-A6K,NO,24,0
BH72D6-GSW-2T-A6O,NO,24,0
BH72DF-MHE-2T-A6U,NO,24,0
BH72DQ-SAS-2T-A75,NO,24,0
BH71NI-CBU-2T-9LV,NO,24,0
BH71NN-GSW-2T-9M0,NO,24,0
BH71NO-HRO-2T-9M1,NO,24,0
BH75IY-NJN-2T-CTZ,NO,24,0
BH71NX-NYK-2T-9MA,NO,24,0
BH75J0-NYE-2T-CU1,NO,24,0
BH71NZ-OMA-2T-9MC,NO,24,0
BH71O0-P76-2T-9MD,NO,24,0
BH71O2-PTB-2T-9MF,NO,24,0
BH72DU-AHA-2T-A79,NO,24,0
BH72DW-BNE-2T-A7B,NO,24,0
BH72DY-CBU-2T-A7D,NO,24,0
BH72DZ-CCA-2T-A7E,NO,24,0
BH72EG-GSW-2T-A7I,NO,24,0
BH72EX-SAS-2T-A7Z,NO,24,0
BH72HU-BNE-K-AAN,NO,24,0
BH72HW-CBU-R-AAP,NO,24,0
BH72HX-CCA-B-AAQ,NO,24,0
BH72Q0-BNE-K-AI5,NO,24,0
BH72Q2-CBU-K-AI7,NO,24,0
BH72QE-LAL-K-AIG,NO,24,0
FITS5AR01-LGH,NO,24,0
FITS5PA01-RED,NO,24,0
FITS5PA01-WHT,NO,24,0
FITS5CR02-WHT,NO,24,0
FITS5CR02-RED,NO,24,0
FITS5BR03-YLW,NO,24,0
FITS5BR03-GRN,NO,24,0
BH78OH-BNE-W-GQH,NO,24,0
BH78OH-CBU-C-GQ3,NO,24,0
BH78OH-CBU-K-GPM,NO,24,0
BH78OH-CBU-W-GQK,NO,24,0
BH78OH-CCA-C-GQ4,NO,24,0
RMJS518101-WHT,NO,24,0
TFTS318115-BLK,NO,24,0
RMJS518102-NVY,NO,24,0
RMJS518102-WHT,NO,24,0
TFTS318115-NVY,NO,24,0
RMJS518103-NVY,NO,24,0
RMJS518103-WHT,NO,24,0
TFPJ318106-NVY,NO,24,0
RMSH518102-NVY,NO,24,0
RMSH518102-BLK,NO,24,0
TFPJ318107-NVY,SI,5,0
RMJS518104-BLK,NO,5,0
RMJS518104-GRY,NO,5,0
TFPJ318107-BLU,NO,5,0
TFPJ318108-NVY,NO,5,0
BH71KO-NJN-K-9JA,NO,5,0
BH78OG-BCE-C-GOZ,NO,5,0
RMPL518103-WHT,NO,5,0
BH78OG-BCE-K-GOP,NO,5,0
BH78OG-BCE-W-GP9,NO,5,0
RMPL518103-NVY,NO,5,0
BH78OG-CBU-K-GOQ,NO,5,0
BH78OG-CBU-W-GPA,NO,5,0
RMJS318101-NVY,NO,5,0
BH78OG-MTI-C-GP2,NO,5,0
BH78OG-MTI-K-GOS,NO,5,0
RMJS318101-WHT,NO,5,0
BH78OG-MTI-W-GPC,NO,5,0
BH78OG-NJN-C-GP3,NO,5,0
RMJS318102-NVY,NO,5,0
BH78OG-NJN-K-GOT,NO,5,0
BH78OG-NJN-W-GPD,NO,5,0
RMJS318102-WHT,NO,5,0
RMJS318103-NVY,NO,5,0
RMJS318103-WHT,NO,5,0
RMJS318104-BLK,NO,5,0
RMJS318104-GRY,NO,5,0
RMJS318104-WHT,NO,5,0
RMSH318102-NVY,NO,5,0
RMSH318102-BLK,NO,5,0
RMPL318103-NVY,NO,5,0
BH78OG-P76-C-GP4,NO,5,0
BH78OG-P76-K-GOU,NO,5,0
BH78OG-P76-W-GPE,NO,5,0
BH78OG-SAS-C-GP6,NO,5,0
852VZ-BRA-ROY,NO,5,0
852VZ-BRA-RED,NO,5,0
BH78OG-SAS-K-GOW,NO,5,0
BH78OG-SAS-W-GP6,NO,5,0
BH78OG-SFW-C-GP7,NO,5,0
BH78OG-SFW-K-GOX,NO,5,0
BH78OG-SFW-W-GPH,NO,5,0
BH78OG-TRA-C-GP8,NO,5,0
BH78OG-TRA-W-GPI,NO,5,0
BH78OH-BNE-C-GQ0,NO,5,0
BH78OH-BNE-K-GPJ,NO,5,0
RMBK18203-NVY,NO,5,0
RMBK518202-NVY,NO,5,0
RMBK518201-BLK,NO,5,0
RMMB18208-NVY,NO,5,0
RMMB518204-NVY,NO,5,0
DSST358-LGB,NO,5,0
DSST359-NVY,NO,5,0
DSST360-LGB,NO,5,0
DSST360-RED,NO,5,0
AVSB518201-BLU,NO,5,0
AVSB518204-BLK,NO,5,0
DSST360-NVY,NO,5,0
AVSB518205-NVY,NO,5,0
AVSB518207-BLK,NO,5,0
DSPJ362-LGB,NO,5,0
DSPJ363-BLU,NO,5,0
DSPJ363-WHT,NO,5,0
DSPJ364-RED,NO,5,0
DSPJ365-LGB,NO,5,0
DSPJ366-WHT,NO,5,0
UMPL518302-NVY,NO,5,0
UMPL518302-BLK,NO,5,0
UMJS518305-GRY,NO,5,0
UMJS518305-BLK,NO,5,0
UMSH518301-BLK,NO,5,0
UMSH518301-NVY,NO,5,0
UMSH518302-BLK1,NO,5,0
UMTS518310-NVY,NO,5,0
UMSH518302-BLK,NO,5,0
UMPT518301-BLK,NO,5,0
UMJK518302-GRY,NO,5,0
UMJK518302-BLK,NO,5,0
UMPT518302-GRY,NO,5,0
UMPT518302-BLK,NO,5,0
UMPL5HER02-BLK,NO,5,0
UMPL5HER02-WHT,NO,5,0
UMSH5PLA02-RED,NO,5,0
UMSH5PLA03-BLK,NO,5,0
UMPL5HER02-GRY,NO,5,0
UMJS6HER05-RED,NO,5,0
UMJS3HER05-RED,NO,5,0
UMJK5PLA04-ROY,NO,5,0
UMJS3PLA01-ROY,NO,5,0
UMJS5WF01-BLK,NO,5,0
UMSH5WF01-BLK,NO,5,0
UMJS5WF02-BLU,NO,5,0
UMSH5WF02-NVY,NO,5,0
UMPL5WF01-BLK,NO,5,0
UMJK5HER03-BLK,NO,5,0
UMJK5HER03-RED,NO,5,0
UMJK5HER03-GRY,NO,5,0
UMJS5HER10-BLK,NO,5,0
UMJS5HER10-RED,NO,5,0
UMJS5HER10-GRY,NO,5,0
UMJS5OL01-WHT,NO,5,0
UMJS5OL02-RED,NO,5,0
UMJS5OL03-RED,NO,5,0
UMJS5OL04-WHT,NO,5,0
BCJS518101-BUR,NO,5,0
BCJS518101-NVY,NO,5,0
BCJS518102-BLU,NO,5,0
BCJS518102-BUR,NO,5,0
BCJS518103-NVY,NO,5,0
BCJS518103-RED,NO,5,0
BCSH518102-BLU,NO,5,0
BCSH518102-BUR,NO,5,0
BCSH518103-NVY,NO,5,0
BCPL518101-NVY,NO,5,0
BCPL518101-RED,NO,5,0
BCJS318101-BUR,NO,5,0
BCJS318101-NVY,NO,5,0
BCJS318102-BLU,NO,5,0
BCJS318102-BUR,NO,5,0
BCJS318103-NVY,NO,5,0
BCJS318103-RED,NO,5,0
BCSH318102-BLU,NO,5,0
BCSH318102-BUR,NO,5,0
BCSH318103-NVY,NO,5,0
BCPL318101-NVY,NO,5,0
DSTS3SC21-NVY,NO,5,0
20952U-FZM,NO,5,0
81321U-FYT,NO,5,0
81321U-FZ2,NO,5,0
81323U-FYT,NO,5,0
81323U-FZ2,NO,5,0
20920U-GK3,NO,5,0
20920U-GUQ,NO,5,0
81335U-FZ6,NO,5,0
20941U-FZM,NO,5,0
20909U-090,NO,5,0
81337U-FZ6,NO,5,0
81337U-FZB,NO,5,0
81339U-FZ6,NO,5,0
81339U-FZB,NO,5,0
20965U-FYM,NO,5,0
20961U-FYM,NO,5,0
20964U-FYM,NO,5,0
20959U-FYM,NO,5,0
20905U-096,NO,5,0
20905U-FYQ,NO,5,0
20905U-GK7,NO,5,0
20952U-GLD,NO,5,0
JVPL517201-BLK,NO,5,0
20940U-FZM,NO,5,0
20913U-GEC,NO,5,0
20946U-FZN,NO,5,0
20903U-FZ6,NO,5,0
AVTS518127-BLK,NO,5,0
AVTS518105-NVY,NO,5,0
20952U-FZN,NO,5,0
AVTS518116-LBL,NO,5,0
AVTS518132-GRY,NO,5,0
20952U-GJ6,NO,5,0
AVTS518132-NVY,NO,5,0
AVTS518138-NVY,NO,5,0
20953U-FZM,NO,5,0
20953U-FZN,NO,5,0
30509U-090,NO,5,0
30647U-FYT,NO,5,0
30648U-FYT,NO,5,0
30670U-FYY,NO,5,0
30671U-FYY,NO,5,0
UMJS5HER09-GRY,NO,5,0
UMSH5HER05-BLK,NO,5,0
UMPL5PLA04-BLK,NO,5,0
UMPL5PLA04-ROY,NO,5,0
UMJS5HER07-WHT,NO,5,0
UMJS5HER08-BLK,NO,5,0
UMSH5HER05-WHT,NO,5,0
UMSH5HER06-GRY,NO,5,0
MLPTS18206-BLU,NO,5,0
MLPTS18207-GRY,NO,5,0
DSTS3AR04-LGH,NO,5,0
MLPTS18211-WHT,NO,5,0
MLPPJ18214-BLU,NO,5,0
DSTS3BR06-YLW,NO,5,0
MLPPJ18215-PNK,NO,5,0
DSTS3BR06-BLU,NO,5,0
DSTS3SC25-NVY,NO,5,0
DSTS3SC25-BLU,NO,5,0
DSST3SC32-NVY,NO,5,0
DSST3SC38-RED,NO,5,0
DSST3SC36-WHT,NO,5,0
DSST3SC40-YLW,NO,5,0
DSPJ3PA10-RED,NO,5,0
DSPJ3SC17-RED,NO,5,0
DSPJ3SC16-BLU,NO,5,0
DSTS3SC23-BLU,NO,5,0
DSTS3SC23-RED,NO,5,0
DSTS3SC24-NVY,NO,5,0
DSTS3SC24-GRY,NO,5,0
DSTS3AR04-RED,NO,5,0
DSTS3SC19-GRY,NO,5,0
DSTS3SC19-NVY,NO,5,0
SP3183022-BLU,NO,5,0
DS318303-NVY,NO,5,0
DS418305-TUR,NO,5,0
DS418307-LIL,NO,5,0
DS418309-PNK,NO,5,0
DSTS318305-TUR,NO,5,0
DS3183012-BLU,NO,5,0
DS4183013-PNK,NO,5,0
DS4183014-BLK,NO,5,0
DS4183017-PNK,NO,5,0
DS4183019-LIL,NO,5,0
DS4183020-LIL,NO,5,0
AV318302-GRY,NO,5,0
DS318304-TUR,NO,5,0
MLP4183025-LIL,NO,5,0
SPB18102-RED,NO,5,0
DSB18308-BLK,NO,5,0
MVB18103-NVY,NO,5,0
DSB18301-NVY,NO,5,0
DSB18302-BLK,NO,5,0
SPB18101-RED,NO,5,0
MVB18104-NVY,NO,5,0
MCTS318303-BLU,NO,5,0
MCTS318303-WHT,NO,5,0
MCTS318309-RED,NO,5,0
MCTS318309-NVY,NO,5,0
MCTS318310-NVY,NO,5,0
MCTS318310-WHT,NO,5,0
MCTS318311-GRY,NO,5,0
MCTS318311-NVY,NO,5,0
MCST318323-RED,NO,5,0
MCST318323-BLK,NO,5,0
MCJK318315-BLK,NO,5,0
MCPT318315-BLK,NO,5,0
MCPJ318318-RED,NO,5,0
MCPJ318318-WHT,NO,5,0
MCPJ318322-NVY,NO,5,0
MCPJ318322-RED,NO,5,0
MCPJ318321-BLU,NO,5,0
AVSB318207-NVY,NO,5,0
BCJS51842-NVY,NO,5,0
BCJS51847-RED,NO,5,0
SPSB518108-BLK,NO,5,0
DS418406-PNK,NO,5,0
DS418408-PUR,NO,5,0
DS4184010-BLK,NO,5,0
DS4184015-PNK,NO,5,0
DS4184016-PNK,NO,5,0
DS4184018-LIL,NO,5,0
MLP4184023-GRY,NO,5,0
MLP4184026-PNK,NO,5,0
BCJS51841-GRN,NO,5,0
BCJS51842-RED,NO,5,0
BCSB51841-BLU,NO,5,0
BCJS51841-BLU,NO,5,0
BCSB51841-NVY,NO,5,0
BCSB51842-NVY,NO,5,0
BCSB51843-NVY,NO,5,0
BCSB51845-RED,NO,5,0
BCSB51845-GRN,NO,5,0
DSPJ3BR12-BLU,NO,5,0
DSPJ3SC15-WHT,NO,5,0
UMGKST5PA01-YEL,NO,5,0
DSPJ3CR13-RED,NO,5,0
DSPJ3BR12-YLW,NO,5,0
DSPJ3AR11-LGH,NO,5,0
DSPJ3DE14-WHT,NO,5,0
UMSH5OL01-WHT,NO,5,0
UMSH5OL01-BLU,NO,5,0
UMPL5OL01-BLU,NO,5,0
UMPL5OL01-RED,NO,5,0
UMPL5OL01-WHT,NO,5,0
UMJS6OL01-WHT,NO,5,0
UMJS6OL02-RED,NO,5,0
UMJS6OL03-RED,NO,5,0
UMJS3OL01-WHT,NO,5,0
UMJS3OL02-RED,NO,5,0
UMJS3OL03-RED,NO,5,0
UMJS3OL04-WHT,NO,5,0
UMJK5OL01-BLU,NO,5,0
UMJK5OL02-BLU,NO,5,0
UMPT5OL02-NAV,NO,5,0
UMJS5OL05-BLU,NO,5,0
BCJK518302-NVY,NO,5,0
SPES18308-NVY,NO,5,0
SPES18402-BLK,NO,5,0
BCPT518301-BLU,NO,5,0
BCPT518302-NVY,NO,5,0
BCJS318301-RED,NO,5,0
BCJS318301-ROY,NO,5,0
BCJS318302-NVY,NO,5,0
BCJS318302-RED,NO,5,0
BCJS318304-NVY,NO,5,0
BCJS318305-NVY,NO,5,0
BCSH318303-NVY,NO,5,0
BCSH318304-NVY,NO,5,0
BCSH318305-NVY,NO,5,0
AVES18306-BLK,NO,5,0
AVES18305-BLK,NO,5,0
DSTS352-YLW,NO,5,0
POBALLS-01,NO,5,0
AVSB318207-BLK,NO,5,0
DSTS352-LGB,NO,5,0
DSTS353-LGB,NO,5,0
DSTS353-LGY,NO,5,0
DSPJ367-NVY,NO,5,0
DSPJ368-YLW,NO,5,0
DSPJ368-RED,NO,5,0
MCSB518202-BLK,NO,5,0
AVSB318201-BLU,NO,5,0
AVSB318205-NVY,NO,5,0
MCSB318202-BLK,NO,5,0
AVES18304-BLK,NO,5,0
AVES18315-BLK,NO,5,0
MCES172001-BLU,NO,5,0
MLPPT418205-BLK,NO,5,0
AVSB318204-BLU,NO,5,0
AVSB318208-BLK,NO,5,0
AVFF318350-BLU,NO,5,0
AVFF318351-NVY,NO,5,0
AVFF318352-NVY,NO,5,0
SPES18309-RED,NO,5,0
AVSK181011-NVY,NO,5,0
SPSK18323-NVY,NO,5,0
BCSB518301-BLU,NO,5,0
BCSB518303-NVY,NO,5,0
BCSB51847-BLU,NO,5,0
BCSB31841-BLU,NO,5,0
BCSB31841-NVY,NO,5,0
BCSB31842-NVY,NO,5,0
BCSB31843-NVY,NO,5,0
BCSB31845-RED,NO,5,0
BCSB31845-GRN,NO,5,0
RMSTG18205-BLU,NO,5,0
RMSTG18205-NVY,NO,5,0
RMDB18206-NVY,NO,5,0
RMDB18207-BLK,NO,5,0
SWTS318311-NVY,NO,5,0
SWTS318311-BLK,NO,5,0
SWTS318323-NVY,NO,5,0
SWTS318323-BLK,NO,5,0
SWTS318324-CYN,NO,5,0
SWTS318324-NVY,NO,5,0
SWTS318324-MGR,NO,5,0
SWTS318325-NVY,NO,5,0
SWTS318333-CYN,NO,5,0
SWTS318333-MGR,NO,5,0
SWTS318333-BLK,SI,7,0
SWTS318312-BLK,NO,7,0
SWTS318312-NVY,NO,7,0
SWST318326-NVY,NO,7,0
SWJK318327-BLK,NO,7,0
SWPT318327-BLK,NO,7,0
SWJK318328-BLK,NO,7,0
SWPT318328-BLK,NO,7,0
SWPJ318329-NVY,NO,7,0
SWPJ318330-BLK,NO,7,0
SWPJ318330-NVY,NO,7,0
SWPJ318320-RED,NO,7,0
SWPJ318320-ROY,NO,7,0
SWPJ318331-BLK,NO,7,0
SWPJ318332-CYN,NO,7,0
SWSB318401-BLK,NO,7,0
SWSB518206-BLK,NO,7,0
SWSB518207-BLK,NO,7,0
SWSB318208-BLK,NO,7,0
SWSB318203-BLK,NO,7,0
SWSB518204-BLU,NO,7,0
SWSB518205-BLK,NO,7,0
PSGPT518201-BLU,NO,7,0
PSGSB518202-BLU,NO,7,0
PSGSB518201-WHT,NO,7,0
RMSB518301-BLK,NO,7,0
RMSB518301-WHT,NO,7,0
RMSB518302-NVY,NO,7,0
RMSB518404-BLK,NO,7,0
RMSB518404-WHT,NO,7,0
RMSB518404-NVY,NO,7,0
RMSB318301-BLK,NO,7,0
RMSB318301-WHT,NO,7,0
RMSB318302-NVY,NO,7,0
RMSB318404-BLK,NO,7,0
RMSB318404-WHT,NO,7,0
RMSB318404-NVY,NO,7,0
PSGSB318201-WHT,NO,7,0
PSGSB318202-BLU,NO,7,0
RMJS318302-NVY,NO,7,0
RMJS318302-WHT,NO,7,0
RMJS318403-BLK,NO,7,0
RMSH318403-BLK,NO,7,0
RMSB518103-GRY,NO,7,0
RMSB518104-NVY,NO,7,0
RMSB518104-BLK,NO,7,0
RMSB518104-WHT,NO,7,0
RMSB318101-NVY,NO,7,0
RMSB318102-NVY,NO,7,0
RMSB318103-GRY,NO,7,0
RMSB318104-NVY,NO,7,0
RMJS318301-WHT,NO,7,0
RMJS318301-BLK,NO,7,0
RMSH518402-NVY,NO,7,0
RMSH518402-BLK,NO,7,0
PSGJS318201-WHT,NO,7,0
PSGJS318201-BLU,NO,7,0
PSGST318201-BLU,NO,7,0
PSGST318201-WHT,NO,7,0
PSGSH318201-BLU,NO,7,0
PSGJS318203-BLU,NO,7,0
PSGPL318201-BLU,NO,7,0
PSGPL318201-WHT,NO,7,0
RMJS518301-WHT,NO,7,0
RMJS518301-BLK,NO,7,0
RMJS518302-NVY,NO,7,0
RMJS518302-WHT,NO,7,0
RMJS518403-BLK,NO,7,0
RMJS518403-BLU,NO,7,0
RMJS518403-WHT2,NO,7,0
RMPL518401-NVY,NO,7,0
RMSB518101-NVY,NO,7,0
RMSB518102-NVY,NO,7,0
RMPL518401-DRK,NO,7,0
RMSH518403-BLK,NO,7,0
RMJK518405-BLK,NO,7,0
RMJK518405-NVY,NO,7,0
RMJK518406-WHT,NO,7,0
RMJK518404-NVY,NO,7,0
RMPT518405-BLK,NO,7,0
RMSB318104-BLK,NO,7,0
RMSB318104-WHT,NO,7,0
RMPT518405-NVY,NO,7,0
TFTS18405-BLK,NO,7,0
RMPT518401-NVY,NO,7,0
RMSH318402-NVY,NO,7,0
RMSH318402-BLK,NO,7,0
TFTS184010-GRY,NO,7,0
TFTS184010-LGT,NO,7,0
TFTS184011-NVY,NO,7,0
TFPJ18401-LGT,NO,7,0
TFPJ18403-RED,NO,7,0
TFPJ18403-NVY,NO,7,0
TFPJ18404-LGT,NO,7,0
TFPJ18404-GRN,NO,7,0
11M8Z-013-5BNETS,NO,7,0
11NIZ-079-5BNETS,NO,7,0
11NIZ-656-5BNETS,NO,7,0
11NNZ-MTC-5BULLS,NO,7,0
11NNZ-MTC-5CAVAL,NO,7,0
962VZ-005-5CAVAL,NO,7,0
BH786L-BNE-K-G33,NO,7,0
BH786F-CHO-K-G2X,NO,7,0
BH78OU-OCT-K-J1U,NO,7,0
BH78PG-CBU-K-GSG,NO,7,0
BH7A8P-CBU-R-MUH,NO,7,0
BH7A8P-CBU-K-MVG,NO,7,0
11MAZ-013-5WARRI,NO,7,0
BH7X5V-CBU-K-FJZ,NO,7,0
SWS3318471,NO,7,0
BH78QD-CBU-K-GTH,NO,7,0
BH79AM-GSW-W-L9W,NO,7,0
BH78Q6-CBU-K-GTD,NO,7,0
BH791U-CHO-T-JB1,NO,7,0
BH791U-LAL-K-JB0,NO,7,0
BH791U-NYK-B-JAY,NO,7,0
BH79B2-CBU-K-LAE,NO,7,0
BH79B8-CCA-K-LAK,NO,7,0
BH79B9-GSW-K-LAL,NO,7,0
BH79GZ-HRO-A-LMO,NO,7,0
BH79GY-WWI-A-LMN,NO,7,0
BH79H2-PSU-K-LMR,NO,7,0
XZC34-004-5BULLS,NO,7,0
ZXD21-101-576ERS,NO,7,0
BH79H3-TRA-K-LMS,NO,7,0
XZB85-004-5BULLS,NO,7,0
BH78OH-CCA-K-GPN,NO,7,0
BH78OH-CCA-W-GQ,NO,7,0
BH78OH-GSW-C-GQ5,NO,7,0
BH78OH-GSW-K-GPO,NO,7,0
BH78OH-GSW-W-GQM,NO,7,0
BH78OH-HRO-K-GPP,NO,7,0
BH78OH-HRO-W-GQN,NO,7,0
BH78OH-LAC-K-GPQ,NO,7,0
BH78OH-LAC-W-GQO,NO,7,0
BH78OH-MTI-K-GPT,NO,7,0
BH78OH-MTI-W-GQR,NO,7,0
BH78OH-NOP-C-GQB,NO,7,0
BH78OH-NOP-K-GPU,NO,7,0
BH78OH-NOP-W-GQS,NO,7,0
BH78OH-NYK-C-GQC,NO,7,0
BH78OH-NYK-K-GPV,NO,7,0
BH78OH-NYK-W-GQT,NO,7,0
BH78OH-OCT-K-GPX,NO,7,0
BH78OH-OCT-W-GQV,NO,7,0
BH78OH-SAS-C-GQG,NO,7,0
BH78OH-SAS-K-GPZ,NO,7,0
BH78OH-SAS-W-GQX,NO,7,0
852VZ-BRA-BLK,NO,7,0
BH78OG-TRA-K-GOY,NO,7,0
SMALL HOOK FOR CON. BAR,NO,7,0
BH71NF-BCE-2T-9LS,NO,7,0
UMBRO SMALL HOOK,NO,7,0
HX-HK-KIDS01,NO,7,0
HX-HK-KIDS02,NO,7,0
HX-HG-M01,NO,7,0
HX-HG-M02,NO,7,0
PSGJS518202-BLU,NO,7,0
PSGJS518202-WHT,NO,7,0
SWSB518216-BLK,NO,7,0
SWSB518215-BLK,NO,7,0
SWSB518214-BLK,NO,7,0
SWSB518211-BLK,NO,7,0
TFSB518201-GRY,NO,7,0
TFSB518202-BLK,NO,7,0
SWSB318201-BLK,NO,7,0
SWSB318202-BLK,NO,7,0
SWSB318203-NVY,NO,7,0
TFSB318207-NVY,NO,7,0
TFSB318207-GRY,NO,7,0
TFES18304-BLU,NO,7,0
NJ16Z-MTC-5576ERS,NO,7,0
11NJZ-BRD-5BULLS,NO,7,0
BH77Q7-NYK-2T-FMH,NO,7,0
TFES18306-GRY,NO,7,0
LFES18312-BLK,NO,7,0
LFES18327-GRY,NO,7,0
TFES18303-BLK,NO,7,0
RMSB518306-NVY,NO,7,0
RMSB518305-WHT,NO,7,0
PSGJS518201-WHT,NO,7,0
PSGJS518201-BLU,NO,7,0
RMSB318306-NVY,NO,7,0
RMSB318305-WHT,NO,7,0
PSGSH518201-BLU,NO,7,0
PSGJS518203-BLU,NO,7,0
PSGPL518201-BLU,NO,7,0
PSGPL518201-WHT,NO,7,0
PSGJK518201-BLU,NO,7,0
BH78TO-OMA-GW3,NO,7,0
BH79K9-AHA-K-LPY,NO,7,0
6HSBLCK-ASEM-723,NO,7,0
BH79Y4-ASG-K-M8T,NO,7,0
XZC34-010-5BULLS,NO,7,0
MH79HI-MNN-A-LN4,NO,7,0
BH7A3J-CBU-K-MMX,NO,7,0
BH7A3K-CBU-K-MMY,NO,7,0
MH79HH-MNN-G-LN3,NO,7,0
BH7A3L-CBU-W-MMZ,NO,7,0
BH7A3I-CBU-R-MMW,NO,7,0
VU28Z-004-5NBASTR,NO,7,0
BH77JY-CCA-G-FFP,NO,7,0
BH77KJ-CBU-R-FG7,NO,7,0
11M4Z-004-9MNBRA,NO,7,0
11M8Z-013-5BULLS,NO,7,0
11NIZ-BRD-5BNETS,NO,7,0
11NIZ-034-5BNETS,NO,7,0
11NKZ-005-5BULLS,NO,7,0
11NNZ-MTC-5BNETS,NO,7,0
961VZ-005-5CAVAL,NO,7,0
961VZ-005-5KNICK,NO,7,0
962VZ-005-5WARRI,NO,7,0
BH786J-CBU-K-G31,NO,7,0
BH786K-GSW-K-G32,NO,7,0
BH78OT-BCE-K-GRI,NO,7,0
BH78OX-CCA-K-GRM,NO,7,0
BH78OS-LAL-K-GRH,NO,7,0
BH791U-NYK-O-JAX,NO,7,0
BH79B5-HRO-K-LAH,NO,7,0
BH79GS-CBU-R-LMH,NO,7,0
VZ11Z-003-5BNETS,NO,7,0
VZ11Z-004-5BNETS,NO,7,0
VZ11Z-004-5BULLS,NO,7,0
VZ11Z-008-5BNETS,NO,7,0
VZ11Z-021-5BNETS,NO,7,0
XZ889-TPF-5CAVAL,NO,7,0
XZB70-034-5BULLS,NO,7,0
ZXD22-034-576ERS,NO,7,0
VU28Z-A47-5NBASTR,NO,7,0
11NIZ-WGS-5BULLS,NO,7,0
11NIZ-W3R-5BULLS,NO,7,0
11NIZ-656-5BULLS,NO,7,0
11NIZ-WB7-5BULLS,NO,7,0
11NIZ-W3S-5BULLS,NO,7,0
962VZ-005-5BNETS,NO,7,0
962VZ-005-5SPURS,NO,7,0
BH76P1-CBU-K-EGW,NO,7,0
BH791U-LAL-L-JAZ,NO,7,0
VZ11Z-A14-5BNETS,NO,7,0
VZ11Z-A14-5BULLS,NO,7,0
XZB53-C38-5BULLS,NO,7,0
XZB53-P40-5BULLS,NO,7,0
BH77QG-VGR-2T-FMN,NO,7,0
VF80Z-MTC-5VGRIZ,NO,7,0
BH7260-OCT-K-845,NO,7,0
BH76P3-CBU-B-EGY,NO,7,0
BH78UZ-CBU-K-GXW,NO,7,0
BH79B7-AHA-K-LAJ,NO,7,0
116AZ-MTC-5BUCKS,NO,7,0
BH7267-CHO-K-852,NO,7,0
BH763E-VGR-K-DRK,NO,7,0
BH764Y-CHO-2T-DSR,NO,7,0
BH764S-NYK-2T-DSL,NO,7,0
NZT55-005-5BNETS,NO,7,0
XZ855-013-5BULLS,NO,7,0
NZT55-005-5BULLS,NO,7,0
VX34Z-FAS-5BULLS,NO,7,0
BH77Q4-CHO-2T-FME,NO,7,0
BH77QF-TRA-2T-FMM,NO,7,0
BH78TQ-CBU-K-GWQ,NO,7,0
6HSRED1-ASEM-723,NO,7,0
BH79Y2-ASG-B-M8R,NO,7,0
6HSWHIT-ASEM-723,NO,7,0
BH79Y3-ASG-R-M8S,NO,7,0
6HSTD-67-GSWBLCK,NO,7,0
6HSTD-92-ASEKHAK,NO,7,0
6HSTD-92-ASEMARO,NO,7,0
6HSTD-07-SASWHIT,NO,7,0
BH75W9-ASG-B-DLG,NO,7,0
RMJS318406-BL2,NO,7,0
BH78QM-CBU-K-GTT,NO,7,0
BH78TW-GSW-K-GWW,NO,7,0
BH78US-GSW-B-GXP,NO,7,0
11NNZMTC5KNICK,NO,7,0
BH76P5-GSW-K-EH0,NO,7,0
RMSB03162RM007-WH2,NO,7,0
RMJS318406-WH2,NO,7,0
6HSSTD79-CCAMARO,NO,7,0
6HSSTD79-GSWRYWH,NO,7,0
6HSSTD51-CCAGOLD,NO,7,0
B-MVP05WBV-HM,NO,7,0
TFES18403-BLK,NO,7,0
LFES18313-GRY,SI,8,0
6HSSB-LCKA18-723,NO,8,0
RMB18315-BLK,NO,8,0
RMB18315-NVY,NO,8,0
RMB18309-WHT,NO,8,0
RMB18314-BLK,NO,8,0
RMB18309-NVY,NO,8,0
RMB18104-BLU,NO,8,0
RMB18313-WHT,NO,8,0
RMB18313-NVY,NO,8,0
RMB18314-NVY,NO,8,0
TFSK18301-RED,NO,8,0
6HSSBLCK-BCEMM17,NO,8,0
6HSSBLCK-BNEMM17,NO,8,0
6HSTD-11-CBURED1,NO,8,0
6HSTD-11-GSWWHIT,NO,8,0
6HSTD-11-BNEWHIT,NO,8,0
6HSSTD-97-CBUBLCK,NO,8,0
6HSTD-99-CBUBLCK,NO,8,0
6HSTD-01-PTBRED1,NO,8,0
6HSTD-07-GSWWHIT,NO,8,0
6HSTD-97-CBUWHIT,NO,8,0
6HSTD-99-CBURED1,NO,8,0
6HSTD-01-OCTROYA,NO,8,0
6HSTD-07-CBUWHIT,NO,8,0
6HSTD-07-CCAWHIT,NO,8,0
6HSTD-11-CCAWHIT,NO,8,0
6HSTD-01-CCAMARO,NO,8,0
6HSTD-01-GSWROYA,NO,8,0
6HSTD-01-HRORED1,NO,8,0
6HSTD-01-BNEBLCK,NO,8,0
6HSTD-92-ASEWHIT,NO,8,0
6HSTD-92-ASEROYA,NO,8,0
6HSTD-92-ASWRED1,NO,8,0
6HSTD-97-CBUBLCK,NO,8,0
6HSTD-51-BNEBLCK,NO,8,0
6HSTD-51-CHOWHIT,NO,8,0
6HSTD-51-CBUWHIT,NO,8,0
6HSTD-67-CCABLCK,NO,8,0
6HSTD-67-CCAWHIT,NO,8,0
6HSTD-67-GSWWHIT,NO,8,0
6HSTD-79-HROBKSC,NO,8,0
6HSTD-79-SASBLCK,NO,8,0
6HSTD-51-CCAGOLD,NO,8,0
6HSTD-51-CCAMARO,NO,8,0
BH78TS-MGR-K-GWS,NO,8,0
VJ01Z-MTC-5WIZAR,NO,8,0
NZI22-005-5BULLS,NO,8,0
BH72TO-BNE-W-ALI,NO,8,0
BH73V3-SFW-W-BG4,NO,8,0
SWS3318443,NO,8,0
TFS3318444,NO,8,0
SWS2318442,NO,8,0
TFS2318445,NO,8,0
ZY18001,NO,8,0
6HSSTD51-CBUWHIT,NO,8,0
6HSSTD51-BCEWHIT,NO,8,0
BH78AP-CBU-K-MVG,NO,8,0
BH78SX-LAL-K-GWO,NO,8,0
BH78TO-OMA-K-GW3,NO,8,0
BH78T1-NYK-K-GWI,NO,8,0
BH78AQ-CCA-K-HHX,NO,8,0
BH78AQ-GSW-K-HHY,NO,8,0
BH78AQ-HRO-K-HHZ,NO,8,0
BH78AQ-P76-K-HI6,NO,8,0
BH78AR-CHO-K-HID,NO,8,0
BH78AR-CBU-K-HIE,NO,8,0
BH78AR-TRA-K-HIQ,NO,8,0
BH7A8V-GSW-W-MUN,NO,8,0
BH72R5-HRO-Z-AJ7,NO,8,0
BH72RO-SAS-Z-AJN,NO,8,0
961VZ-005-5BNETS,NO,8,0
BH79QP-NYK-B-LYR,NO,8,0
BH7A3F-CBU-W-MMT,NO,8,0
BH79FN-CCA-K-LLF,NO,8,0
BH79FQ-CCA-7-LLI,NO,8,0
BH79FO-CCA-W-LLG,NO,8,0
BH79FR-CCA-R-LLJ,NO,8,0
BH79G9-BNE-K-LM1,NO,8,0
BH79GD-CCA-7-LM2,NO,8,0
BH79GI-NYK-W-LM7,NO,8,0
BH72TU-DPI-W-ALN,NO,8,0
507VZ-FAS-5CAVAL,NO,8,0
507VZ-FAS-5WARRI,NO,8,0
622VZ-017-5BULLS,NO,8,0
BH7A36-CBU-W-MMO,NO,8,0
BH7A38-CBU-K-MMQ,NO,8,0
BH7A3E-CBU-K-MMS,NO,8,0
BH7A3H-CBU-K-MMV,NO,8,0
XZA06-013-5CAVAL,NO,8,0
XZA06-013-5WARRI,NO,8,0
XZA67-069-5BULLS,NO,8,0
XZA68-013-5BULLS,NO,8,0
XZD8-FAS-5BULLS,NO,8,0
BH798Q-OMA-K-L8G,NO,8,0
BH798R-P76-K-L8H,NO,8,0
BH798S-SSU-K-L8I,NO,8,0
BH79QK-OMA-K-LYM,NO,8,0
BH79QL-P76-K-LYN,NO,8,0
BH77RH-AHA-2T-FNL,NO,8,0
6HSS-CBUBA-18039,NO,8,0
6HSS-CCABA-18039,NO,8,0
6HSS-GSWBA-18039,NO,8,0
6HSS-BCEBA-18039,NO,8,0
6HSS-CHOBA-18039,NO,8,0
6HS-HROBA-18039,NO,8,0
6HSS-IPABA-18039,NO,8,0
6HSS-TRABA-18039,NO,8,0
6HSS-VGRBA-18039,NO,8,0
11PUZ-FAS-5ABULLS,NO,8,0
BH75W6-ASG-K-DLD,NO,8,0
BH77RO-MHE-2T-FNS,NO,8,0
6HSTD-51-SASWHIT,NO,8,0
6HSTD-79-CBUBKGD,NO,8,0
6HSTD-79-CBUWHSC,NO,8,0
6HSTD-79-CBURYWH,NO,8,0
6HSTD-79-CBUBKSC,NO,8,0
6HSTD-51-BNEWHIT,NO,8,0
6HSTD-51-GSWWHIT,NO,8,0
6HSTD-51-HROWHIT,NO,8,0
6HSTD-51-OCTWHIT,NO,8,0
6HSTD-67-BNEWHIT,NO,8,0
6HSTD-67-CBUWHIT,NO,8,0
6HSTD-67-HROBLCK,NO,8,0
6HSTD-67-SASBLCK,NO,8,0
6HSTD-79-CCAMARO,NO,8,0
6HSTD-79-GSWRYWH,NO,8,0
6HSTD-51-BCEWHIT,NO,8,0
6HSTD-51-BNEGREY,NO,8,0
6HSTD-51-CBURED1,NO,8,0
6HSTD-67-BNEBLCK,NO,8,0
6HSTD-67-CBUBLCK,NO,8,0
6HSTD-67-HROWHIT,NO,8,0
6HSTD-67-SASWHIT,NO,8,0
6HSTD-79-CCAKHAK,NO,8,0
6HSTD-51-GSWROYA,NO,8,0
6HSTD-89-BCEWHIT,NO,8,0
6HSTD-89-CBUWHIT,NO,8,0
6HSTD-89-CBUBLCK,NO,8,0
6HSTD-51-SASGREY,NO,8,0
6HSTD-79-CCABLCK,NO,8,0
6HSTD-51-CHOHRBL,NO,8,0
BH78AQ-BCE-K-HHU,NO,8,0
BH78AQ-BNE-K-HHV,NO,8,0
6HSSBLCK-CBUMM17,NO,8,0
VI11Z-SASPUR-WHTGR,NO,8,0
VV17Z-PHIFLY-BLKOR,NO,8,0
EU721-CHIBUL-BLKÁ,NO,8,0
VJ53Z-BRA-WHTGRYÁ,NO,8,0
QF90Z-018-A-5TEAM3,NO,8,0
V078Z-CHIBUL-BLK,NO,8,0
VV86Z-CHIBUL-WHTRE,NO,8,0
BH75WE-ASW-W-DLI,NO,8,0
UMSO31720-NVY,NO,8,0
UMSO31720-ROY,NO,8,0
UMSO51720-BLK,NO,8,0
UMSO51720-GRN,NO,8,0
BH72PE-HRO-R-AHJ,NO,8,0
BH72U6-OCT-W-ALZ,NO,8,0
BH78Q7-CBU-K-GTE,NO,8,0
BH78UX-SAS-K-GXU,NO,8,0
BH79B4-MGR-K-LAG,NO,8,0
BH7A6G-CBU-C-MSG,NO,8,0
BH7A6H-CBU-C-MSH,NO,8,0
BH7A6L-CCA-C-MSL,NO,8,0
VF67Z-013-5KNICK,NO,8,0
BH75W7-ASG-Z-DLE,NO,8,0
BH71SS-CBU-2T-9QQ,NO,8,0
6HSSWHIT-CBUMO37,NO,8,0
6HSSBLCK-BNEMO36,NO,8,0
BH71WE-MHE-B-9U0,NO,8,0
6HSSWHIT-CCAMO38,NO,8,0
6HSSBLCK-CBUMO37,NO,8,0
BH71WK-NYK-B-9U6,NO,8,0
BCSB31847-BLU,NO,8,0
BCJS51849-BUR,NO,8,0
BCJS51849-RED,NO,8,0
BCJS51843-NVY,NO,8,0
BCJS51843-BLU,NO,8,0
BCJS51843-GRN,NO,8,0
BCJS51843-BUR,NO,8,0
BCJS51844-BUR,NO,8,0
BCJS51845-GRN,NO,8,0
BCJS51846-BLU,NO,8,0
BCSH51841-BLU,NO,8,0
BCSH51842-NVY,NO,8,0
BCSH51849-NVY,NO,8,0
BCSH51843-NVY,NO,8,0
BCSH51846-BLU,NO,8,0
BCSH51847-NVY,NO,8,0
BCJK51847-BLU,NO,8,0
BCJK51848-NVY,NO,8,0
BCPT51847-BLU,NO,8,0
BCPT51848-NVY,NO,8,0
BCJS31841-BLU,NO,8,0
BCJS31841-GRN,NO,8,0
BCJS31842-BLU,NO,8,0
BCJS31842-NVY,NO,8,0
BCJS31847-BLU,NO,8,0
BCJS31849-BUR,NO,8,0
BCJS31849-RED,NO,8,0
BCJS31843-NVY,NO,8,0
BCJS31843-BLU,NO,8,0
BCJS31843-GRN,NO,8,0
BCJS31843-BUR,NO,8,0
BCJS31844-RED,NO,8,0
BCJS31845-GRN,NO,8,0
BCJS31846-BLU,NO,8,0
BCSH31841-BLU,NO,8,0
BCSH31842-NVY,NO,8,0
BCSH31843-GRN,NO,8,0
BCSH31849-NVY,NO,8,0
BCSH31846-BLU,NO,8,0
BCSH31847-BLU,NO,8,0
DSTS318303-BLU,NO,8,0
DSTS318301-BLU,NO,8,0
DSTS318302-WHT,NO,8,0
DSTS318302-TUR,NO,8,0
DSTS318303-GRN,NO,8,0
DSTS318304-ORG,NO,8,0
DSTS318304-WHT,NO,8,0
DSTS318305-ORG,NO,8,0
DSTS318305-WHT,NO,8,0
DSTS318306-GRY,NO,8,0
DSTS318306-BLU,NO,8,0
DSTS318307-TUR,NO,8,0
DSTS318307-WHT,NO,8,0
DSTS318308-BLU,NO,8,0
DSST318309-GRN,NO,8,0
DSST3183010-WHT,NO,8,0
DSST3183010-BLU,NO,8,0
DSST3183010-BLK,NO,8,0
MLBJS518404-RED,NO,8,0
MLBJS518405-WHT,NO,8,0
DSPJ3183011-BLU,NO,8,0
DSPJ3183012-WHT,NO,8,0
DSPJ3183012-TUR,NO,8,0
DSPJ3183013-BLU,NO,8,0
DSPJ3183014-TUR,NO,8,0
AVS3318460,NO,8,0
DSPJ3183015-NVY,NO,8,0
DSPJ3183016-BLU,NO,8,0
DSPJ3183017-BLU,NO,8,0
SPS3318461,NO,8,0
FZS3418462,NO,8,0
SOS3418463,NO,8,0
MNS3118470,NO,8,0
MKS3118464,NO,8,0
MKS3118465,NO,8,0
MKS3118466,NO,8,0
MNS3118467,NO,8,0
MNS3118468,NO,8,0
MNS3118469,NO,8,0
HERJS51901-RED,NO,8,0
HERJS61901-RED,NO,8,0
DS3183028-BLK,NO,8,0
HERJS31901-RED,NO,8,0
HERJS51903-YEL,NO,8,0
HERJS51904-WHT,NO,8,0
HERJS51905-BLK,NO,8,0
HERJS51906-BLK,NO,8,0
HERJS51906-RED,NO,8,0
MLBJS518406-BLU,NO,8,0
MLBJS518407-BLK,NO,8,0
HERJS51907-GRY,NO,8,0
MLBJS518408-BLU,NO,8,0
MLBJS518409-BLK,NO,8,0
HERPL51901-BLK,NO,8,0
6HSSBLCK-CCAMO38,NO,8,0
6HSSBLCK-GSWMO39,NO,8,0
BH7256-LAL-K-841,NO,8,0
BH7259-NYK-K-844,NO,8,0
BH7264-CHO-K-849,NO,8,0
BH7285-CBU-K-870,NO,8,0
BH7286-CBU-K-871,NO,8,0
BH7287-CCA-K-872,NO,8,0
BH7288-GSW-K-873,NO,8,0
BH7290-LAL-K-875,NO,8,0
BH7295-P76-K-880,NO,8,0
BH72G2-CBU-G-A91,NO,8,0
6HSSWHIT-BNEMO36,NO,8,0
6HSSWHIT-HSWMO39,NO,8,0
BH72GW-BCE-E-A9S,NO,8,0
BH72GX-BNE-E-A9T,NO,8,0
BH72GZ-CBU-E-A9V,NO,8,0
BH72H8-LAL-E-AA4,NO,8,0
BH72HD-MHE-E-AA6,NO,8,0
BH72HH-NYK-E-AAA,NO,8,0
BH72JO-BNE-B-ACB,NO,8,0
BH72JQ-CBU-B-ACD,NO,8,0
BH72JR-CCA-B-ACE,NO,8,0
BH72JV-GSW-B-ACI,NO,8,0
BH72QO-PSU-K-AIQ,NO,8,0
BH72SR-BNE-B-AKN,NO,8,0
BH7300-SAS-K-885,NO,8,0
BH7343-CBU-2T-928,NO,8,0
BH7364-TRA-2T-949,NO,8,0
BH7371-SFW-K-956,NO,8,0
BH7381-LAL-E-966,NO,8,0
BH73MU-CHO-K-B96,NO,8,0
BH73N6-MHE-K-B9I,NO,8,0
BH73S9-DPI-K-BE6,NO,8,0
BH73T7-CHO-K-BF1,NO,8,0
BH73UO-MHE-W-BGC},NO,8,0
BH75W7-ASG-Z-DEL,NO,8,0
BH75WF-ASE-2T-DLJ,NO,8,0
BH75WH-ASW-K-DLL,NO,8,0
BH75WL-ASG-K-DLP,NO,8,0
BH75WP-ASG-K-DLT,NO,8,0
BH75WQ-ASG-2T-DLU,NO,8,0
BH75WR-ASG-B-DLV,NO,8,0
BH75WV-ASW-2T-DM1,NO,8,0
BH75WX-ASE-G-DM3,NO,8,0
BH75X0-ASE-K-DM6,NO,8,0
BH77QK-CBU-2T-FMR,NO,8,0
MLBJT518418-NVY,NO,8,0
MLBJT518419-RED,NO,8,0
HERPL51901-WHT,NO,8,0
MLBJT518420-RED,NO,8,0
MLBJT518421-WHT,NO,8,0
HERPL51902-GRY,NO,8,0
HERJK51902-BLK,NO,8,0
HERJK51902-GRY,NO,8,0
HERJK51903-BLK,NO,8,0
MLBJT518422-NVY,NO,8,0
MLBJT518423-BLK,NO,8,0
UMJS5AL01-WHT,NO,8,0
UMJS5AL02-BLU,NO,8,0
UMJS5AL03-BLK,NO,8,0
UMJS5AL04-BLU,NO,8,0
UMJK5AL01-NVY,NO,8,0
BCSB518302-NVY,NO,8,0
BCSB318301-BLU,NO,8,0
MLPDR418201-BLU,NO,8,0
MLPDR418202-BLU,NO,8,0
BCSB318303-NVY,NO,8,0
MLPDR418203-PNK,NO,8,0
MLPPT418204-NVY,NO,8,0
BCSB318302-NVY,NO,8,0
MLPDR418212-PNK,NO,8,0
MLPDR418213-NVY,NO,8,0
MLPTS418208-NVY,NO,8,0
MLPTS418209-WHT,NO,8,0
MLPTS418210-TUR,NO,8,0
AV318301-GRY,NO,8,0
SP3183021-RED,NO,8,0
UMSH5AL04-NVY,NO,8,0
UMJS5AL05-BLK,NO,8,0
UMJK5AL02-BLK,NO,8,0
UMCP5AL01-WHT,NO,8,0
DSES118336-NVY,NO,8,0
HERPT51901-BLK,NO,8,0
HERPT51902-BLK,NO,8,0
HERSB51901-BLK,NO,8,0
HERSB51902-BLK,NO,8,0
HERB1902-WHT,NO,8,0
HERSTB1901-BLK,NO,8,0
UMJS3JM01-YEL,NO,8,0
UMJS3JM02-BLK,NO,8,0
UMJS5JM01-YEL,NO,8,0
UMJS5JM02-BLK,NO,8,0
UMPL5JM01-BLK,NO,8,0
BH77QQ-LAL-2T-FMX,NO,8,0
BH77QR-MHE-2T-FMY,NO,8,0
BH77QT-NYK-2T-FN0,NO,8,0
BH780S-CHO-2T-FYY,NO,8,0
BH780T-SAS-2T-FYZ,NO,8,0
BH78GU-BNE-K-GFK,NO,8,0
BH78GW-CBU-K-GFM,NO,8,0
BH78HI-NYK-K-GG5,NO,8,0
BH78HJ-NYK-K-GG6,NO,8,0
BH78IU-BNE-K-GHE,NO,8,0
BH78IV-CBU-K-GHF,NO,8,0
BH78RK-BCE-K-MGA,NO,8,0
BH78RK-GSW-K-MGE,NO,8,0
BH78RL-BCE-E-MHA,NO,8,0
BH78RL-BCE-K-MHR,NO,8,0
BH78RL-CBU-K-MH8,NO,8,0
BH78RL-CBU-K-MHT,NO,8,0
BH78RL-CBU-R-MH7,NO,8,0
BH78RL-CCA-7-MHC,NO,8,0
BH78RL-NYK-K-MHZ,NO,8,0
BH78RL-SAS-G-MHM,NO,8,0
BH78RL-SAS-K-MI2,NO,8,0
BH78Z4-BCE-E-J2O,NO,8,0
BH78Z6-CBU-R-J2Q,NO,8,0
BH790D-AHA-R-J3H,NO,8,0
BH79GE-CCA-K-LM3,NO,8,0
BH79GK-LAL-K-LM9,NO,8,0
SH741S-DCU-W-BMB,NO,8,0
11M9Z-013-5WARRI,NO,8,0
11M9Z-013-5KNICK,NO,8,0
BH786M-SKI-K-G34,NO,8,0
BH795E-SAS-K-L3O,NO,8,0
XZC34-010-5CAVAL,NO,8,0
XZC34-004-5WARRI,NO,8,0
BH7252-CBU-K-837,NO,8,0
BH72KR-DPI-B-ADB,NO,8,0
BH75WK-ASG-2T-DLO,NO,8,0
BH77RU-AHA-R-FNY,NO,8,0
BH77S9-P76-B-FOD,NO,8,0
NZX1-005-5BULLS,NO,8,0
VE31Z-005-5BULLS,NO,8,0
6HSSTD51-GSWROYA,NO,8,0
6HSSTD67-BNEBLCK,NO,8,0
6HSSTD67-CBUBLCK,NO,8,0
6HSSTD67-SASWHIT,NO,8,0
6HSSTD79-CCAKHAK,NO,8,0
6HSSTD67-CCABLCK,NO,8,0
6HSSTD67-CCAWHIT,NO,8,0
6HSSTD67-GSWBLCK,NO,8,0
6HSSTD67-GSWWHIT,NO,8,0
6HSSTD89-BCEWHIT,NO,8,0
6HSSTD89-CBUWHIT,NO,8,0
6HSSTD89-CBUBLCK,NO,8,0
6HSSTD51-BNEWHIT,NO,8,0
6HSSTD51-GSWWHIT,NO,8,0
6HSSTD67-CBUWHIT,NO,8,0
6HSSTD67-SASBLCK,NO,8,0
6HSSBLCK-BCEMM74,NO,8,0
6HSSBLCK-BCEMM90,NO,8,0
6HSSBLCK-CBUMM90,NO,8,0
6HSSBLCK-CBUMM92,NO,8,0
6HSSBLCK-CCAMM92,NO,8,0
6HSSBLCK-GSWMM13,NO,8,0
6HSSBLCK-GSWMM92,NO,8,0
6HSSBLCK-HROMM74,NO,8,0
6HSSBLCK-HROMM90,NO,8,0
6HSSBLCK-HROMM92,NO,8,0
B-NSHTD02WBP-RD,NO,8,0
B-NSHTD02WBP-WH,NO,8,0
6HSSBLCK-NYKMM13,NO,8,0
B-NSHTD04WBP-NY,NO,8,0
B-NSHTD04WBP-RD,NO,8,0
6HSSBLCK-SASMM92,NO,8,0
B-NSHTD04WBP-WH,NO,8,0
B-NSHTD05WBP-RD,NO,8,0
B-NSHTD05WBP-RY,NO,8,0
B-NSHTD06WBP-BK,NO,8,0
B-NSHTD06WBP-WH,NO,8,0
B-NSHTD11WBP-RY,NO,8,0
B-NSHTD11WBP-WH,NO,8,0
B-NSHTD12WBP-RY,NO,8,0
B-NSHTD12WBP-WH,NO,8,0
B-NSHTD15WBP-RD,NO,8,0
B-NSHTD16WBP-RY,NO,8,0
B-NSHTD17WBP-NY,NO,8,0
B-NSHTD17WBP-WHA,NO,8,0
B-NSHTD23WBP-RD,NO,8,0
B-NSHTD26WBP-RD,NO,8,0
B-NSHTD26WBP-RY,NO,8,0
B-NSHTD26WBP-WH,NO,8,0
B-NSHTX02WBP-BK,NO,8,0
B-NSHTX04WBP-BK,NO,8,0
BH798J-P76-D-L89,NO,8,0
BH798K-SSU-D-L8A,NO,8,0
BH798N-DPI-K-L8D,NO,8,0
BH7A72-CBU-C-MT2,NO,8,0
VS43Z-FAS-5LAKER,NO,8,0
XZ889-TPF-5BULLS,NO,8,0
BH78CM-BCE-K-I0Q,NO,8,0
BH78CM-CBU-K-G99,NO,8,0
BH78CM-CCA-B-I0T,NO,8,0
BH78CM-GSW-B-I0U,NO,8,0
BH78CM-HRO-K-I0V,NO,8,0
BH78CM-OCT-B-I11,NO,8,0
BH78CM-P76-B-I12,NO,8,0
BH78CM-SAS-K-I13,NO,8,0
BH78CN-P76-K-I1I,NO,8,0
6HSSBLCK-CBUBA51,NO,8,0
6HSSBLCK-GSWBA51,NO,8,0
6HSSRED1-CBUBA51,NO,8,0
6HSSSILV-CBUBA51,NO,8,0
XZB70-WSL-5BULLS,NO,8,0
6HSSMK29-BNEWHIT,NO,8,0
6HSSMK29-HROWHIT,NO,8,0
6HSSMK29-SASWHIT,NO,8,0
6HSSMK30-BNEBLCK,NO,8,0
6HSSMK30-CBUBLCK,NO,8,0
TFSB518408-BLK,NO,8,0
TFSB518409-BLK,NO,8,0
6HSSMK31-CCAMARO,NO,8,0
NZY05-826-5BULLS,NO,8,0
6HSSBLCK-BCEBA51,NO,8,0
6HSSMK31-CCAWHIT,NO,8,0
6HSSMK31-GSWROYA,NO,8,0
6HSSMK31-GSWWHIT,NO,8,0
SWSB518406-BLK,NO,8,0
6HSSMK37-BNEWHIT,NO,8,0
6HSSMK37-CBUBLCK,NO,8,0
6HSSMK37-CBUSCAR,NO,8,0
6HSSMK37-CCAWHIT,NO,8,0
6HSSMK37-GSWROYA,NO,8,0
6HSSMK37-PTBWHIT,NO,8,0
6HSSMK29-CBUBLCK,NO,8,0
6HSSMK29-CBUWHIT,NO,8,0
6HSSMK29-CHOWHIT,NO,8,0
6HSSMK29-CCAWHIT,NO,8,0
6HSSMK31-CBUSCAR,NO,8,0
6HSSMK31-CBUWHIT,NO,8,0
6HSSMK29-GSWWHIT,NO,8,0
6HSSMK31-BNEWHIT,NO,8,0
6HSSTD62-CBUWHIT,NO,8,0
6HSSTD62-CCAWHIT,NO,8,0
6HSSTD62-GSWWHIT,NO,8,0
6HSSTD62-BNEWHIT,NO,8,0
6HSSTD62-GSWROYA,NO,8,0
6HSSTD62-HROWHIT,NO,8,0
6HSSTD60-BCEKHAK,NO,8,0
6HSSTD60-BNEBLCK,NO,8,0
6HSSTD60-BNEKHAK,NO,8,0
6HSSTD60-CBUKHAK,NO,8,0
6HSSTD60-CBUSCAR,NO,8,0
6HSSTD60-CBUWHIT,NO,8,0
6HSSTD60-CCAKHAK,NO,8,0
6HSSTD60-CCAMARO,NO,8,0
6HSSTD60-CCAWHIT,NO,8,0
6HSSTD60-GSWROYA,NO,8,0
6HSSTD60-GSWWHIT,NO,8,0
6HSSTD60-HROKHAK,NO,8,0
6HSSTD60-HROSCAR,NO,8,0
B-NSHTX12WBP-BK,NO,8,0
B-NSHTX15WBP-BK,NO,8,0
B-NSHTX16WBP-BK,NO,8,0
B-NSHTX17WBP-BK,NO,8,0
B-NSHTX23WBP-BK,NO,8,0
B-NSHTX26WBP-BK,NO,8,0
B-WARPF17NRE-BK,NO,8,0
B-RGW17GWSNL-KHD,NO,8,0
B-RGW12GWSNL-NYB,NO,8,0
B-RGW17GWSNL-KHC,NO,8,0
B-MPDTP12WBP-RY,NO,8,0
B-MPDTP17WBP-GY,NO,8,0
B-MPDTP17WBP-RD,NO,8,0
B-RGW05GWS-RY,NO,8,0
B-RGW23GWS-WHE,NO,8,0
B-ICE02GWS-BKA,NO,8,0
6HSSMK88-CBUBKGD,NO,8,0
6HSSTD51-SASWHIT,NO,8,0
6HSSTD51-SASGREY,NO,8,0
6HSSTD79-CBUBKGD,NO,8,0
6HSSMK54-BNEBKGD,NO,8,0
6HSSMK54-BNEWHGD,NO,8,0
6HSSMK54-CBUBKGD,NO,8,0
6HSSMK88-GSWBKGD,NO,8,0
6HSSMK88-HROBKGD,NO,8,0
6HSSMK88-OCTBKGD,NO,8,0
6HSSMK88-SASBKGD,NO,8,0
BH78CM-NYK-B-I10,NO,8,0
6HSSBLUE-BCEBA39,NO,8,0
6HSSMK89-BCEKGWH,NO,8,0
6HSSMK89-BCEWHGN,NO,8,0
6HSSMK89-BNEBKWH,NO,8,0
6HSSMK89-BNEWHBK,NO,8,0
6HSSMO34-BNEKHAK,NO,8,0
6HSSTD11-GSWWHRY,NO,8,0
6HSSMK89-CBUBKWH,NO,8,0
6HSSMK89-CBUWHRY,NO,8,0
6HSSMK89-GSWBKYW,NO,8,0
6HSSMK89-GSWRYWH,NO,8,0
6HSSMK89-GSWWHIT,NO,8,0
6HSSMK89-GSWWHRY,NO,8,0
6HSSMK90-BNEBLCK,NO,8,0
6HSSMK91-CBUBLCK,NO,8,0
6HSSMK91-CBUSCAR,NO,8,0
6HSSMK91-CBUWHBK,NO,8,0
6HSSMK91-CBUWHRY,NO,8,0
6HSSMK91-CBUWHSC,NO,8,0
6HSSMK91-GSWROYA,NO,8,0
6HSSMO26-BNEWHBK,NO,8,0
6HSSMO26-CBUBKSC,NO,8,0
6HSSMO26-CBUKHAK,NO,8,0
6HSSMO26-CBUPINK,NO,8,0
6HSSMO26-CBUWHLB,NO,8,0
6HSSMO26-CBUWHSC,NO,8,0
6HSSMO26-CCAWHCD,NO,8,0
6HSSMO26-GSWWHRY,NO,8,0
6HSSMO65-BCEWHIT,NO,8,0
6HSSMO65-CBUSCAR,NO,8,0
6HSSMO65-GSWWHIT,NO,8,0
6HSSMO65-SASBLCK,NO,8,0
6HSSMO66-GSWWHIT,NO,8,0
6HSSMO67-CHOHRBL,NO,8,0
6HSSMO67-GSWWHRY,NO,8,0
6HSSMO68-GSWWHRY,NO,8,0
6HSSMO34-BCEKHAK,NO,8,0
6HSSMO34-BCEWHGD,NO,8,0
6HSSMO34-BNEBKSV,NO,8,0
6HSSMO34-BNEWHGD,NO,8,0
6HSSMO34-BNEWHSV,NO,8,0
6HSSMO34-CBUBKSV,NO,8,0
6HSSMO34-CBUKHAK,NO,8,0
6HSSMO34-CBUSCAR,NO,8,0
6HSSMO34-CBUWHGD,NO,8,0
6HSSMO34-CBUWHSV,NO,8,0
6HSSMO34-CHOWHGD,NO,8,0
6HSSMO34-CHOWHSV,NO,8,0
UMPL5JM01-YEL,NO,8,0
BCSB317201-BLU,NO,8,0
AVES18307-BLK,NO,8,0
SPES18401-RED,NO,8,0
AVES18310-NVY,NO,8,0
AVES18311-GRY,NO,8,0
AVES172036-RED,NO,8,0
UMJS5ES06-BLK,NO,8,0
UMSH5ES02-BLK,NO,8,0
SPES18302-BLK,NO,8,0
AVSK318347-BLK,NO,8,0
SPSK3172046-RED,NO,8,0
DS4182039-PNK,NO,8,0
UMJS5JM03-BLK,NO,8,0
UMJK5JM02-BLK,NO,8,0
UMJK5JM03-BLK,NO,8,0
UMSH5JM01-BLK,NO,8,0
UMJS6JM01-YEL,NO,8,0
UMJS6JM02-BLK,NO,8,0
UMJS6JM03-YEL,NO,8,0
UMJK5JM04-BLK,NO,8,0
UMJS5JM03-GRN,NO,8,0
UMSH5JM03-BLK,NO,8,0
UMES518401-BLK,NO,8,0
UMES518401-NVY,NO,8,0
UMPL6JM01-BLK,NO,8,0
UMSH5JM04-BLK,NO,8,0
UMPL6JM01-YEL,NO,8,0
UMJK6JM01-BLK,NO,8,0
UMPT5JM01-BLK,NO,8,0
UMGK5JM01-GRN,NO,8,0
UMGK5JM01-PNK,NO,8,0
UMGK5JM01-ORG,NO,8,0
AVSK318340-NVY,NO,8,0
UMJS5JM04-MNT,NO,8,0
UMJS5AL04-YEL,NO,8,0
UMSH5AL04-BLK,NO,8,0
UMPL5AL01-BLK,NO,8,0
AVS2318418,NO,8,0
CAS2318401,NO,8,0
CAS2318402,NO,8,0
CAS3318404,NO,8,0
MNS3418436,NO,8,0
MNS2418439,NO,8,0
FZS2418420,NO,8,0
FZS3418421,NO,8,0
SOS2418407,NO,8,0
MKS3318430,NO,8,0
MKS2318428,NO,8,0
CAS2318405,NO,8,0
CAS2318406,NO,8,0
SPS2318413,NO,8,0
MKS2318434,NO,8,0
MKS2318435,NO,8,0
MNS2418440,NO,8,0
MNS2418441,NO,8,0
PRS3418427,NO,8,0
CAS3318403,NO,8,0
FZS3418422,NO,8,0
FZS3418423,NO,8,0
FZS2418424,NO,8,0
MNS3418437,NO,8,0
MNS2418438,NO,8,0
MKS3318429,NO,8,0
MKS2318431,NO,8,0
MKS3318432,NO,8,0
MKS2318433,NO,8,0
SOS3418408,NO,8,0
MLPS3418446,NO,8,0
UMJS5OL06-WHT,NO,8,0
UMJS5OL06-RED,NO,8,0
SPS3318410,NO,8,0
PRS2418425,NO,8,0
PRS3418426,NO,8,0
AVS3318414,NO,8,0
AVS2318415,NO,8,0
AVS2318417,NO,8,0
SPS2318411,NO,8,0
SPS2318412,NO,8,0
AVS3318416,NO,8,0
SPS3318409,NO,8,0
MCPJ318425-BLU,NO,8,0
MCPJ318427-NVY,NO,8,0
MCPJ318430-NVY,NO,8,0
MCPJ318428-NVY,NO,8,0
MCPJ318423-NVY,NO,8,0
MCPJ318424-RED,NO,8,0
MCPJ318429-BLU,NO,8,0
DSES118341-NVY,NO,8,0
DSES118329-PUR,NO,8,0
DSES118330-TUR,NO,8,0
DSES118331-BLU,NO,8,0
DSES118345-PUR,NO,8,0
DSES118342-LIL,NO,8,0
6HSSMO34-GSWKHAK,NO,8,0
6HSSMO34-GSWWHSV,NO,8,0
6HSSMO34-HROKHAK,NO,8,0
6HSSMO34-OCTKHAK,NO,8,0
6HSSMO34-OCTWHSV,NO,8,0
6HSSMO34-SASWHGD,NO,8,0
6HSSMO34-SASWHSV,NO,8,0
6HSSTD26-BNEWHBK,NO,8,0
6HSSTD26-GSWWHRY,NO,8,0
6HSSTD04-CBUBKSC,NO,8,0
6HSSTD04-CCACDWH,NO,8,0
6HSSTD04-GSWWHRY,NO,8,0
6HSSTD05-BCEWHGN,NO,8,0
6HSSTD05-BNEBKGY,NO,8,0
6HSSTD05-CBUBKSC,NO,8,0
6HSSTD05-CBUSCBK,NO,8,0
6HSSTD05-CBUWHBK,NO,8,0
6HSSTD05-CBUWHGD,NO,8,0
6HSSTD05-CCACDWH,NO,8,0
6HSSTD05-GSWRYWH,NO,8,0
6HSSTD05-HROWHSC,NO,8,0
6HSSTD05-OCTWHRY,NO,8,0
6HSSTD05-PTBBKSC,NO,8,0
6HSSTD07-BCEWHGN,NO,8,0
6HSSTD07-CBUBKSC,NO,8,0
6HSSTD07-CBUWHSC,NO,8,0
6HSSTD07-CCAWHCD,NO,8,0
6HSSTD07-GSWWHRY,NO,8,0
6HSSTD07-PTBBKSC,NO,8,0
6HSSTD07-SASWHBK,NO,8,0
6HSSTD08-BNEBLCK,NO,8,0
6HSSTD08-BNEWHIT,NO,8,0
6HSSTD08-CBUBLCK,NO,8,0
6HSSTD08-CBUSCAR,NO,8,0
6HSSTD08-CBUWHIT,NO,8,0
6HSSTD08-CCAMARO,NO,8,0
6HSSTD08-CCAWHIT,NO,8,0
6HSSTD08-GSWROYA,NO,8,0
6HSSTD08-GSWWHIT,NO,8,0
6HSSTD08-SASBLCK,NO,8,0
6HSSTD08-SASWHIT,NO,8,0
6HSSTD11-BNEBKGD,NO,8,0
6HSSTD11-CBUBKGD,NO,8,0
6HSSTD11-CBUKHAK,NO,8,0
6HSSTD11-CBUSCAR,NO,8,0
6HSSTD11-CBUWHGD,NO,8,0
6HSSTD11-CBUWHSC,NO,8,0
6HSSTD11-GSWBKRY,NO,8,0
6HSSTD12-BCEKHAK,NO,8,0
6HSSTD12-BNEROYA,NO,8,0
6HSSTD12-CBUKHAK,NO,8,0
6HSSTD13-BCEWHGN,NO,8,0
6HSSTD13-BNEWHBK,NO,8,0
6HSSTD13-CBUSCBK,NO,8,0
6HSSTD13-CBUWHBK,NO,8,0
6HSSTD13-CBUWHNY,NO,8,0
6HSSTD13-CBUWHSC,NO,8,0
6HSSTD13-GSWWHLB,NO,8,0
6HSSTD60-OCTWHIT,NO,8,0
6HSSTD60-SASKHAK,NO,8,0
6HSSTD60-SASWHIT,NO,8,0
6HSSTD37-BNEBLCK,NO,8,0
6HSSTD37-BNEWHIT,NO,8,0
6HSSTD37-CBUBLCK,NO,8,0
6HSSTD37-CBUWHIT,NO,8,0
6HSSTD37-CCAWHIT,NO,8,0
6HSSTD37-GSWBLCK,NO,8,0
6HSSTD37-GSWWHIT,NO,8,0
6HSSTD37-SASBLCK,NO,8,0
6HSSTD37-SASWHIT,NO,8,0
6HSSTD63-SASBLCK,NO,8,0
6HSSTD63-CBUSCAR,NO,8,0
6HSSTD63-CCAMARO,NO,8,0
6HSSTD63-GSWROYA,NO,8,0
6HSSBLUE-GSWBA52,NO,8,0
6HSSSILV-BNEBA51,NO,8,0
6HSSWHIT-CBUBA51,NO,8,0
6HSSWHIT-GSWBA51,NO,8,0
BH78CM-LAL-L-I0W,NO,8,0
BH78CN-MBU-E-G9A,NO,8,0
B-BSRNR02GWS-NY,NO,8,0
B-BSRNR02GWS-RD,NO,8,0
B-BSRNR06GWS-BK,NO,8,0
B-BSRNR17GWS-BK,NO,8,0
B-BSRNR17GWS-NY,NO,8,0
B-BSRNR20GWS-BK,NO,8,0
B-BSRNR26GWS-RY,NO,8,0
B-MTCLU02GWS-BK,NO,8,0
B-RGW17GWS-NY,NO,8,0
B-RGW17GWS-WHC,NO,8,0
B-RGW02GWSNL-BKG,NO,8,0
B-RGW12GWSNL-KHA,NO,8,0
6HSSMK82-CBUBLCK,NO,8,0
6HSSMK82-CBUSCAR,NO,8,0
B-RGW17GWSNL-MA,NO,8,0
B-ABATE05GWS-WH,NO,8,0
B-ABATE17GWS-WH,NO,8,0
B-RGW26GWS-RDA,NO,8,0
B-RGW26GWS-SM,NO,8,0
B-MVP17WBV-WHD,NO,8,0
B-MVPSP02WBP-BKA,NO,8,0
B-MVPSP17WBP-BKC,NO,8,0
B-MVPSP17WBP-WEA,NO,8,0
B-MVP17WBV-LN,NO,8,0
B-MVP17WBV-RZ,NO,8,0
B-MPDTP02WBP-HM,NO,8,0
B-MPDTP17WBP-BK,NO,8,0
B-MPDTP17WBP-CA,NO,8,0
B-RGW17GWSNL-GYC,NO,8,0
B-ICE02GWS-NYC,NO,8,0
B-RGW07GWSNL-BKB,NO,8,0
B-MVPSP01WBP-BK,NO,8,0
B-MVPSP12WBP-BKC,NO,8,0
B-RGW17GWS-KMC,NO,8,0
B-RGW17GWSNL-KM,NO,8,0
B-RGW17GWSNL-TB,NO,8,0
B-MVPSP20WBP-WE,NO,8,0
B-RGW17GWS-NYS,NO,8,0
B-RGW17GWSNL-BKO,NO,8,0
6HSSTD79-CBUWHSC,NO,8,0
6HSSTD79-CBURYWH,NO,8,0
6HSSTD79-CBUBKSC,NO,8,0
6HSSMO03-SASBKSV,NO,8,0
6HSSMO03-SASWHGD,NO,8,0
6HSSMO03-SASWHSV,NO,8,0
6HSSTD13-GSWWHRY,NO,8,0
6HSSTD14-BCEKGWH,NO,8,0
6HSSTD14-BCEWHGN,NO,8,0
6HSSTD14-CBUBKWH,NO,8,0
6HSSTD14-CBUKHAK,NO,8,0
6HSSTD14-CBUWHBK,NO,8,0
6HSSTD14-CBUWHRY,NO,8,0
6HSSTD14-CBUWHSC,NO,8,0
6HSSTD65-BNEBKGD,NO,8,0
6HSSTD65-CBUKHAK,NO,8,0
6HSSTD65-CCAKHAK,NO,8,0
6HSSTD65-GSWKHAK,NO,8,0
6HSSMK88-CCABKGD,NO,8,0
6HSSBLCK-SASBA51,NO,8,0
6HSSGREN-BCEBA51,NO,8,0
6HSSBLCK-CHOBA51,NO,8,0
6HSSBLCK-CCABA51,NO,8,0
6HSSBLCK-HROBA51,NO,8,0
6HSSGREN-BCEBA152,NO,8,0
6HSSSILV-CBUBA52,NO,8,0
6HSSWHIT-SASBA51,NO,8,0
6HSSGREN-BCEBA52,NO,8,0
6HSSBLUE-CCABA52,NO,8,0
6HSSRED1-AHABA52,NO,8,0
6HSSBLCK-BNEBA51,NO,8,0
6HSSRED1-HROBA52,NO,8,0
6HSSRED1-P76BA52,NO,8,0
6HSSTD51-BNEGREY,NO,8,0
6HSSTD51-CBURED1,NO,8,0
6HSSTD51-HROWHIT,NO,8,0
6HSSTD51-OCTWHIT,NO,8,0
6HSSTD67-BNEWHIT,NO,8,0
6HSSTD67-HROBLCK,NO,8,0
6HSSTD67-HROWHIT,NO,8,0
6HSSTD79-CCABLCK,NO,8,0
6HSSRED1-ASEMO23,NO,8,0
6HSSBLCK-ASEMO23,NO,8,0
6HSSMO03-BNEBKGD,NO,8,0
6HSSMO03-BNEBKSV,NO,8,0
6HSSMO03-BNEWHGD,NO,8,0
6HSSTD51-BNEBLCK,NO,8,0
6HSSTD51-CCAMARO,NO,8,0
6HSSMO03-BNEWHSV,NO,8,0
6HSSMO03-CBUBKGD,NO,8,0
6HSSMO03-CBUBKSV,NO,8,0
6HSSMO03-CBUWHGD,NO,8,0
6HSSMO03-CBUWHSV,NO,8,0
6HSSMO03-CHOBKSV,NO,8,0
6HSSMO03-CHOWHGD,NO,8,0
6HSSMO03-CHOWHSV,NO,8,0
6HSSMO03-GSWWHGD,NO,8,0
6HSSMO03-GSWWHSV,NO,8,0
6HSSMO03-SASBKGD,NO,8,0
6HSSTD51-CHOHRBL,NO,8,0
6HSSTD51-CHOWHIT,NO,8,0
6HSSMO04-BNEWHBK,NO,8,0
6HSSMO04-CBUSCBK,NO,8,0
6HSSMO04-CBUWHSC,NO,8,0
6HSSMO04-GSWWHRY,NO,8,0
6HSSTD79-HROBKSC,NO,8,0
BCPTN-ST18WBP-BK54,NO,8,0
BCPTN-WO19PNP-RD70,NO,8,0
6HSSTD79-SASBLCK,NO,8,0
MNFF07-BLK,NO,8,0
DSCS118301-NVY,NO,8,0
UMCP5AL02-NVY,NO,8,0
UMSOTG02-WHT,NO,8,0
UMSOTG02-BLK,NO,8,0
UMSOTG01-NVY,NO,8,0
UMSOTG01-BLK,NO,8,0
UMSH5AL03-BLK,NO,8,0
MK90SB18404,NO,8,0
UMJS5AL04-PNK,NO,8,0
UMJS5JM05-GRN,NO,8,0
UMJS5JM03-YEL,NO,8,0
UMJK5JM01-BLK,NO,8,0
UMJS5JM05-PNK,NO,8,0
UMJS5JM05-ORG,NO,8,0
UMJS5JM05-MNT,NO,8,0
UMSH5JM04-GRN,NO,8,0
UMSH5JM04-PNK,NO,8,0
UMSH5JM04-ORG,NO,8,0
UMSH5JM04-MNT,NO,8,0
UMPT5JM03-BLK,NO,8,0
UMJK6JM04-BLK,NO,8,0
UMJS5JM04-BLK,NO,8,0
UMJS6JM04-BLK,NO,8,0
UMSL5JM01-GRN,NO,8,0
UMSL6JM01-GRN,NO,8,0
DSES118335-PNK,NO,8,0
DSES118337-BLU,NO,8,0
MNFF04-BLK,NO,8,0
MNFF06-RED,NO,8,0
DSSK118322-GRY,NO,8,0
DSES118324-BLU,NO,8,0
DSES118339-BLU,NO,8,0
DSES118326-GRY,NO,8,0
DSES118340-BLU,NO,8,0
UMSO317207-NVY,NO,8,0
UMSO317206-ROY,NO,8,0
UMSO317205-WHT,NO,8,0
UMSO317204-BLK,NO,8,0
UMSO317203-GRN,NO,8,0
UMSO317202-RED,NO,8,0
UMSO517207-NVY,NO,8,0
UMSO517206-ROY,NO,8,0
UMSO517204-BLK,NO,8,0
UMSO517203-GRN,NO,8,0
UMPT5TG01-BLK,NO,8,0
UMJK5TG02-BLK,NO,8,0
BH71UY-CBU-R-9SQ,NO,8,0
BH71W1-CBU-B-9TQ,NO,8,0
6HSSTD92-ASEKHAK,NO,8,0
BH78D0-CBU-K-G9N,NO,8,0
BH78D0-LAL-K-I71,NO,8,0
6HSSTD92-ASEMARO,NO,8,0
BH71W4-DNU-B-9TT,NO,8,0
BH71W5-DPI-B-9TU,NO,8,0
6HSSTD92-ASEROYA,NO,8,0
6HSSTD92-ASEWHIT,NO,8,0
6HSSTD92-ASWRED1,NO,8,0
6HSSTD97-CBUBLCK,NO,8,0
6HSSTD99-CBUBLCK,NO,8,0
6HSSTD99-CBURED1,NO,8,0
6HSSTD01-BNEBLCK,NO,8,0
6HSSTD01-CCAMARO,NO,8,0
6HSSTD01-GSWROYA,NO,8,0
6HSSTD01-HRORED1,NO,8,0
6HSSTD01-OCTROYA,NO,8,0
6HSSTD01-PTBRED1,NO,8,0
6HSSTD07-CBUWHIT,NO,8,0
6HSSTD07-CCAWHIT,NO,8,0
6HSSTD07-GSWWHIT,NO,8,0
6HSSTD07-SASWHIT,NO,8,0
6HSSTD11-BNEWHIT,NO,8,0
6HSSTD11-CBURED1,NO,8,0
6HSSTD11-CCAWHIT,NO,8,0
6HSSTD11-GSWWHIT,NO,8,0
6HSSWHIT-ASEMO23,NO,8,0
B-MVP17WBV-RD,NO,8,0
BH7231-LAL-2T-816,NO,8,0
BH7242-GSW-K-827,NO,8,0
B-MVP12WBV-HM,NO,8,0
B-RGW22GWS-BK,NO,8,0
B-RGW22GWS-B,NO,8,0
6HSSBLCK-IPABA51,NO,8,0
6HSSBLCK-LALBA51,NO,8,0
6HSSPURP-MBUBA52,NO,8,0
6HSSPURP-TRABA52,NO,8,0
507VZ-FAS-5LAKER,NO,8,0
631VZ-TPC-5BULLS,NO,8,0
BH78AQ-CBU-K-G7J,NO,8,0
BH78CY-CBU-R-G9L,NO,8,0
NZS76-005-5BULLS,NO,8,0
BH781E-GSW-2T-FZ7,NO,8,0
BH79WJ-CBU-W-M44,NO,8,0
NZX14-005-5BULLS,NO,8,0
NZX56-177-5BULLS,NO,8,0
VE33Z-013-5BNETS,NO,8,0
VE33Z-MTC-5BNETS,NO,8,0
NZT14-TPC-5BNETS,NO,8,0
BH72P6-CCA-7-AHE,NO,8,0
BH72QX-BNE-Z-AIZ,NO,8,0
RMJS318406-NVY,NO,8,0
BH72QZ-CBU-Z-AJ1,NO,8,0
BH72R3-DPI-Z-AJ5,NO,8,0
BH72RN-SKI-Z-AJM,NO,8,0
BH72RW-CBU-R-AJV,NO,8,0
BH72ST-CBU-B-AKP,NO,8,0
BH72SX-DPI-B-AKT,NO,8,0
BH72SY-GSW-B-AKU,NO,8,0
BH7352-BNE-2T-937,NO,8,0
BH7353-CBU-2T-938,NO,8,0
BH7354-CBU-2T-939,NO,8,0
BH7375-BNE-E-960,NO,8,0
BH7378-CCA-E-963,NO,8,0
BH7379-GSW-E-964,NO,8,0
BH7395-SFW-E-980,NO,8,0
FSC-RMBK-S,NO,8,0
BH73MZ-DPI-K-B9B,NO,8,0
BH73TF-DPI-K-BF6,NO,8,0
6HSSTD97-CBUWHIT,NO,8,0
6HSSMO34-HROWHSV,NO,8,0
6HSSMO67-CHOHRPR,NO,8,0
11NNZ-MTCA-5KNICK,NO,8,0
BH79QH-DPI-T-LYJ,NO,8,0
11MAZ-013-5LAKER,NO,8,0
11MAZ-013-5KNICK,NO,8,0
BH78RL-LAL-L-MHG,NO,8,0
BH78RN-CBU-K1-GUQ,NO,8,0
BH78RM-CBU-K-GUP,NO,8,0
BH78CN-SAS-K-I1J,NO,8,0
BH78CN-TRA-L-I1M,NO,8,0
BH7A34-CBU-R-MMM,NO,8,0
BH78RF-LAL-L-LD0,NO,8,0
11M9Z-013-5LAKER,NO,8,0
BH79QM-SSU-E-LYO,NO,8,0
BH72P5-CBU-R-AHD,NO,8,0
BH72PH-LAL-L-AHM,NO,8,0
BH77S4-LAL-L-FO8,NO,8,0
NM04Z-WTE-5KINGS,NO,8,0
BH7A35-CBU-K-MMN,NO,8,0
RMJS518406-BLK,NO,8,0
RMJS518406-NVY,NO,8,0
RMJS518406-WHT,NO,8,0
RMJS318406-BLK,NO,8,0
RMJS318406-WHT,NO,8,0
TSE-RMBK-L,NO,8,0
FSC-RMBK-L,NO,8,0
FSC-GEBK-L,NO,8,0
BHC-UMBK-S,NO,8,0
BHS-UMBK-S,NO,8,0
SHC-UMBK-S,NO,8,0
SHS-UMBK-S,NO,8,0
HHC-UMBK-S,NO,8,0
BH78AU-SAS-T-HK2,NO,8,0
COB-UMBK-L,NO,8,0
BH78BE-BCE-K-HPE,NO,8,0
WPA-UMBK-S,NO,8,0
WPA-RMBK-S,NO,8,0
WPA-BABK-S,NO,8,0
WPA-GEBK-S,NO,8,0
FDI-RMBK-S,NO,8,0
MHE-RMBK-S,NO,8,0
BAS-UMBK-L,NO,8,0
BAS-RMBK-L,NO,8,0
HX-TB-YP003,NO,8,0
HX-TB-6SM052,NO,8,0
HX-TB-46SM001,NO,8,0
MTH-UM-BK,NO,8,0
MBH-UM-BK,NO,8,0
MTH-GE-BK,NO,8,0
MBH-GE-BK,NO,8,0
KTH-GE-BK,NO,8,0
6HSSBLCK-CHOMM74,NO,8,0
6HSSBLCK-GSWMM74,NO,8,0
KBH-GE-BK,NO,8,0
FLE-UMBK-S,NO,8,0
6HSSBLCK-CBUBA18,NO,8,0
BH78AU-HRO-B-HJV,NO,8,0
BH78BE-BNE-K-HPF,NO,8,0
BH78BE-CBU-K-G84,NO,8,0
BH78BE-CHO-T-HPG,NO,8,0
BH78RI-CHO-L-LFR,NO,8,0
BH78RI-LAL-K-LFF,NO,8,0
BH78RI-VGR-K-LG5,NO,8,0
BH78RK-CBU-R-MG8,NO,8,0
BH79WN-NYK-W-M48,NO,8,0
BH77S5-MHE-R-FO9,NO,8,0
BH77SI-BCE-Z-FOJ,NO,8,0
BH77SJ-BNE-Z-FOK,NO,8,0
BH77SL-CCA-Z-FOM,NO,8,0
BH77SN-GSW-Z-FOO,NO,8,0
BH77SP-LAL-Z-FOQ,NO,8,0
BH77SQ-MHE-Z-FOR,NO,8,0
BH77SS-NYK-Z-FOT,NO,8,0
BH780V-GSW-2T-FZ1,NO,8,0
BH781G-VGR-2T-FZ9,NO,8,0
BH78HD-MGR-K-GG0,NO,8,0
BH78HH-NOP-K-GG4,NO,8,0
BH78HK-OCT-K-GG7,NO,8,0
BH78HL-OCT-K-GG8,NO,8,0
BH78I5-CCA-B-GGS,NO,8,0
BH78IY-CHO-K-GHI,NO,8,0
BH78IZ-GSW-K-GHJ,NO,8,0
BH78J3-MHE-K-GHN,NO,8,0
BH78J8-SAS-K-GHS,NO,8,0
BH78RD-CBU-B-GUG,NO,8,0
BH78RF-MHE-K-LDG,NO,8,0
BH78RG-CBU-K-GUJ,NO,8,0
BH78RO-CBU-R-GUR,NO,8,0
BH78RO-TRA-R-MK3,NO,8,0
BH78ZF-NYE-B-J2W,NO,8,0
BH797Z-SSU-K-L82,NO,8,0
BH7A3N-LAL-W-MN6,NO,8,0
BH7A6X-WWI-C-MSX,NO,8,0
BH7A7Y-P76-W-MTU,NO,8,0
MH2844-MNN-K-8S9,NO,8,0
MH72Z3-MNN-2T-AQH,NO,8,0
MH72Z4-MNN-7-AQI,NO,8,0
MH72Z5-MNN-K-AQJ,NO,8,0
MH72Z6-MNN-G-AQK,NO,8,0
MH72ZD-MNN-G-AQO,NO,8,0
NL99ZTSC5TRAIL,NO,8,0
NZ979TSC5PISTO,NO,8,0
BH73R2-CBU-K-BD2,NO,8,0
BH73R6-DPI-K-BD6,NO,8,0
NT78Z0055BNETS,NO,8,0
BH78AQ-AHA-K-HHT,NO,8,0
BH78B5-CBU-R-G7Y,NO,8,0
BH78D0-BCE-K-I6V,NO,8,0
BH78D0-BNE-K-I6W,NO,8,0
BH78D0-CHO-K-I6X,NO,8,0
BH78D0-HRO-K-I70,NO,8,0
BH78F3-CBU-K-GBA,NO,8,0
NJ16ZMTC5BULLS,NO,8,0
NJ16ZMTC5NNETS,NO,8,0
NJ16ZMTC5VGRIZ,NO,8,0
NL15ZTPC5BULLS,NO,8,0
NL99ZTPC5BNETS,NO,8,0
NL99ZTPC5CAVAL,NO,8,0
NL99ZTPC5HEAT,NO,8,0
NL99ZTPC5RAPTO,NO,8,0
NL99ZTSC5HEAT,NO,8,0
NL99ZTSC5KNICK,NO,8,0
NM04ZMTC5BNETS,NO,8,0
NM04ZMTC5BULLS,NO,8,0
NM04ZMTC5CAVAL,NO,8,0
NM04ZMTC5HEAT,NO,8,0
NM04ZMTC5RAPTO,NO,8,0
NM04ZWTE5BNETS,NO,8,0
NM04ZWTE5CAVAL,NO,8,0
NM04ZWTE5HEAT,NO,8,0
NT78ZTPC5BNETS,NO,8,0
NT78ZTPC5BULLS,NO,8,0
SH793E-LAG-B-JBH,NO,8,0
BH72ON-MBU-E-AGV,NO,8,0
BH72OO-MTI-B-AGW,NO,8,0
BH72OQ-NYK-B-AGY,NO,8,0
BH7344-CCA-2T-929,NO,8,0
BH7347-SSU-2T-932,NO,8,0
BH75T7-GSW-K-D3M,NO,8,0
BH75YT-GSW-G-DO8,NO,8,0
BH75YU-GSW-B-DO9,NO,8,0
BH77QS-NOP-2T-FMZ,NO,8,0
BH780Z-SAS-2T-FZ5,NO,8,0
BH781O-LAL-D-FZH,NO,8,0
BH78IH-OCT-B-GH1,NO,8,0
BH78KK-OCT-Y-GIY,NO,8,0
BH78TY-GSW-K-GWY,NO,8,0
BH7A5T-IPA-A-NH9,NO,8,0
SH73ZM-AUN-K-BKV,NO,8,0
MH77JM-MNN-W-FFD,NO,8,0
6HSSBLCK-CBUBA50,NO,8,0
6HSSBLCK-LALMM33,NO,8,0
6HSSBLCK-P76MM57,NO,8,0
BH78BS-BCE-E-HTO,NO,8,0
BH78BS-CBU-K-HTQ,NO,8,0
BH78BS-NYK-B-HTW,NO,8,0
BH78BS-P76-K-HTY,NO,8,0
BH78BS-SSU-E-HU1,NO,8,0
BH78F9-BNE-K-IVW,NO,8,0
BH78F9-P76-B-IW7,NO,8,0
BH7AF2-CBU-K-N53,NO,8,0
BH7AF2-HRO-K-NIU,NO,8,0
BH7AF2-LAL-K-NIV,NO,8,0
BH7AF3-GSW-K-NJ0,NO,8,0
BH7AF3-LAL-K-NJ2,NO,8,0
BH7AF3-OMA-K-NJ4,NO,8,0
BH7AF3-SAS-K-NPF,NO,8,0
BH7AF4-CBU-K-N55,NO,8,0
6HSSBLCK-CHOMM90,NO,8,0
6HSSBLCK-LALMM74,NO,8,0
6HSSBLCK-MHEMM13,NO,8,0
6HSSBLCK-P76MM74,NO,8,0
6HSSBLCK-TRAMM74,NO,8,0
6HSSBLCK-TRAMM90,NO,8,0
6HSSBLCK-VGRMM90,NO,8,0
6HSSMM46-AHAWHIT,NO,8,0
6HSSMM46-BCEWHIT,NO,8,0
6HSSMM46-CBURED1,NO,8,0
6HSSMM46-CBUWHIT,NO,8,0
6HSSMM46-HROWHIT,NO,8,0
6HSSMM46-LALWHIT,NO,8,0
6HSSMM46-MTIWHIT,NO,8,0
6HSSMM89-CBUBLCK,NO,8,0
BH78CT-BNE-K-I42,NO,8,0
BH78CT-LAL-L-I47,NO,8,0
BH78DX-LAL-G-IIC,NO,8,0
6HSSBA86-CBUWHIT,NO,8,0
6HSSBA87-CBUWHIT,NO,8,0
6HSSMM86-CBUBLCK,NO,8,0
6HSSMM45-CBUBROW,NO,8,0
6HSSBLCK-CBUMM54,NO,8,0
6HSSBLCK-SASMM51,NO,8,0
6HSSBLCK-MHEBA51,NO,8,0
BH78RO-BCE-E-MJP,NO,8,0
BH79F5-LAL-R-LJO,NO,8,0
11NNZ-MTC-5KNICK,NO,8,0
VK66Z-040-5BULLS,NO,8,0
6HSSRED1-CBUBA17,NO,8,0
BH78CX-CBU-R-I5J,NO,8,0
SWSB3184037-BLK,NO,8,0
BH78BE-GSW-B-HPI,NO,8,0
BH78BE-OCT-B-HPP,NO,8,0
BH78BE-P76-B-HPQ,NO,8,0
BH78OU-MHE-K-J1R,NO,8,0
BH78OU-WWI-K-J1Y,NO,8,0
BH78PQ-AHA-K-J1Z,NO,8,0
BH78PQ-CBU-K-J23,NO,8,0
BH78PQ-SAS-K-J2C,NO,8,0
BH78BE-AHA-K-HPD,NO,8,0
BH78BF-DPI-T-N6Y,NO,8,0
BH78BF-MHE-7-HQ1,NO,8,0
BH78D5-NOJ-K-I8X,NO,8,0
BH7A48-BCE-E-MYV,NO,8,0
6HSSBLCK-BNEMM74,NO,8,0
6HSSBLCK-CBUMM74,NO,8,0
BH7A48-HRO-R-MYW,NO,8,0
6HSSBLCK-HROMM13,NO,8,0
6HSSBLCK-SASMM13,NO,8,0
BH7A48-LAL-L-MYX,NO,8,0
6HSSBLCK-SASMM74,NO,8,0
6HSSRED1-CBUMM74,NO,8,0
BH78AU-CHO-L-HJS,NO,8,0
6HSSWHIT-CBUMM13,NO,8,0
6HSSBLCK-CBUMM13,NO,8,0
6HSSBLCK-CHOMM91,NO,8,0
6HSSBLCK-GSWMM17,NO,8,0
6HSSBLCK-HROMM91,NO,8,0
6HSSBLCK-OMAMM91,NO,8,0
6HSSBLCK-P76MM17,NO,8,0
6HSSBLCK-P76MM91,NO,8,0
6HSSBLCK-SASMM91,NO,8,0
6HSSBLCK-TRAMM91,NO,8,0
6HSSBLCK-VGRMM91,NO,8,0
6HSSRED1-CBUMM17,NO,8,0
BH78DD-NOP-K-IBB,NO,8,0
BH78DE-SAS-K-IBV,NO,8,0
BH78DH-HRO-R-ICN,NO,8,0
6HSSMO08-BNEWHIT,NO,8,0
6HSSMO08-CBUBLCK,NO,8,0
6HSSMO08-CBURED1,NO,8,0
6HSSMO08-CBUWHIT,NO,8,0
6HSSMO08-GSWBLCK,NO,8,0
6HSSMO08-GSWROYA,NO,8,0
6HSSMM56-LALBLCK,NO,8,0
6HSSMM46-GSWWHIT,NO,8,0
6HSSMM89-CBUWHIT,NO,8,0
6HSSMM33-CBUWHIT,NO,8,0
6HSSNG63-NBABLCK,NO,8,0
6LUSNG65-NBABLCK,NO,8,0
6LUSNG66-NBAWHIT,NO,8,0
6HSSBLCK-BNEMM51,NO,8,0
6HSSBLCK-CBUMM51,NO,8,0
6HSSBLCK-CBUMM48,NO,8,0
6HSSBLCK-CBUMM57,NO,8,0
6HSSBLCK-LALMM48,NO,8,0
6HSSRED1-CBUBA13,NO,8,0
6HSSRED1-CBUBA53,NO,8,0
6HSSRED1-CBUMM51,NO,8,0
6HSSRED1-CBUMM48,NO,8,0
6HSSRED1-HROMM51,NO,8,0
BH78BE-HRO-R-HPJ,NO,8,0
BH78BF-BCE-E-HPW,NO,8,0
BH78BF-CCA-7-HPZ,NO,8,0
BH78BF-TRA-L-HQA,NO,8,0
6HSSBLCK-NYKMM74,NO,8,0
BH7A48-CCA-B-MYU,NO,8,0
NT78ZTPC5CAVAL,NO,8,0
NT78ZTPC5HEAT,NO,8,0
NT78ZTSC5BULLS,NO,8,0
NT78ZTSC5HEAT,NO,8,0
NT78ZTSC5KNICK,NO,8,0
NZ979TPC5BULLS,NO,8,0
NZ979TPC5HEAT,NO,8,0
NZ979TPC5NNETS,NO,8,0
NZ979TSC5BULLS,NO,8,0
NZ979TSC5KNICK,NO,8,0
6HSSBLCK-BNEMM13,NO,8,0
6HSSBLCK-CCAMM13,NO,8,0
6HSSBLCK-CCAMM74,NO,8,0
6HSSMO08-SASBLCK,NO,8,0
6HSSMO08-SASWHIT,NO,8,0
6HSSMO09-LALBLCK,NO,8,0
6HSSMO10-BCEKYGN,NO,8,0
6HSSMO10-BCEWHIT,NO,8,0
BH78DI-HRO-R-ID4,NO,8,0
BH78FL-P76-R-IZ1,NO,8,0
BH78FL-WWI-B-IZ4,NO,8,0
6HSSMO08-GSWWHRY,NO,8,0
6HSSMO08-GSWWHSV,NO,8,0
6HSSMO08-HROWHIT,NO,8,0
6HSSMO08-LALBKGD,NO,8,0
6HSSMO08-LALGOLD,NO,8,0
6HSSMO08-LALPURP,NO,8,0
6HSSMO08-LALWHIT,NO,8,0
6HSSMO08-LALWHPR,NO,8,0
6HSSMO10-HRORED1,NO,8,0
6HSSMO11-BCEKYGN,NO,8,0
6HSSMO11-BCEWHIT,NO,8,0
6HSSMO11-P76BLCK,NO,8,0
6HSSMO11-P76KHAK,NO,8,0
6HSSMO11-P76WHIT,NO,8,0
6HSSMO58-CLBBKRD,NO,8,0
6HSSMO58-CLBSCBK,NO,8,0
6HSSMO59-CLBCRSC,NO,8,0
6HSSMO59-CLBNYWH,NO,8,0
6HSSMO59-CLBSCBK,NO,8,0
6HSSMO60-CLBBLCK,NO,8,0
6HSSMO60-CLBWHIT,NO,8,0
6HSSMO60-CLBWHRY,NO,8,0
6HSSMO61-CLBRYWH,NO,8,0
6HSSMO61-CLBWHRY,NO,8,0
6HSSMO62-CLBRYWH,NO,8,0
6HSSMO63-CLBWHNY,NO,8,0
6HSSBLCK-CBUMM91,NO,8,0
6HSSMM90-CBUBLCK,NO,8,0
6HSSMM90-BCEBLCK,NO,8,0
6HSSMM90-LALBLCK,NO,8,0
BH78DX-CBU-G-GAH,NO,8,0
6HSSWHIT-BCENN49,NO,8,0
6HSSBLCK-CBUMO00,NO,8,0
6HSSTEAL-CHOBA52,NO,8,0
6HSSWHIT-CBUTD07,NO,8,0
BH7117-LAL-L-NL2,NO,8,0
6HSSMM37-CBURED1,NO,8,0
7HSSBA88-CBUBLCK,NO,8,0
VZ11Z0045BULLS,NO,8,0
6HSSMM22-CBUBLCK,NO,8,0
6HSSKJ43-CBUBKSC,NO,8,0
6HSSTD79-CBUROYA,NO,8,0
6HSSTD79-LALROYA,NO,8,0
6HSSMO64-CBUBKRD,NO,8,0
6HSSMO64-CBUSCWH,NO,8,0
6HSSMO64-CBUWHRD,NO,8,0
BH7A4F-LAL-L-MZC,NO,8,0
BH7AEZ-CBU-R-N4Z,NO,8,0
BH7AEZ-SAS-G-NOR,NO,8,0
BH7AEK-BCE-K-N3W,NO,8,0
6HSSRED1-VGRBA39,NO,8,0
6HSSRED1-CHOBA39,NO,8,0
BH7AEO-GSW-K-N40,NO,8,0
BH7AEI-CBU-K-N3U,NO,8,0
BH78PG-DPI-K-NGS,NO,8,0
BH78PG-BCE-K-NGN,NO,8,0
BH78PG-GSW-K-NGR,NO,8,0
BH78PG-P76-K-NGQ,NO,8,0
6HSSRED1-BCEBA39,NO,8,0
BH7A4F-BCE-E-MZA,NO,8,0
BH7A4F-GSW-B-MZD,NO,8,0
BH78OU-CCA-K-J1M,NO,8,0
BH7AEZ-P76-R-NF0,NO,8,0
6HSSNAVY-CCAMM51,NO,8,0
6HSSKJ01-MNNBKWH,NO,8,0
6HSSKJ01-MNNRYWH,NO,8,0
6HSSKJ01-MNNSCWH,NO,8,0
6HSSMO17-CBUWHNY,NO,8,0
6HSSMO33-CBUBKGD,NO,8,0
6HSSMO33-CBUBKRD,NO,8,0
6HSSTD56-CBUWHSC,NO,8,0
6HSSKJ26-CBUWHRY,NO,8,0
6HSSKJ26-CBUWHSC,NO,8,0
BH7A49-GSW-K-MZ3,NO,8,0
BH7A49-HRO-K-MZ1,NO,8,0
BH7A49-LAL-K-MZ2,NO,8,0
MH78DK-MNN-R-GA4,NO,8,0
BH7100-CBU-K-8FO,NO,8,0
BH7105-BCE-W-8YL,NO,8,0
BH7109-NYK-B-8YQ,NO,8,0
BH7116-GSW-B-8DP,NO,8,0
BH7358-LAL-2T-943,NO,8,0
BH7359-MGR-2T-944,NO,8,0
BH75WS-ASG-B-DLW,NO,8,0
BH77Q6-LAL-2T-FMG,NO,8,0
BH77Q9-SAS-2T-FMJ,NO,8,0
BH77Q0-AHA-2T-FMA,NO,8,0
BH78RO-CBU-R-MJR,NO,8,0
BH77QE-GSW-2T-FML,NO,8,0
BH77SO-HRO-Z-FOP,NO,8,0
6HSSMM22-CHOBLCK,NO,8,0
6HSSMM56-CHOBLCK,NO,8,0
BH78UU-DNU-B2-GXR,NO,8,0
6HSSMM62-AHARED1,NO,8,0
6HSSMM62-CCAMARO,NO,8,0
BH795E-NYK-K-L3N,NO,8,0
6HSSMM90-HROBLCK,NO,8,0
BH78BS-AHA-R-HTM,NO,8,0
MH72ZG-MNN-B-AQR,NO,8,0
6HSSMM96-HRORED1,NO,8,0
6HSSMM96-MBUGREN,NO,8,0
MH75Z6-MNN-K1-DOV,NO,8,0
6HSSMM96-P76RED1,NO,8,0
6HSSMM96-TRAPURP,NO,8,0
BH78FD-SAS-T-IWO,NO,8,0
6HSSMM55-CBUBLCK,NO,8,0
6HSSMM55-HROBLCK,NO,8,0
6HSSMM56-CBUBLCK,NO,8,0
6HSSMM56-HROBLCK,NO,8,0
6HSSMM62-BCEGREN,NO,8,0
6HSSMM62-CBUBLCK,NO,8,0
6HSSMM62-GSWROYA,NO,8,0
6HSSMM62-OMABLUE,NO,8,0
6HSSMO64-GSWWHRY,NO,8,0
6HSSMO64-LALBKGD,NO,8,0
6HSSMO64-LALPRWH,NO,8,0
6HSSKJ99-CBUBKRD,NO,8,0
6HSSKJ99-CBUBKWH,NO,8,0
6HSSKJ99-CBUBKYW,NO,8,0
6HSSKJ99-CBUBLCK,NO,8,0
6HSSKJ99-CBUORWH,NO,8,0
6HSSKJ99-CBUSCWH,NO,8,0
6HSSKJ99-CCAMARO,NO,8,0
6HSSTD61-CBUWHIT,NO,8,0
6HSSTD61-GSWWHIT,NO,8,0
6HSSTD61-SASWHIT,NO,8,0
6HSSKJ24-BNEWHIT,NO,8,0
6HSSKJ24-CBUBKSC,NO,8,0
6HSSKJ24-CBUWHBK,NO,8,0
6HSSKJ64-BNEGYBK,NO,8,0
6HSSKJ64-GSWRYWH,NO,8,0
6HSSKJ64-GSWWHRY,NO,8,0
6HSSKJ64-LALBKPK,NO,8,0
6HSSKJ64-LALGDPR,NO,8,0
6HSSKJ64-LALPRGD,NO,8,0
6HSSKJ64-PTBBKRD,NO,8,0
6HSSKJ65-CBUBKRD,NO,8,0
6HSSKJ65-CBUBKYW,NO,8,0
6HSSKJ65-CBUBLCK,NO,8,0
6HSSKJ66-AHASCWH,NO,8,0
6HSSKJ77-CBUSCBK,NO,8,0
6HSSKJ77-CBUWHBK,NO,8,0
6HSSKJ77-CBUWHCD,NO,8,0
6HSSKJ77-CBUWHIT,NO,8,0
6HSSKJ77-CBUWHSC,NO,8,0
6HSSMO18-BCEWHIT,NO,8,0
6HSSMO18-BNEWHBK,NO,8,0
6HSSMO18-CBURDBK,NO,8,0
6HSSMO18-CBUSCWH,NO,8,0
6HSSMO18-CBUWHBK,NO,8,0
6HSSMO18-LALGDPR,NO,8,0
6HSSGOLD-LALTD25,NO,8,0
6HSSGREN-BCETD25,NO,8,0
6HSSKJ54-VGRTEAL,NO,8,0
6HSSKJ24-HROWHIT,NO,8,0
6HSSTD22-LALPRBK,NO,8,0
6HSSRED1-CBUKJ09,NO,8,0
UM18501-GRN,NO,8,0
UM18501-ORG,NO,8,0
UM18501-RED,NO,8,0
UMSH5TG01-NVY,NO,8,0
UMSH5TG01-BLK,NO,8,0
UMSH5TG04-BLK,NO,8,0
UMSH5TG04-WHT,NO,8,0
UMSH5TG04-NVY,NO,8,0
UMPT5TG01-NVY,NO,8,0
AVSB518406-BLK,NO,8,0
AVSB518401-BLK,NO,8,0
AVSB518402-BLK,NO,8,0
AVSB518403-BLK,NO,8,0
SPSB518405-NVY,NO,8,0
AVSB318202-NVY,NO,8,0
UMSH5AL01B-WHT,NO,8,0
UMSH5AL01A-WHT,NO,8,0
UMSH5AL02A-BLU,NO,8,0
UMSH5AL02B-BLU,NO,8,0
UMJS6AL01-WHT,NO,8,0
UMJS6AL02-BLU,NO,8,0
MK90S218405,NO,8,0
MCBR0161T001,NO,8,0
TSE-UMBK-L,NO,8,0
FSC-BABK-S,NO,8,0
FSC-UMBK-L,NO,8,0
FSC-BABK-L,NO,8,0
SHO-UMBK-S,NO,8,0
HBD-UMBK-L,NO,8,0
DSCS118348-BLU,NO,8,0
DSCS118347-PNK,NO,8,0
UMSOTG01-RED,NO,8,0
UMSOTG01-YEL,NO,8,0
UMJKTG03-LGR,NO,8,0
UMJKTG03-FUC,NO,8,0
UMJKTG03-AQU,NO,8,0
UMJKTG03-ORG,NO,8,0
UMSOTG01-ROY,NO,8,0
UMSOTG01-WHT,NO,8,0
MLPJK419101-NVY,NO,8,0
MLPJK419102-GRY,NO,8,0
PRUEBA1,NO,8,0
PRUEBA2,NO,8,0
PRUEBA3,NO,8,0
PRUEBA4,NO,8,0
TSE-BABK-L,NO,8,0
BEN-UMBK-S,NO,8,0
FSC-UMBK-S,NO,8,0
MLPPJ419111-LIL,NO,8,0
MLPPJ419114-LBL,NO,8,0
MLPTS419103-WHT,NO,8,0
UMSHR5JM01-WHT,NO,8,0
UMSHR6JM01-WHT,NO,8,0
UMJS519122-BLK,NO,8,0
UMJS519122-ROY,NO,8,0
UMJK519122-GRY,NO,8,0
UMJK519122-BLK,NO,8,0
UMJK519122-NVY,NO,8,0
UMVT519124-BLK,NO,8,0
UMVT519124-NVY,NO,8,0
20952U-HD8,NO,8,0
20952U-HD7,NO,8,0
UMSH519123-BLK,NO,8,0
85946U-HMN,NO,8,0
81396U-GXV,NO,8,0
UMSH519123-NVY,NO,8,0
81470U-GXV,NO,8,0
81397U-GXV,NO,8,0
UMJS519123-GRY,NO,8,0
85996U-HMP,NO,8,0
85946U-090,NO,8,0
UMJS519123-ROY,NO,8,0
UMJS519123-BLK,NO,8,0
UMSH519101-BLK,NO,8,0
UMSH519101-DGR,NO,8,0
UMSH519101-NVY,NO,8,0
UMJK519102-BLK,NO,8,0
UMJK519102-NVY,NO,8,0
UMPT519102-BLK,NO,8,0
UMPT519102-NVY,NO,8,0
UMJK519161-BLK,NO,8,0
UMJK519161-NVY,NO,8,0
UMPT519161-BLK,NO,8,0
UMPT519161-NVY,NO,8,0
UMSH519161-DGR,NO,8,0
UMSH519161-BLK,NO,8,0
UMSH519161-NVY,NO,8,0
UMJK519141-BLK,NO,8,0
UMJK519141-NVY,NO,8,0
UMPT519141-BLK,NO,8,0
UMPT519141-NVY,NO,8,0
UMJS519141-DGR,NO,8,0
UMJS519141-BLK,NO,8,0
UMJS519141-NVY,NO,8,0
UMSH5191411-BLK,NO,8,0
UMSH5191411-NVY,NO,8,0
SPA-UMBK-L,NO,8,0
FDI-UMBK-S,NO,8,0
FDI-BABK-S,NO,8,0
MHE-UMBK-S,NO,8,0
MHE-BABK-S,NO,8,0
BAS-BABK-L,NO,8,0
FLE-UMBK-L,NO,8,0
MEB-UMBK-S,NO,8,0
UMJS5AR01-YEL,NO,8,0
UMJS5AR03-ROY,NO,8,0
UMJS5AR05-YEL,NO,8,0
UMSH5AR01-YEL,NO,8,0
UMSH5AR02-ROY,NO,8,0
GMJS51901-WHT,NO,8,0
GMJS61901-WHT,NO,8,0
GMJS31901-WHT,NO,8,0
GMSH51901-WHT,NO,8,0
GMJS51902-ROY,NO,8,0
GMJS61902-ROY,NO,8,0
GMJS31902-ROY,NO,8,0
GMSH51902-ROY,NO,8,0
GMJS51903-WHT,NO,8,0
GMJS51903-ROY,NO,8,0
GMSH51903-ROY,NO,8,0
GMPL51901-WHT,NO,8,0
GMPL51901-ROY,NO,8,0
GMJK51902-ROY,NO,8,0
GMJK51901-ROY,NO,8,0
GMPT51901-ROY,NO,8,0
MLBFF518401-BLK,NO,8,0
MLBFF518401-NVY,SI,2,0
MLBFF518402-BLK,SI,0,0
MLBFF518402-NVY,SI,0,0
MLBFF518403-BLK,NO,0,0
MLBFF518403-RED,NO,0,0
MLBFF518404-BLK,NO,0,0
MLBFF518404-BLU,NO,0,0
MLBFF518405-BLK,NO,0,0
MLBFF518405-BLU,NO,0,0
MLBFF518406-BLK,NO,0,0
MLBFF518408-BLK,NO,0,0
UMJS519121-WHT,NO,0,0
UMJS519121-GRN,NO,0,0
UMJS519121-BLK,NO,0,0
UMJS519121-ROY,NO,0,0
UMSH519121-GRY,NO,0,0
UMSH519121-BLK,NO,0,0
UMSH519121-NVY,NO,0,0
UMJS519122-GRY,NO,0,0
20952U-HD4,NO,0,0
20952U-HD6,NO,0,0
20964U-GXW,NO,0,0
20964U-HD7,NO,0,0
20965U-GXW,NO,0,0
20965U-HD7,NO,0,0
UMSOTG01-NVY2,NO,0,0
UMSOTG01-PUR,NO,0,0
UMSOTG01-AQU,NO,0,0
UMSOTG01-ORG,NO,0,0
BCBK20016-NVY,NO,0,0
BCLG20031-NVY,NO,0,0
81610U-C44Y,NO,0,0
86138U-0OJY,NO,0,0
86138U-JC5Y,NO,0,0
86144U-JC6Y,NO,0,0
86142U-0OJY,NO,0,0
86142U-JC6Y,NO,0,0
UMJS519142-DGR,NO,0,0
UMJS519142-NVY,NO,0,0
UMJS519142-BLK,NO,0,0
UMJS519143-DGR,NO,0,0
UMJS519143-NVY,NO,0,0
UMJS519143-RED,NO,0,0
UMSH519142-BLK,NO,0,0
UMSH519142-NVY,NO,0,0
MLPPJ419108-LBL,NO,0,0
MLPTS419107-WHT,NO,0,0
UMPT5TG04-BLK,NO,0,0
81554U-JC8,NO,0,0
81611U-C44,NO,0,0
81611U-JC6,NO,0,0
81553U-090,NO,0,0
81553U-JC8,NO,0,0
81555U-090,NO,0,0
81555U-JC8,NO,0,0
81630U-A66,NO,0,0
81634U-2VZ,NO,0,0
81634U-A66,NO,0,0
81636U-2VZ,NO,0,0
81636U-A66,NO,0,0
86139U-0OJ,NO,0,0
86141U-0OJ,NO,0,0
86141U-JC6,NO,0,0
86137U-0OJ,NO,0,0
86137U-JC6,NO,0,0
86141U-JC5,NO,0,0
86143U-0OJ,NO,0,0
86143U-JC6,NO,0,0
86213U-2VZ,NO,0,0
86213U-A66,NO,0,0
86215U-2VZ,NO,0,0
86215U-A66,NO,0,0
86217U-2VZ,NO,0,0
86217U-A66,NO,0,0
21017U-JCV,NO,0,0
21017U-JCY,NO,0,0
21062U-JCB,NO,0,0
21034U-JCB,NO,0,0
21058U-2VZ,NO,0,0
21060U-JCB,NO,0,0
21061U-JC6,NO,0,0
21061U-JCK,NO,0,0
21034U-JCL,NO,0,0
MLBTS520114-AQA,NO,0,0
MLBTS520118-NVY,NO,0,0
21035U-JC6,NO,0,0
21035U-JCK,NO,0,0
21054U-JCB,NO,0,0
21054U-JCL,NO,0,0
MLBTS520115-BLU,NO,0,0
MLBTS520116-BLU,NO,0,0
21057U-2VZ,NO,0,0
MLBTS520117-NVY,NO,0,0
MLBTS520114-BLK,NO,0,0
MLBTS520119-NVY,NO,0,0
MLBTS520120-BLU,NO,0,0
MLBTS52022-ORG,NO,0,0
21047U-095,NO,0,0
21047U-2VZ,NO,0,0
21047U-FNL,NO,0,0
21047U-JCC,NO,0,0
MLBJT519425-WHT,NO,0,0
21048U-095,NO,0,0
21048U-2VZ,NO,0,0
86144U-0OJY,NO,0,0
86214U-A66Y,NO,0,0
86216U-A66Y,NO,0,0
TOYSB320202-NVY,NO,0,0
UMSH519214-GRY,NO,0,0
LQWWRM1SU20-BLK,NO,0,0
LQMWRB1SU20-BLK,NO,0,0
LQMWRM1SU20-BLK,NO,0,0
86218U-A66Y,NO,0,0
86144U-JC6,NO,0,0
86138U-JC5,NO,0,0
86142U-0OJ,NO,0,0
86142U-JC6,NO,0,0
81598U-C44,NO,0,0
86144U-0OJ,NO,0,0
86214U-A66,NO,0,0
86216U-A66,NO,0,0
86218U-A66,NO,0,0
GMJS32002-BLK,NO,0,0
81476U-JC6,NO,0,0
65779U-Y70,NO,0,0
65551U-KM8,NO,0,0
65352U-060,NO,0,0
65352U-13V,NO,0,0
65352U-96J,NO,0,0
65352U-KM9,NO,0,0
65352U-Y70,NO,0,0
65775U-060,NO,0,0
30846U-KRS,NO,0,0
30845U-KRS,NO,0,0
30847U-KRS,NO,0,0
65835U-060,NO,0,0
65835U-B43,NO,0,0
40354U-CMM,NO,0,0
86138U-0OJ,NO,0,0
81602U-C44,NO,0,0
81602U-JC6,NO,0,0
81604U-C44,NO,0,0
81604U-JC6,NO,0,0
81606U-C44,NO,0,0
81610U-C44,NO,0,0
81612U-C44,NO,0,0
81612U-JC6,NO,0,0
81477U-C44,NO,0,0
81476U-C44,NO,0,0
81477U-JC6,NO,0,0
81478U-C44,NO,0,0
81478U-JC6,NO,0,0
81554U-090,NO,0,0
81599U-C44,NO,0,0
81599U-JC6,NO,0,0
81601U-C44,NO,0,0
81601U-JC6,NO,0,0
81603U-C44,NO,0,0
81603U-JC6,NO,0,0
81605U-C44,NO,0,0
81605U-JC6,NO,0,0
81609U-C44,NO,0,0
81609U-JC6,NO,0,0
21017U-JD2,NO,0,0
21023U-JC6,NO,0,0
21023U-JCK,NO,0,0
21066U-JC6,NO,0,0
21066U-JCK,NO,0,0
21025U-JC6,NO,0,0
21025U-JCK,NO,0,0
21026U-JC6,NO,0,0
21048U-FNL,NO,0,0
21048U-JCC,NO,0,0
21041U-JCZ,NO,0,0
21065U-JD2,NO,0,0
21041U-JCN,NO,0,0
21053U-JC6,NO,0,0
21064U-JD2,NO,0,0
21019U-JC6,NO,0,0
21019U-JD2,NO,0,0
21042U-JCZ,NO,0,0
MLBJT519426-NVY,NO,0,0
MLBJT519427-NVY,NO,0,0
MLBJT519432-WHT,NO,0,0
21024U-JC6,NO,0,0
21024U-JCK,NO,0,0
21067U-JC6,NO,0,0
21067U-JCK,NO,0,0
21069U-JC6,NO,0,0
21069U-JCK,NO,0,0
MLBTS320119-NVY,SI,3,0
MLBTS52009-NVY,NO,3,0
MNTS420201-PNK,NO,3,0
MNTS420202-NVY,NO,3,0
MNTS420203-NVY,NO,3,0
MNTS420204-GRY,NO,3,0
MNTS420205-GRY,NO,3,0
MNDR420201-NVY,NO,3,0
MNDR420202-WHT,NO,3,0
MNPJ420201-PNK,NO,3,0
TSTS320201-BLU,NO,3,0
TSTS320202-BLK,NO,3,0
TSTS320203-GRY,NO,3,0
TSTS320204-WHT,NO,3,0
TSPJ320201-NVY,NO,3,0
TSPJ320202-NVY,NO,3,0
MKPJ320201-BLK,NO,3,0
MKPJ320202-BLU,NO,3,0
ALJS52002-BLU,NO,3,0
ALSH52001-BLU,NO,3,0
ALSH52001-WHT,NO,3,0
86142U-JPDY,NO,3,0
MLBTS320120-BLU,NO,3,0
86142U-JSCY,NO,3,0
86144U-JLQY,NO,3,0
21123U-JCW,NO,3,0
86144U-JPDY,NO,3,0
21125U-096,NO,3,0
21125U-JCW,NO,3,0
86144U-JSCY,NO,3,0
21138U-JPP,NO,3,0
21138U-JPQ,NO,3,0
81600U-JLQY,NO,3,0
81600U-JM7Y,NO,3,0
81602U-JLQY,NO,3,0
81602U-JM7Y,NO,3,0
81602U-JM9Y,NO,3,0
81623U-JPC,NO,3,0
81623U-JPD,NO,3,0
ALJS52001-WHT,NO,3,0
ALJS62001-WHT,NO,3,0
ALJS52003-BLK,NO,3,0
ALSH52001-BLK,NO,3,0
ALJS52010-NVY,NO,3,0
ALSH52010-NVY/WHT,NO,3,0
ALJS52010-WHT,NO,3,0
ALJS32010-WHT,NO,3,0
ALSH52010-WHT,NO,3,0
21026U-JCK,NO,3,0
21012U-JD2,NO,3,0
MUNSH52001-NVY,NO,3,0
MUNJS52002-BLK,NO,3,0
MUNJS62002-BLK,NO,3,0
MUNJS32002-BLK,NO,3,0
MUNSH52001-BLK,NO,3,0
MUNJS52003-GRN,NO,3,0
MUNJS62003-GRN,NO,3,0
MUNJS32003-GRN,NO,3,0
MUNSH52001-NVY2,NO,3,0
MUNSH52001-NVY3,NO,3,0
MUNSH52001-NVY4,NO,3,0
MUNSH52001-NVY5,NO,3,0
MUNSH52001-NVY6,NO,3,0
MUNJS52010-RED,NO,3,0
MUNJS52010-NVY,NO,3,0
MUNJS52010-LIM,NO,3,0
MUNSH52010-NVY,NO,3,0
MUNJK52010-NVY,NO,3,0
MUNPT52011-NVY,NO,3,0
MUNSH52011-NVY,NO,3,0
MUNPL52010-NVY,NO,3,0
MUNPL52010-BLK,NO,3,0
MUNPT52012-BLK,NO,3,0
MUNGK52010-LIL,NO,3,0
MUNGK52011-LIL,NO,3,0
MUNGK52012-GRY,NO,3,0
MUNGK52013-GRY,NO,3,0
MUNGK52014-YEL,NO,3,0
MUNGK52015-YEL,NO,3,0
MUNJK52012-BLK,NO,3,0
OLJS52001-WHT,NO,3,0
OLLJS52001-WHT,NO,3,0
OLJS62001-WHT,NO,3,0
OLJS32001-WHT,NO,3,0
OLSH52001-WHT,NO,3,0
OLJS52002-RED,NO,3,0
OLJS62002-RED,NO,3,0
OLJS32002-RED,NO,3,0
OLSH52001-NVY,NO,3,0
OLJS52003-BLK,NO,3,0
OLLJS52003-BLK,NO,3,0
OLJS62003-BLK,NO,3,0
OLJS32003-BLK,NO,3,0
OLSH52001-BLK,NO,3,0
OLJS52010-LIM,NO,3,0
OLSH52010-BLK,NO,3,0
OLJS52010-WHT,NO,3,0
OLSH52010-WHT,NO,3,0
OLJS52010-RED,NO,3,0
OLJK52010-BLK,NO,3,0
OLPT52011-BLK,NO,3,0
OLPL52010-BLK,NO,3,0
OLPL52010-WHT,NO,3,0
OLPT52012-BLK,NO,3,0
OLSH52011-BLK,NO,3,0
OLGK520201-LIL,NO,3,0
OLGK520202-LIL,NO,3,0
6HSSTD23-CBUBKWH,NO,3,0
6HSSTD23-CBURDBK,NO,3,0
6HSSDX05-ASGWHIT,NO,3,0
6HSSTD23-CBUSCWH,NO,3,0
6HSSTD24-BCEKGWH,NO,3,0
6HSSDX06-ASGGRHT,NO,3,0
5HSSMM15-IPABLCK,NO,3,0
5HSSMM79-CHOBLCK,NO,3,0
6HSSMM51-BCEBLCK,NO,3,0
6HSSMM51-BNEBLCK,NO,3,0
6HSSMM51-CBUBLCK,NO,3,0
6HSSMM51-GSWBLCK,NO,3,0
6HSSMM51-HROBLCK,NO,3,0
6HSSMM51-LALBLCK,NO,3,0
6HSSMM63-BNEBLCK,NO,3,0
6HSSMM63-MHEBLCK,NO,3,0
6HSSMM63-OCTBLCK,NO,3,0
6HSSMM64-LALBLCK,NO,3,0
6HSSMM72-AHABLCK,NO,3,0
6HSSBLCK-MBUBA51,NO,3,0
6HSSMM56-BCEBLCK,NO,3,0
6HSSMM56-NYKBLCK,NO,3,0
6HSSMM62-CHOTEAL,NO,3,0
BH78BR-CHO-T-HT8,NO,3,0
BH78D0-GSW-K-I6Z,NO,3,0
BH78FF-SAS-K-IXN,NO,3,0
BH7AEZ-HRO-Y-NOQ,NO,3,0
BH7AF1-BCE-E-NFA,NO,3,0
BH7AF1-P76-K-NFF,NO,3,0
6HSSMM55-LALBLCK,NO,3,0
6HSSMO17-CBUWHBK,NO,3,0
6HSSMO17-CBUWHIT,NO,3,0
6HSSMO17-CBUWHRY,NO,3,0
6HSSTD21-LALPRBK,NO,3,0
6HSSTD21-LALPRWH,NO,3,0
6HSSTD22-BCEKGWH,NO,3,0
6HSSTD22-CBURDBK,NO,3,0
6HSSTD22-LALPRWH,NO,3,0
6HSSTD23-BNEBKYW,NO,3,0
5HSSMM79-NYKBLCK,NO,3,0
5HSSMM79-P76BLCK,NO,3,0
6HSSMM77-BCEBLCK,NO,3,0
HALF BIG DISPLAY,NO,3,0
NFLTS52058-RED,NO,3,0
NFLTS32058-RED,NO,3,0
NFLTS519106-BLK,NO,3,0
NFLTS52057-RED,NO,3,0
NFLTS32057-RED,SI,5,0
NFLTS519102-BLK,NO,5,0
NFLTS319102-BLK,NO,5,0
NFLTS52059-BLK,NO,5,0
NFLTS32059-BLK,NO,5,0
NBATS32056-YLW,NO,5,0
NBATS32060-BLU,NO,5,0
NBASH319104-RED,NO,5,0
GT23HWFUMDMO1Y18,NO,5,0
GT23HWFULGEO1Y18,NO,5,0
GT23HWFUXLGO1Y18,NO,5,0
GT23H9+QSMLO1Y18,NO,5,0
GT23H9+QMDMO1Y18,NO,5,0
GT23H9+QLGEO1Y18,NO,5,0
GT18HY07418100,NO,5,0
GF567Y07418V6B,NO,5,0
GF937Y07459G61,NO,5,0
W56705507659D6,NO,5,0
GF567Y08113001,NO,5,0
N804-06G-LD-BSC,NO,5,0
N804-06G-EJ-BSC,NO,5,0
N928-06G-NK-M3Q,NO,5,0
N928-06G-BQ-M3Q,NO,5,0
N928-06G-LD-M3Q,NO,5,0
N928-06G-AW-M3Q,NO,5,0
N804-06G-NK-BSC,NO,5,0
N804-06G-BQ-BSC,NO,5,0
N414-019N-NK-BQV,NO,5,0
N414-080N-BQ-BQV,NO,5,0
N414-010P-LD-BQV,NO,5,0
N414-010P-EJ-BQV,NO,5,0
N414-019N-AW-BQV,NO,5,0
N880-013N-NK-BQP,NO,5,0
N880-013N-BQ-BQP,NO,5,0
N880-005P-LD-BQP,NO,5,0
N256-048N-NK-BRM,NO,5,0
N256-048N-BQ-BRM,NO,5,0
N256-018P-LD-BRM,NO,5,0
NKAC-44B-NK-M3S,NO,5,0
NKAC-44B-BQ-M3S,NO,5,0
NKAC-4EW-LD-M3S,NO,5,0
NKAC-4EW-EJ-M3S,NO,5,0
N199-06G-NK-M3S,NO,5,0
N199-06G-BQ-M3S,NO,5,0
N199-06G-EJ-M3S,NO,5,0
N199-06G-LD-M3S,NO,5,0
N199-06G-AW-M3S,NO,5,0
N199-44B-NK3-JKA,NO,5,0
N199-44B-BQ3-JKA,NO,5,0
N199-4EW-LD3-JKA,NO,5,0
N199-44B-N27-M5S,NO,5,0
N199-62Q-BRS-M5S,NO,5,0
N199-4EY-KB-M5S,NO,5,0
N199-06G-N27-M5T,NO,5,0
N199-06G-BRS-M5T,NO,5,0
N199-06G-KB-M5T,NO,5,0
N199-10A-NK-M3X,NO,5,0
N199-62Q-BQ-M3X,NO,5,0
N199-10A-LD-M3X,NO,5,0
N199-4EW-EJ-M3X,NO,5,0
N199-00A-RX-M3X,NO,5,0
N199-62Q-IDS-M3X,NO,5,0
N199-89L-NME-M3X,NO,5,0
N199-79Q-FZ-M3X,NO,5,0
N199-89L-GIA-M3X,NO,5,0
N199-4EW-TOR-M3X,NO,5,0
N025-44B-NK-M3R,NO,5,0
N025-44B-BQ-M3R,NO,5,0
N025-4EW-LD-M3R,NO,5,0
N922-06G-NK-M5Z,NO,5,0
N922-06G-NK-M6F,NO,5,0
N922-06G-BQ-M5Z,NO,5,0
N922-06G-BQ-M6F,NO,5,0
N922-06G-LD-M5Z,NO,5,0
N922-06G-LD-M6F,NO,5,0
N922-06G-EJ-M5Z,NO,5,0
N922-06G-EJ-M6F,NO,5,0
T770-NKWH-NK-XVH,NO,5,0
T770-NKGR-NK-XVR,NO,5,0
T770-NKDK-NK-XVK,NO,5,0
T770-BQG3-BQ-XV3,NO,5,0
T770-BQSA-BQ-XVA,NO,5,0
T770-BQWH-BQ-XVH,NO,5,0
C267-GBRS-BRS-UCT,NO,5,0
T770-LDRS-LD-XVS,NO,5,0
T770-LDWH-LD-XVH,NO,5,0
T770-LDGR-LD-XVR,NO,5,0
T770-EJWH-EJ-XVH,NO,5,0
T770-EJRA-EJ-XVA,NO,5,0
T770-EJGR-EJ-XVR,NO,5,0
T770-AWWH-AW-XVH,NO,5,0
6HSSIF3-BNEWHBK,NO,5,0
GT78H806SMLO1Y94,NO,5,0
GT78H806MDMO1Y94,NO,5,0
GT78H806LGEO1Y94,NO,5,0
GT78H806XLGO1Y94,NO,5,0
GT78H003SMLO1Y94,NO,5,0
GT78H003MDMO1Y94,NO,5,0
GT78H003LGEO1Y94,NO,5,0
GT78H003XLGO1Y94,NO,5,0
GT78H040SMLO1Y94,NO,5,0
GT78H040MDMO1Y94,NO,5,0
GT78H040LGEO1Y94,NO,5,0
GT78H040XLGO1Y94,NO,5,0
GT78H031SMLO1Y94,NO,5,0
GT78H031MDMO1Y94,NO,5,0
GT78H031LGEO1Y94,NO,5,0
GT78H031XLGO1Y94,NO,5,0
GT23H031SMLO1Y94,NO,5,0
GT23H031MDMO1Y94,NO,5,0
GT23H031LGEO1Y94,NO,5,0
GT23H031XLGO1Y94,NO,5,0
GT23H003SMLO1Y94,NO,5,0
GT23H003MDMO1Y94,NO,5,0
GT23H003LGEO1Y94,NO,5,0
GT23H003XLGO1Y94,NO,5,0
GT23HZJ0SMLO1Y18,NO,5,0
GT23HZJ0MDMO1Y18,NO,5,0
GT23HG61LGEO1Y18,NO,5,0
GT23HZJ0XLGO1Y18,NO,5,0
GT23HWFUSMLO1Y18,NO,5,0
GT23H9+QXLGO1Y18,NO,5,0
GT23HG61SMLO1Y73,NO,5,0
GT23HG61MDMO1Y73,NO,5,0
GT23HG61LGEO1Y73,NO,5,0
GT23HG61XLGO1Y73,NO,5,0
GT23H003SMLO1Y73,NO,5,0
GT23H003MDMO1Y73,NO,5,0
GT23H003LGEO1Y73,NO,5,0
GT23H003XLGO1Y73,NO,5,0
GT23H045SMLO1Y73,NO,5,0
GT23H045MDMO1Y73,NO,5,0
GT23H045LGEO1Y73,NO,5,0
GT23H045XLGO1Y73,NO,5,0
GT23H806SMLO1Y78,NO,5,0
GT23H806MDMO1Y78,NO,5,0
GT23H806LGEO1Y78,NO,5,0
GT23H806XLGO1Y78,NO,5,0
GT23H045SMLO1Y78,NO,5,0
GT23H045MDMO1Y78,NO,5,0
GT23H045LGEO1Y78,NO,5,0
GT23H045XLGO1Y78,NO,5,0
GF010OCMDMO1Y46,NO,5,0
GF010OCLGEO1Y46,NO,5,0
GF010OCXLGO1Y46,NO,5,0
GF01NYCSMLO1Y46,NO,5,0
GF01NYCMDMO1Y46,NO,5,0
GF01NYCLGEO1Y46,NO,5,0
GF01NYCXLGO1Y46,NO,5,0
GT19WFUSMLO1Y19,NO,5,0
GT19WFUMDMO1Y19,NO,5,0
GT19WFULGEO1Y19,NO,5,0
GT19WFUXLGO1Y19,NO,5,0
GT19T1FSMLO1Y19,NO,5,0
GT19T1FMDMO1Y19,NO,5,0
GT19T1FLGEO1Y19,NO,5,0
GT19T1FXLGO1Y19,NO,5,0
GT191ICSMLO1Y19,NO,5,0
GT191ICMDMO1Y19,NO,5,0
GT191ICLGEO1Y19,NO,5,0
GT191ICXLGO1Y19,NO,5,0
GT19NYCSMLO1Y19,NO,5,0
GT19NYCMDMO1Y19,NO,5,0
GT19NYCLGEO1Y19,NO,5,0
GT19NYCXLGO1Y19,NO,5,0
GT192WCSMLO1Y19,NO,5,0
GT192WCMDMO1Y19,NO,5,0
GT192WCLGEO1Y19,NO,5,0
GT192WCXLGO1Y19,NO,5,0
GT195ECSMLO1Y19,NO,5,0
GT195ECMDMO1Y19,NO,5,0
GT195ECLGEO1Y19,NO,5,0
GT195ECXLGO1Y19,NO,5,0
GT19T1FSMLO1Y54,NO,5,0
GT19T1FMDMO1Y54,NO,5,0
GT19T1FLGEO1Y54,NO,5,0
GT19T1FXLGO1Y54,NO,5,0
6HSSMM62-SASBLCK,NO,5,0
6HSSNG00-ASGWHIT91,NO,5,0
6HSSNG00-BCEBLCK,NO,5,0
6HSSMO92-PTBSCWH,NO,5,0
6HSSBA53-LALBLCK,NO,5,0
6HSSBA57-CBUBLCK,NO,5,0
6HSSEF34-CBUNYWH,NO,5,0
6HSSMM92-CBUGREY,NO,5,0
6HSSMM92-LALYELL,NO,5,0
6HSSMM97-GSWBLCK,NO,5,0
6HSSMM23-CBUBLCK,NO,5,0
6HSSMM45-CCABLCK,NO,5,0
6HSSMM45-GSWBLCK,NO,5,0
6HSSMM59-CBUBLCK,NO,5,0
6HSSMM59-GSWBLCK,NO,5,0
6HSSMM64-GSWBLCK,NO,5,0
6HSSMM74-CBUWHIT,NO,5,0
6HSSMM76-LALWHIT,NO,5,0
6HSSMM78-CBURED1,NO,5,0
6HSSMM78-GSWROYA,NO,5,0
6HSSMM78-LALPURP,NO,5,0
6HSSMM84-CBUBLCK,NO,5,0
6HSSMM53-LALBLCK,NO,5,0
6HSSMM56-LALPURP,NO,5,0
6HSSMM35-CBUGREN,NO,5,0
6HSSMM38-CBUGREN,NO,5,0
6HSSMM05-GSWBLCK,NO,5,0
6MUSEF51-CBUSILV,NO,5,0
6MUSEF51-LALSILV,NO,5,0
NBAJK520200-RED,NO,5,0
NBAJK520201-YLW,NO,5,0
NBAJK520202-BLK,NO,5,0
SMJYGS18-BCEWHIT85,NO,5,0
SMJYGS18-GSWNAVY09,NO,5,0
SMJYGS18-VGRTEAL98,NO,5,0
6HSSBA89-CBUBLCK,NO,5,0
6HSSBA89-GSWBLCK,NO,5,0
6HSSBA89-LALBLCK,NO,5,0
6HSSIF49-OCTPINK,NO,5,0
6HSSIF3-CBURDBK,NO,5,0
NBATS520150-BLK,NO,5,0
NBATS320139-GRN,NO,5,0
NBATS320140-BLK,NO,5,0
NBATS320140-WHT,NO,5,0
NBATS320141-RED,NO,5,0
NBATS320142-RED,NO,5,0
NBATS320143-BLK,NO,5,0
NBATS320143-YLW,NO,5,0
NBATS320144-BLU,NO,5,0
NBATS320145-GRN,NO,5,0
NBATS320146-BLK,NO,5,0
NBAHD320237-BLK,NO,5,0
NBAHD320238-BLK,NO,5,0
NBAHD320240-BLU,NO,5,0
NBATS320130-BLK,NO,5,0
NBATS320130-RED,NO,5,0
NBATS320131-BLK,NO,5,0
NBATS320131-YEL,NO,5,0
NBATS320132-BLU,NO,5,0
NBATS320133-GRN,NO,5,0
NBATS320133-BLK,NO,5,0
6HSSIF3-SASGNBK,NO,5,0
NBATS52033-BLK,NO,5,0
6HSSIF3-SASPKBK,NO,5,0
6HSSIF3-SASPKTL,NO,5,0
6HSSIF3-SASTLPK,NO,5,0
6HSSIF3-BNEORBK,NO,5,0
GT192WCSMLO1Y54,NO,5,0
GT192WCMDMO1Y54,NO,5,0
GT192WCLGEO1Y54,NO,5,0
GT192WCXLGO1Y54,NO,5,0
GT19NYCSMLO1Y54,NO,5,0
GT19NYCMDMO1Y54,NO,5,0
GT19NYCLGEO1Y54,NO,5,0
GT19NYCXLGO1Y54,NO,5,0
GT195ECSMLO1Y54,NO,5,0
GT195ECMDMO1Y54,NO,5,0
GT195ECLGEO1Y54,NO,5,0
GT195ECXLGO1Y54,NO,5,0
GT199AXSMLO1Y54,NO,5,0
GT199AXMDMO1Y54,NO,5,0
GT199AXLGEO1Y54,NO,5,0
GT199AXXLGO1Y54,NO,5,0
GT19BKCSMLO1Y54,NO,5,0
GT19BKCMDMO1Y54,NO,5,0
GT19BKCLGEO1Y54,NO,5,0
GT19BKCXLGO1Y54,NO,5,0
GT191ICSMLO1Y54,NO,5,0
GT191ICMDMO1Y54,NO,5,0
GT191ICLGEO1Y54,NO,5,0
GT191ICXLGO1Y54,NO,5,0
GT19JR9SMLO1Y54,NO,5,0
GT19JR9MDMO1Y54,NO,5,0
GT19JR9LGEO1Y54,NO,5,0
GT19JR9XLGO1Y54,NO,5,0
GT19WHCSMLO1Y54,NO,5,0
GT19WHCMDMO1Y54,NO,5,0
GT19WHCLGEO1Y54,NO,5,0
GT19WHCXLGO1Y54,NO,5,0
GT19DL+SMLO1Y81,NO,5,0
GT19DL+MDMO1Y81,NO,5,0
GT19DL+LGEO1Y81,NO,5,0
GT19DL+XLGO1Y81,NO,5,0
GT192WCSMLO1Y81,NO,5,0
GT192WCMDMO1Y81,NO,5,0
GT192WCLGEO1Y81,NO,5,0
GT192WCXLGO1Y81,NO,5,0
GT19NYCSMLO1Y81,NO,5,0
GT19NYCMDMO1Y81,NO,5,0
GT19NYCLGEO1Y81,NO,5,0
GT19NYCXLGO1Y81,NO,5,0
6HSSIF3-CHOTLPR,NO,5,0
6HSSIF3-HROBKRD,NO,5,0
6HSSIF3-LALGDPR,NO,5,0
6HSSIF3-LALPRGD,NO,5,0
6HSSIF3-NYKORRY,NO,5,0
6HSSIF3-P76PKRY,NO,5,0
NBATS519111-PUR,NO,5,0
NBATS320142-WHT,NO,5,0
NBATS320143-PUR,NO,5,0
NBATS520148-GRE,NO,5,0
NBASH319102-YEL,NO,5,0
NBASH319103-ROY,NO,5,0
6HSSIF3-CBUBKRD,NO,5,0
6HSSIF3-CBUGNBK,NO,5,0
6HSSIF3-CBUORBK,NO,5,0
6HSSIF3-CBUPKBK,NO,5,0
RMSH317103-WHT,NO,5,0
6HSSIF1-CBUWHRD,NO,5,0
6HSSIF1-CHOWHPR,NO,5,0
6HSSIF1-GSWWHRY,NO,5,0
6HSSIF1-HROGYWH,NO,5,0
6HSSIF1-HROWHRD,NO,5,0
6HSSIF1-LALWHOR,NO,5,0
6HSSIF3-BCEGNBK,NO,5,0
6HSSIF3-HROPKBK,NO,5,0
6HSSIF3-HRORDBK,NO,5,0
6HSSIF8-BCEBKGN,NO,5,0
6HSSIF8-BNEBKGY,NO,5,0
6HSSIF8-BNEWHBK,NO,5,0
6HSSIF8-CBUBKGN,NO,5,0
6HSSIF8-CBUBKOR,NO,5,0
6HSSIF8-CBUBKPK,NO,5,0
6HSSIF8-CBUBKRD,NO,5,0
6HSSIF8-CBURDBK,NO,5,0
6HSSIF8-HROBKOR,NO,5,0
6HSSIF8-HROBKRD,NO,5,0
6HSSIF8-HROBKWH,NO,5,0
6HSSIF8-LALBKPK,NO,5,0
6HSSIF8-LALPRWH,NO,5,0
6HSSIF8-LALYWPR,NO,5,0
6HSSIF8-NYKRYOR,NO,5,0
6HSSIF8-P76RYRD,NO,5,0
6HSSIF8-P76WHRD,NO,5,0
6HSSIF8-SASBKGN,NO,5,0
6HSSIF8-SASBKOR,NO,5,0
6HSSIF8-SASBKPK,NO,5,0
6HSSIF8-SASGYPK,NO,5,0
6HSSIF8-SASTLPK,NO,5,0
6HSSIF8-TRAGYWH,NO,5,0
6HSSIF8-TRAPRWH,NO,5,0
6HSSIF79-BCEBLK,NO,5,0
6HSSIF79-BNEBLK,NO,5,0
6HSSIF9-BNEGREN,NO,5,0
6HSSIF9-BNEGREY,NO,5,0
6HSSIF79-CBUBKOR,NO,5,0
6HSSIF79-CBUBKRD,NO,5,0
6HSSIF79-CBUBLCK,NO,5,0
6HSSIF79-CBUGREN,NO,5,0
6HSSIF79-CBURED1,NO,5,0
6HSSIF9-CHOBLCK,NO,5,0
6HSSIF9-CHOGREN,NO,5,0
6HSSIF79-HROBKOR,NO,5,0
6HSSIF79-HROBKRD,NO,5,0
6HSSIF9-HROBLCK,NO,5,0
6HSSIF79-LALYELL,NO,5,0
6HSSIF9-NYKORAN,NO,5,0
6HSSIF9-SASBKOR,NO,5,0
6HSSIF79-SASBKPK,NO,5,0
6HSSIF79-SASBKTL,NO,5,0
6HSSIF9-SASPINK,NO,5,0
6HSSIF79-TRABLCK,NO,5,0
6HSSIF4-BCEGREN,NO,5,0
6HSSIF4-CBURED1,NO,5,0
6HSSIF4-CBUYELL,NO,5,0
6HSSIF4-GSWROYA,NO,5,0
6HSSIF4-HROGREN,NO,5,0
6HSSIF4-HROGREY,NO,5,0
6HSSIF4-HROPINK,NO,5,0
6HSSIF4-HRORED1,NO,5,0
6HSSIF4-LALGREN,NO,5,0
6HSSIF4-LALPURP,NO,5,0
6HSSIF4-LALYELL,NO,5,0
6HSSIF4-SASLTPK,NO,5,0
6HSSIF4-SASTEAL,NO,5,0
6HSSIF9-BCEGREN,NO,5,0
6HSSIF9-CHOTEAL,NO,5,0
6HSSIF79-HRORED1,NO,5,0
6HSSIF79-LALBKPR,NO,5,0
6HSSIF9-LALBKYW,NO,5,0
6HSSIF79-P76BLCK,NO,5,0
6HSSIF1-LALWHPR,NO,5,0
6HSSIF1-NYKWHOR,NO,5,0
6HSSIF1-NYKWHRY,NO,5,0
6HSSIF1-P76RED1,NO,5,0
6HSSIF1-P76WHRD,NO,5,0
6HSSIF1-SASPKWH,NO,5,0
6HSSIF1-SASWHGN,NO,5,0
6HSSIF1-SASWHPK,NO,5,0
6HSSIF1-TRAWHRD,NO,5,0
6HSSIF1-BCEBLCK,NO,5,0
6HSSIF1-BCEKYGN,NO,5,0
6HSSIF1-BNEGREY,NO,5,0
6HSSIF1-CBURED1,NO,5,0
6HSSIF1-CBUWHIT,NO,5,0
6HSSIF1-CBUWHOR,NO,5,0
6HSSIF1-CHOTEAL,NO,5,0
6HSSIF1-HRORED1,NO,5,0
6HSSIF1-LALWHYW,NO,5,0
6HSSIF1-LALYELL,NO,5,0
6HSSIF1-NYKORAN,NO,5,0
6HSSIF1-NYKROYA,NO,5,0
6HSSIF1-P76NAVY,NO,5,0
6HSSIF1-SASPINK,NO,5,0
6HSSIF1-SASTEAL,NO,5,0
6HSSIF1-SASWHIT,NO,5,0
6HSSIF1-TRAPURP,NO,5,0
6HSSIF1-BCEGREN,NO,5,0
6HSSIF0-BNEBKGY,NO,5,0
6HSSIF0-BNEBKOR,NO,5,0
6HSSIF0-BNEGYWH,NO,5,0
6HSSIF0-CBUBKRD,NO,5,0
6HSSIF0-CBUWHOR,NO,5,0
6HSSIF0-HROBKRD,NO,5,0
6HSSIF0-LALWHOR,NO,5,0
6HSSIF0-LALYELL,NO,5,0
6HSSIF5-BCEBKGN,NO,5,0
6HSSIF5-BNEBKGN,NO,5,0
6HSSIF5-CBUBKPK,NO,5,0
6HSSIF5-CBUWHGN,NO,5,0
6HSSIF5-CHOWHGN,NO,5,0
6HSSIF5-CHOWHPK,NO,5,0
6HSSIF5-GSWYELL,NO,5,0
6HSSIF5-LALBKPK,NO,5,0
6HSSIF0-BCEGREN,NO,5,0
6HSSIF0-NYKROYA,NO,5,0
6HSSIF0-NYKWHIT,NO,5,0
6HSSIF0-SASBLCK,NO,5,0
6HSSIF0-TRAPRBK,NO,5,0
6HSSIF5-BCEWHPK,NO,5,0
6HSSIF5-BNEWHPK,NO,5,0
6HSSIF5-HROBLCK,NO,5,0
6HSSIF5-HROWHIT,NO,5,0
6HSSIF5-LALWHGN,NO,5,0
6HSSIF5-SASPINK,NO,5,0
6HSSIF5-SASWHPK,NO,5,0
6HSSIF5-TRABLCK,NO,5,0
6HSSIF0-CBURED1,NO,5,0
6HSSIF0-HROGREY,NO,5,0
6HSSIF0-HRORED1,NO,5,0
6HSSIF0-LALBKPR,NO,5,0
6HSSIF0-P76WHIT,NO,5,0
6HSSIF5-LALBKYW,NO,5,0
6HSSIF5-SASTEAL,NO,5,0
BH785U-CBU-KG2P,NO,5,0
BH785Z-SAS-KG2U,NO,5,0
6MSSTD4-SASBKTL,NO,5,0
6HSSTD2-BNEGYBK,NO,5,0
6HSSIF9-SASTEAL,NO,5,0
6HSSIF4-CBUPINK,NO,5,0
6HSSIF4-P76ROYA,NO,5,0
6HSSIF4-SASPINK,NO,5,0
6HSSIF4-TRARED1,NO,5,0
6HSSIF8-GSWRYYW,NO,5,0
6HSSIF79-LALPURP,NO,5,0
6HSSIF9-P76ROYA,NO,5,0
6HSSIF9-BCEBKGN,NO,5,0
6HSSIF9-CBUBKOR,NO,5,0
6HSSIF9-CBUBKPK,NO,5,0
6HSSIF9-CBUBKRD,NO,5,0
6HSSIF9-CBULBBK,NO,5,0
6HSSIF9-HROBKOR,NO,5,0
6HSSIF9-HROBKRD,NO,5,0
6HSSIF9-HRORDBK,NO,5,0
6HSSIF9-LALBKPK,NO,5,0
6HSSIF9-LALBKPR,NO,5,0
6HSSIF9-LALLBBK,NO,5,0
6HSSIF9-NYKWHOR,NO,5,0
6HSSIF9-P76WHRD,NO,5,0
6HSSIF9-SASBKPK,NO,5,0
6HSSIF9-SASBKTL,NO,5,0
6HSSIF9-TRABKRD,NO,5,0
6HSSIF0-CBUBLCK,NO,5,0
6HSSIF0-CBUWHIT,NO,5,0
6HSSIF0-GSWROYA,NO,5,0
6HSSIF80-HRORED1,NO,5,0
6HSSIF0-LALBLCK,NO,5,0
6HSSIF80-LALYELL,NO,5,0
6HSSIF0-NYKORAN,NO,5,0
6HSSIF80-SASBLCK,NO,5,0
6HSSIF0-SASGREY,NO,5,0
6HSSIF1-BCEWHGN,NO,5,0
6HSSIF1-BNEBLCK,NO,5,0
6HSSIF1-BNEGYWH,NO,5,0
6HSSIF1-BNEWHBK,NO,5,0
6HSSIF1-BNEWHIT,NO,5,0
6HSSIF1-CBUBLCK,NO,5,0
6HSSIF1-CBUWHBK,NO,5,0
6HSSIF1-CBUWHGN,NO,5,0
6HSSIF1-CBUWHPK,NO,5,0
GT23HY06794031,NO,5,0
GT23HY06794003,NO,5,0
GT23HY07718G61,NO,5,0
GT23HY07718WFU,NO,5,0
GT23HY077189+Q,NO,5,0
GT23HY07973G61,NO,5,0
GT23HY07973003,NO,5,0
GT23HY07973045,NO,5,0
GT23HY07978806,NO,5,0
GT23HY07978045,NO,5,0
85653407Q88003,NO,5,0
GF01Y061460OC,NO,5,0
NBATS519126-BLK,NO,5,0
GF01Y06146NYC,NO,5,0
GT19Y06819WFU,NO,5,0
GT19Y06819T1F,NO,5,0
GT19Y068191IC,NO,5,0
GT19Y06819NYC,NO,5,0
GT19Y068192WC,NO,5,0
GT19Y068195EC,NO,5,0
GT19Y07954T1F,NO,5,0
GT19Y079542WC,NO,5,0
GT19Y07954NYC,NO,5,0
GT19Y079545EC,NO,5,0
GT19Y079549AX,NO,5,0
6HSSTD2-BNEWHBK,NO,5,0
6HSSKJ1-BNEBLCK,NO,5,0
6HSSTD2-CBUORBK,NO,5,0
6HSSTD2-CBURDBK,NO,5,0
6HSSTD0-CBUDRWH,NO,5,0
6HSSTD6-CBUPINK,NO,5,0
6HSSTD2-CBUWHRD,NO,5,0
6HSSBC6-CBUBKRD,NO,5,0
6HSSTD2-CBUGYRD,NO,5,0
6HSSTD2-CBUBKRD,NO,5,0
6HSSTD0-CBUBKRD,NO,5,0
6HSSMO6-CBUBKYW,NO,5,0
6HSSMO8-CBUWHPK,NO,5,0
6HSSTD2-CBUBKYW,NO,5,0
6HSSTD1-LALBKYW,NO,5,0
6HSSBC6-LALBKTL,NO,5,0
6HSSKJ7-CLBRED1,NO,5,0
6HSSTD2-P76RYRD,NO,5,0
6HSSTD2-AHABKYW,NO,5,0
6HSSTD7-BNEBKWH,NO,5,0
6HSSROBUKJ17329,NO,5,0
6HSSLY0-LALBLCK,NO,5,0
6HSSTD2-NYKRYOR,NO,5,0
6HSSLY0-PTBBLCK,NO,5,0
6HSSTD2-PTBRDBK,NO,5,0
6HSSTD1-VGRBKTL,NO,5,0
5HSSMO5-NYKORRY,NO,5,0
6HSSMM7-CBUBLCK,NO,5,0
6HSSMM6-CBUWHBK,NO,5,0
6MSSBC7-BNEWHBK,NO,5,0
6HSSMM4-CBUWHIT,NO,5,0
6HSSMM4-CBUWHGN,NO,5,0
6HSSMM4-CBUWHOR,NO,5,0
6HSSMM4-CBUBKGY,NO,5,0
6HSSMM4-CBUWHRD,NO,5,0
6MUSJS2-CBURED1,NO,5,0
6LUXJS8-MNNGREY,NO,5,0
6LUXJS8-MNNNAVY,NO,5,0
6LUXJS8-MNNRED1,NO,5,0
6LUXJS8-MNNWHIT,NO,5,0
6LUXJS8-MNNBLCK,NO,5,0
6HSSMM1-BCEBLCK,NO,5,0
6HSSMM1-CBUBLCK,NO,5,0
6HSSMM1-GSWBLCK,NO,5,0
6HSSMM1-LACBLCK,NO,5,0
6HSSMM1-LALBLCK,NO,5,0
6HSSMM1-MHEBLCK,NO,5,0
6HSSMM1-NYKBLCK,NO,5,0
6HSSMM1-PTBBLCK,NO,5,0
6HSSMM1-TRABLCK,NO,5,0
6HSSMM3-BCEBLCK,NO,5,0
6HSSMM3-BNEBLCK,NO,5,0
OLGK520203-GRY,NO,5,0
OLGK520204-GRY,NO,5,0
OLGK520207-BLK,NO,5,0
OLGK520208-BLK,NO,5,0
OLTS52010-BLK,NO,5,0
OLTS52010-RED,NO,5,0
OLJK52012-BLK,NO,5,0
UMJS52001-BLK,NO,5,0
ALJS52010-TUR,NO,5,0
ALSH52010-NVY,NO,5,0
ALJK52010-NVY,NO,5,0
ALPT52010-NVY,NO,5,0
ALPT52012-NVY,NO,5,0
ALPL52010-NVY,NO,5,0
ALSH52011-NVY,NO,5,0
ALPL52010-GRY,NO,5,0
ALSH52011-BLK,NO,5,0
ALTS52010-TUR,NO,5,0
ALJK52012-BLK,NO,5,0
ALGK52021-LIL,NO,5,0
ALGK52022-LIL,NO,5,0
ALGK52025-YEL,NO,5,0
ALGK52026-YEL,NO,5,0
ALGK52027-BLK,NO,5,0
ALGK52028-BLK,NO,5,0
ALJK52011-NVY,NO,5,0
ALPT52011-NVY,NO,5,0
AGJS52001-ORG,NO,5,0
AGJS62001-ORG,NO,5,0
AGSH52001-BLK,NO,5,0
AGJS52002-BLK,NO,5,0
AGJS62002-BLK,NO,5,0
AGSH52002-ORG,NO,5,0
AGJS52003-GRY,NO,5,0
AGJS52010-ORG,NO,5,0
AGJS32010-ORG,NO,5,0
AGJS52010-LIM,NO,5,0
AGJS52010-BLK,NO,5,0
AGJS52011-BLK,NO,5,0
AGJK52010-BLK,NO,5,0
AGPT52011-BLK,NO,5,0
AGPL52010-BLK,NO,5,0
AGPL52010-ORG,NO,5,0
AGSH52010-BLK,NO,5,0
AGSH52010-NVY,NO,5,0
AGSH52011-BLK,NO,5,0
AGTS52010-BLK,NO,5,0
AGGK52021-LIL,NO,5,0
AGGK52022-LIL,NO,5,0
AGGK52023-GRY,NO,5,0
AGGK52024-GRY,NO,5,0
AGJK52012-BLK,NO,5,0
HERJS52001-RED,NO,5,0
HERJS62001-RED,NO,5,0
HERJS32001-RED,NO,5,0
HERSH52001-RED,NO,5,0
HERJS52002-WHT,NO,5,0
HERSH52002-RED,NO,5,0
HERJS52003-NVY,NO,5,0
HERSH52003-NVY,NO,5,0
HERGK52021-LIL,NO,5,0
HERGK52022-LIL,NO,5,0
HERGK52023-GRY,NO,5,0
HERGK520234-GRY,NO,5,0
HERGK52027-BLK,NO,5,0
HERGK52028-BLK,NO,5,0
HERJK52012-BLK,NO,5,0
HERSH52010-BLK,NO,5,0
HERSH52010-YEL,NO,5,0
HERSH52010-WHT,NO,5,0
HERSH52011-BLK,NO,5,0
HERPL52010-BLK,NO,5,0
HERJK52011-BLK,NO,5,0
HERJS52010-WHT,NO,5,0
HERJS52010-BLK,NO,5,0
86142U-JSC,NO,5,0
86144U-JLQ,NO,5,0
86144U-JSC,NO,5,0
86214U-C97,NO,5,0
MLBJS52014-GRY,NO,5,0
BGEC2007-WHT,NO,5,0
UMSO52105-PNK,NO,5,0
UMSO52105-GRN,NO,5,0
UMSO52105-PUR,NO,5,0
UMSO52101-BLU,NO,5,0
65703U-Y70,NO,5,0
UMSO52104-WHT,NO,5,0
UMSO52104-BLK,NO,5,0
UMSO52105-GRN2,NO,5,0
UMSO52104-NVY,NO,5,0
UMSO52104-BLK2,NO,5,0
UMSO52105-PUR2,NO,5,0
UMSO52104-RED,NO,5,0
UMSO52104-NVY2,NO,5,0
81657U-JM8,NO,5,0
81657U-JM9,NO,5,0
81669U-JLF,NO,5,0
81669U-JLN,NO,5,0
81669U-JQC,NO,5,0
81674U-JLQ,NO,5,0
81674U-JM8,NO,5,0
86129U-JSB,NO,5,0
86381U-1KP,NO,5,0
86131U-JLQ,NO,5,0
86133U-JLQ,NO,5,0
86135U-JLQ,NO,5,0
86137U-JPD,NO,5,0
86141U-JSC,NO,5,0
86143U-JPD,NO,5,0
86143U-JSC,NO,5,0
86213U-572,NO,5,0
86213U-C97,NO,5,0
86215U-0U6,NO,5,0
86215U-572,NO,5,0
86215U-C97,NO,5,0
86216U-572,NO,5,0
86218U-C97,NO,5,0
81598U-JLQ,NO,5,0
81600U-JLQ,NO,5,0
81600U-JM7,NO,5,0
81602U-JLQ,NO,5,0
81602U-JM7,NO,5,0
81602U-JM9,NO,5,0
81305U-FZ9,NO,5,0
81565U-JPC,NO,5,0
81565U-JPD,NO,5,0
81570U-FZ9,NO,5,0
81570U-HL4,NO,5,0
81572U-JLS,NO,5,0
81572U-JPD,NO,5,0
81621U-JLK,NO,5,0
81630U-JLQ,NO,5,0
81630U-JLR,NO,5,0
81632U-JLS,NO,5,0
81655U-JM8,NO,5,0
81655U-JM9,NO,5,0
81656U-JLQ,NO,5,0
81656U-JM8,NO,5,0
81657U-JLQ,NO,5,0
86131U-JM7,NO,5,0
86131U-JSB,NO,5,0
86379U-1KP,NO,5,0
HERJS52010-RED,NO,5,0
HERJS32010-RED,NO,5,0
HERPL52010-GRY,NO,5,0
HERPL52010-RED,NO,5,0
HERJK52013-BLK,NO,5,0
HERPT52012-BLK,NO,5,0
MUNJS52001-RED,NO,5,0
MUNJS62001-RED,NO,5,0
MUNJS32001-RED,NO,5,0
BGEC2001-WHT,NO,5,0
BGEC2002-WHT,NO,5,0
BGEC2003-WHT,NO,5,0
BGEC2004-WHT,NO,5,0
BGEC2005-WHT,NO,5,0
BGEC2006-WHT,NO,5,0
81629U-JLD,NO,5,0
81629U-JLK,NO,5,0
81629U-JPH,NO,5,0
81658U-JLQ,NO,5,0
81658U-JM8,NO,5,0
81658U-JM9,NO,5,0
81660U-JLQ,NO,5,0
81660U-JM8,NO,5,0
81660U-JM9,NO,5,0
81675U-JM8,NO,5,0
81677U-JLQ,NO,5,0
81677U-JM8,NO,5,0
81677U-JM9,NO,5,0
86216U-0U6,NO,5,0
86216U-C97,NO,5,0
86280U-JLQ,NO,5,0
86138U-JLQ,NO,5,0
86138U-JSC,NO,5,0
86142U-JLQ,NO,5,0
86142U-JPD,NO,5,0
86133U-JSB,NO,5,0
86375U-1KP,NO,5,0
86135U-JM7,NO,5,0
86135U-JSB,NO,5,0
86137U-JLQ,NO,5,0
86137U-JSC,NO,5,0
86141U-JLQ,NO,5,0
86141U-JPD,NO,5,0
86143U-JLQ,NO,5,0
86213U-0U6,NO,5,0
86217U-572,NO,5,0
6HSSMM3-P76BLCK,NO,5,0
6HSSMM3-PTBBLCK,NO,5,0
6HSSMM3-SASBLCK,NO,5,0
6HSSMM3-TRABLCK,NO,5,0
6HSSJS3-BCEGREN,NO,5,0
6HSSMM5-NYKRYBK,NO,5,0
6MUSBW1-TRABLCK,NO,5,0
6HSSJS0-ASGGYHT,NO,5,0
6HSSJS9-ASGROYA,NO,5,0
6HSSMM7-BNEWHBK,NO,5,0
6HSSJS8-ASGBLCK,NO,5,0
6HSSMM7-CBUWHRD,NO,5,0
6HSSMM7-LALWHPR,NO,5,0
6HSSMM5-CBUBKRD,NO,5,0
6HSSJS7-BNEBLCK,NO,5,0
6HSSJS7-CBURED1,NO,5,0
6HSSJS7-HROBLCK,NO,5,0
6HSSJS7-LALDKPR,NO,5,0
6HSSJS7-NYKROYA,NO,5,0
6HSSBA9-BNEBLCK,NO,5,0
6HSSMM2-SASGYHT,NO,5,0
6HSSMM3-CBUBKRD,NO,5,0
6HSSMM1-CCADRGD,NO,5,0
6HSSMM1-DPIRYRD,NO,5,0
6HSSMM4-MTIBLUE,NO,5,0
6HSSBA5-CBUBKRD,NO,5,0
6HSSBA8-DPIROYA,NO,5,0
6HSSBA5-SASBKTL,NO,5,0
6HSSMM7-CBURED1,NO,5,0
BH78B5-NYK-BHNB,NO,5,0
BH78DD-DMA-KMAI,NO,5,0
BH78DD-HRO-KIB7,NO,5,0
BH78DD-SAS-KIBF,NO,5,0
GT78HY06794806,NO,5,0
GT78HY06794003,NO,5,0
GT78HY06794040,NO,5,0
GT78HY06794031,NO,5,0
NBATS320145-WHT,NO,5,0
NBATS3201330-BLK,NO,5,0
NBATT52060-RED,NO,5,0
NBATT52062-BLU,NO,5,0
N199-6DL-8VF-NAC,NO,5,0
ADISBG50-YEL,NO,5,0
ADISBG50-YEL12,NO,5,0
RMTS52056-WHT,NO,5,0
RMTS52030-NVY,NO,5,0
RMTS52030-BLK,NO,5,0
RMTS52031-BLK,NO,5,0
RMJS52034-NVY,NO,5,0
RMTS52032-WHT,NO,5,0
RMTS52032-NVY,NO,5,0
RMTS52057-BLK,NO,5,0
RMTS52057-NVY,NO,5,0
RMTS52057-WHT,NO,5,0
RMJS52034-GRY,NO,5,0
RMJS52035-NVY,NO,5,0
RMJS32034-GRY,NO,5,0
RMTS32057-WHT,NO,5,0
RMTS32030-NVY,NO,5,0
RMTS32031-BLK,NO,5,0
RMTS319422-WHT,NO,5,0
RMTS319422-NVY,NO,5,0
RMTS32030-BLK,NO,5,0
RMTS32032-WHT,NO,5,0
RMTS32032-NVY,NO,5,0
RMJS32034-NVY,NO,5,0
RMHD32058-NVY,NO,5,0
RMJK52043-NVY,NO,5,0
RMJK52043-BLK,NO,5,0
RMPT52047-NVY,NO,5,0
RMJK32043-BLK,NO,5,0
RMSB52048-BLK,NO,5,0
RMSB52048-NVY,NO,5,0
RMSB52049-NVY,NO,5,0
LVSB52001-RED,NO,5,0
67NM-CBGH-7QF-2NB,NO,5,0
67NM-DCGH-7RF-2NB,NO,5,0
RMSB32048-BLK,NO,5,0
RMSB32048-NVY,NO,5,0
NBAPD520321-BLK,NO,5,0
NBAPD520322-BLK,NO,5,0
NBAPD520323-BLK,NO,5,0
GT19Y07954BKC,NO,5,0
GT19Y079541IC,NO,5,0
GT19Y07954JR9,NO,5,0
GT19Y07954WHC,NO,5,0
GT19Y07981DL+,NO,5,0
GT19Y079812WC,NO,5,0
GT19Y07981NYC,NO,5,0
GT18HY08089Z0Q,NO,5,0
GT18HY07418001,NO,5,0
GT18HY07418Z0Q,NO,5,0
RMJS52038-NVY,NO,5,0
RMJS52038-BLK,NO,5,0
RMJS52038-WHT,NO,5,0
RMJS52039-GRY,NO,5,0
RMJS52039-BLU,NO,5,0
RMJS52041-NVY,NO,5,0
RMJS52041-WHT,NO,5,0
RMPL52042-BLK,NO,5,0
RMPL52042-NVY,NO,5,0
RMSH52046-NVY,NO,5,0
RMJS32038-NVY,NO,5,0
RMJS32038-WHT,NO,5,0
RMJS32041-NVY,NO,5,0
RMJS32041-WHT,NO,5,0
RMSH32046-NVY,NO,5,0
LVTS52001-WHT,NO,5,0
LVTS52001-BLK,NO,5,0
LVJS52001-WHT,NO,5,0
LVTS52001-RED,NO,5,0
LVTS52002-BLK,NO,5,0
LVJS52002-RED,NO,5,0
LVJK52001-BLK,NO,5,0
LVTS32001-WHT,NO,5,0
LVTS32001-RED,NO,5,0
LVJS32001-WHT,NO,5,0
LVJS32002-RED,NO,5,0
LVSH32001-BLK,NO,5,0
LVSH32001-RED,NO,5,0
NBATS5201330-RED,NO,5,0
NBATS5201334-GRY,NO,5,0
81622407Q88GUX,NO,5,0
P0551B99,NO,5,0
P0551003,NO,5,0
GT78HY07718G61,NO,5,0
GT78HY07718GUX,NO,5,0
GT78HY08126PC0,NO,5,0
GT78HY08126031,NO,5,0
GT78HY08126003,NO,5,0
GT78HY08126806,NO,5,0
GT23HY08126PC0,NO,5,0
GT23HY08126806,NO,5,0
GT23HY08126031,NO,5,0
GT23HY077185TQ,NO,5,0
GT23HY07718YUT,NO,5,0
GT23HY07718K7P,NO,5,0
GF38HY07689BKC,NO,5,0
GF38HY076891IC,NO,5,0
P4504550028003,NO,5,0
P4504550028031,NO,5,0
T5747PC72,NO,5,0
GT78HY0679431,NO,5,0
ADISBAC18N-BLCKWHT,NO,5,0
ADIHBG75-BLCKWHT,NO,5,0
SWPJ320207-BLU,NO,5,0
ADIHBG75-BLACKWHT,NO,5,0
ASDIBAC015-BLKWHT,NO,5,0
ADISBG75-BLACKWHT,NO,5,0
ADIBAC12-BLACK,NO,5,0
RMSB320221-NVY,NO,5,0
SWSO320201-MULTI,NO,5,0
T0223003,NO,5,0
T0223031,NO,5,0
T0223806,NO,5,0
T0223G61,NO,5,0
T0223040,NO,5,0
T0223GUX,NO,5,0
T0223045,NO,5,0
T0223K8S,NO,5,0
T02239AX,NO,5,0
T0223029,NO,5,0
T4177586227045,NO,5,0
T5747P S BLACK,NO,5,0
T5747P NAVY,NO,5,0
T5747P  GREY,NO,5,0
T5747P  WHITE,NO,5,0
GT23HY06794K8S,NO,5,0
GT23H  ORANGE,NO,5,0
GT23HY07718TUM,NO,5,0
GT78H BLACK2,NO,5,0
GT78H NAVY,NO,5,0
GT78H SCARLET,NO,5,0
GT78H  THE WEB,NO,5,0
GT23HY08160806,NO,5,0
GT23HY08160UDX,NO,5,0
GT23HY081600XS,NO,5,0
GT23H586222003,NO,5,0
GT23H586222031,NO,5,0
GT23H586222806,NO,5,0
GT23H586222040,NO,5,0
GT23H586222045,NO,5,0
GT23H586222K8S,NO,5,0
GT23H586222UDX,NO,5,0
GT23H5862220XS,NO,5,0
GT22HY07718003,NO,5,0
GT22HY07718GUX,NO,5,0
GT22HY07718045,NO,5,0
G856HY07689003,NO,5,0
G856HY07689031,NO,5,0
G856HY07689806,NO,5,0
G856HY07689G61,NO,5,0
GP08H586296003,NO,5,0
GP08H586296031,NO,5,0
GP08H586296806,NO,5,0
GP08H586296G61,NO,5,0
P7308407Q88003,NO,5,0
P7308407Q88031,NO,5,0
P7308407Q88806,NO,5,0
P7308407Q88G61,NO,5,0
V7401 NAVY,NO,5,0
V1012 BLACK,NO,5,0
V1012 NAVY,NO,5,0
GT19 WHITE,NO,5,0
GT19 BLACK,NO,5,0
GT19 TEAM RED,NO,5,0
GF68 GRAY,NO,5,0
GF68586047BKC,NO,5,0
GT19586048-WHT,NO,5,0
GT19586048BKC,NO,5,0
GT19  GREEN,NO,5,0
GF567 WATER IRIS,NO,5,0
GF567  IRIS,NO,5,0
GF567  PINK,NO,5,0
GF567586147-DRAS,NO,5,0
W5950G LIGHT SEA,NO,5,0
W5950G DEEP RASP,NO,5,0
GT18H SEA GREEN,NO,5,0
GT18H DEEP RASP,NO,5,0
W5950G WHITE,NO,5,0
W5950G  GRAY,NO,5,0
W5950G BLACK,NO,5,0
W7448  GRAY,NO,5,0
W7448 BLACK,NO,5,0
M7443 GRAY,NO,5,0
M7443 BLACK,NO,5,0
M4374  NAVY,NO,5,0
W5950P PINK,NO,5,0
W5950P  NAVY,NO,5,0
GT78H586212003,NO,5,0
GT78H WHITE,NO,5,0
GT23HY06794045,NO,5,0
GT22HY07718031,NO,5,0
GT23H586212003,NO,5,0
GT23H586212045,NO,5,0
T4177586227003,NO,5,0
T4177586227031,NO,5,0
T4177586227806,NO,5,0
GT23H BLCK,NO,5,0
GT23H NVY,NO,5,0
GT23HY06794806,NO,5,0
GT23HGRANITE,NO,5,0
GT23HY06794040,NO,5,0
GT23HY07718GUX,NO,5,0
GT23HY07718014,NO,5,0
GT23HBLU,NO,5,0
GT23HY08160003,NO,5,0
GT23HY08160031,NO,5,0
GT23HY08160045,NO,5,0
GF567Y08160TUM,NO,5,0
GF567Y08160UN6,NO,5,0
GF567Y081608HC,NO,5,0
GF567Y08160023,NO,5,0
GF567Y08160001,NO,5,0
GF567586147023,NO,5,0
GT18HY08160T0L,NO,5,0
GT18HY08160MUO,NO,5,0
GT18HY08160UN6,NO,5,0
GT18HY081608HC,NO,5,0
GT18HY08160Z0Q,NO,5,0
GT18HY08160100,NO,5,0
GT18HY08160023,NO,5,0
GT18HY08160001,NO,5,0
W5950G586160UN6,NO,5,0
W5950G586160100,NO,5,0
W5950G586160023,NO,5,0
W5950G586160001,NO,5,0
GT18HY08113UN6,NO,5,0
GT18HY08113Z0Q,NO,5,0
GT18HY08113100,NO,5,0
W5671586140UN6,NO,5,0
W8742586158ATBA,NO,5,0
W874258615852O,NO,5,0
NKDI-00A-7L-FIX,NO,5,0
ADIBP03-BLU,NO,5,0
NKDI-00A-7W-FIX,NO,5,0
NKDI-3EE-7T-FIX,NO,5,0
NKDI-3GT-9P-FIX,NO,5,0
NKDI-3JD-86-FIX,NO,5,0
NKDI-41L-7Q-FIX,NO,5,0
NKDI-41S-78-FIX,NO,5,0
RMST2007-WHT,NO,5,0
81597U-JM7,NO,5,0
81601U-JM7,NO,5,0
81591U-JM7,NO,5,0
81597U-JLQ,NO,5,0
81599U-JLQ,NO,5,0
81599U-JM7,NO,5,0
81601U-JLQ,NO,5,0
81601U-JM9,NO,5,0
81603U-JLQ,NO,5,0
81603U-JM7,NO,5,0
21126U-096,NO,5,0
21126U-JCW,NO,5,0
21139U-JPP,NO,5,0
21139U-JPQ,NO,5,0
BCTS52051-BLU,NO,5,0
21124U-096,NO,5,0
UMJS52020-BLU,NO,5,0
UMJS52021-BLK,NO,5,0
21124U-JCW,NO,5,0
21124U-K95,NO,5,0
30811U-090,NO,5,0
86133U-JM7,NO,5,0
JVJS52053-BLK,NO,5,0
JVJS52055-BLK,NO,5,0
JVJS52056-BLK,NO,5,0
JVJS32050-BLK,SI,0,0
JVJS32053-BLK,NO,0,0
JVJS32055-BLK,SI,0,0
JVJS32056-BLK,SI,12,0
BCJS52056-NVY,NO,12,0
BCJS52056-BLK,NO,12,0
BCJS52057-BLU,NO,12,0
BCJS52058-BLU,NO,12,0
BCJS52058-NVY,NO,12,0
BCJS52059-BLU,NO,12,0
BCTS52069-NVY,NO,12,0
BCPL52055-RED,NO,12,0
BCPL52055-NVY,NO,12,0
BCSH52061-NVY,NO,12,0
BCSH52061-BLU,NO,12,0
BCSH52062-NVY,NO,12,0
BCSH52062-BLK,NO,12,0
BCJS32056-NVY,SI,2,0
BCTS32069-NVY,SI,1,0
BCTS32069-BLU,SI,0,0
BCJS32058-BLU,SI,23,0
BCJS32058-NVY,SI,19,0
BCSH32074-RED,NO,19,0
G2000T,NO,19,0
G1500T,NO,19,0
G1400T,NO,19,0
G1000T,SI,0,0
G500T,SI,1,0
GG-GS100,NO,1,0
UMSO52035-LIL,NO,1,0
UMSO52036-GRY,NO,1,0
UMSO52037-YEL,NO,1,0
30788U-N86,NO,1,0
BCSB52053-BLK,NO,1,0
BCSB52053-NVY,NO,1,0
30789U-075,NO,1,0
BCSB52066-NVY,NO,1,0
BCSB52066-BLK,NO,1,0
30789U-N86,NO,1,0
30806U-090,NO,1,0
30806U-JP4,NO,1,0
30807U-090,NO,1,0
ALSB52022-WHT,NO,1,0
ALSB52025-NVY,NO,1,0
30807U-JP4,NO,1,0
BCSB52067-NVY,NO,1,0
BCSB52067-BLU,NO,1,0
30808U-090,NO,1,0
UMJS52020-BLK,NO,1,0
UMJS52020-NVY,NO,1,0
30808U-JP4,NO,1,0
MUNSB52021-RED,NO,1,0
MUNSB52023-RED,NO,1,0
30808U-U56,NO,1,0
MUNSB52024-NVY,NO,1,0
BCSB52065-NVY,NO,1,0
30809U-090,NO,1,0
30809U-JP4,NO,1,0
30810U-090,NO,1,0
30810U-JP5,NO,1,0
21108U-JPP,NO,1,0
21108U-JPQ,NO,1,0
21110U-JPQ,NO,1,0
BCTS52051-NVY,NO,1,0
BCTS52050-NVY,NO,1,0
BCTS52052-NVY,NO,1,0
BCTS52052-BLK,NO,1,0
BCTS52081-BLK,NO,1,0
BCTS52081-NVY,NO,1,0
BCTS52081-GRY,NO,1,0
BCTS52081-RED,NO,1,0
BCTS52082-RED,NO,1,0
BCTS52082-NVY,NO,1,0
BCTS52082-BLK,NO,1,0
BCTS52054-NVY,NO,1,0
UMSH52030-NVY2,NO,1,0
BCSH32074-NVY,SI,18,0
TOYSB320201-NVY,NO,18,0
BCTS52054-RED,NO,18,0
30746U-JMA,NO,18,0
30747U-JMA,NO,18,0
BCTS52070-BLU,NO,18,0
30752U-JRK,NO,18,0
30753U-JRK,NO,18,0
BCTS52070-BLK,NO,18,0
30754U-JRK,NO,18,0
30778U-JM2,NO,18,0
BCSH52060-NVY,NO,18,0
30778U-JM4,NO,18,0
30780U-JM4,NO,18,0
BCHD52083-BLK,NO,18,0
BCHD52083-NVY,NO,18,0
JVTS52051-BLK,NO,18,0
JVTS52051-WHT,NO,18,0
JVTS52060-WHT,NO,18,0
JVTS52062-BLK,NO,18,0
JVJK52065-BLK,NO,18,0
JVSW52059-BLK,NO,18,0
JVPT52058-BLK,NO,18,0
30811U-JP4,NO,18,0
30811U-JP5,NO,18,0
30784U-JFU,NO,18,0
30788U-075,NO,18,0
BCTS32051-BLU2,NO,18,0
BCTS32051-BLU,NO,18,0
BCTS32051-NVY,NO,18,0
BCTS32050-NVY,NO,18,0
BCTS32081-RED,NO,18,0
BCTS32081-NVY,NO,18,0
BCTS32052-NVY,NO,18,0
BCTS32052-BLK,NO,18,0
BCTS32054-NVY,NO,18,0
BCTS32054-RED,NO,18,0
BCTS32070-NVY,NO,18,0
BCTS32070-BLU,NO,18,0
BCHD32083-NVY,NO,18,0
JVJS32051-BLK,NO,18,0
JVTS32062-BLK,NO,18,0
JVTS32079-BLK,NO,18,0
JVJK352065-BLK,NO,18,0
BCJK52063-NVY,NO,18,0
BCJK52063-BLK,NO,18,0
BCPT52064-NVY,NO,18,0
BCJK32063-NVY,SI,0,0
BCJK32063-BLK,SI,0,0
JVJK52066-WHT,NO,0,0
JVJS52050-BLK,NO,0,0
CARTS32024-RED,NO,0,0
MLBJS52021-NVY,NO,0,0
86217U-0U6,NO,0,0
86217U-C97,NO,0,0
86274U-JSB,NO,0,0
86275U-JLQ,NO,0,0
86276U-JLQ,NO,0,0
81566U-JPC,NO,0,0
81566U-JPD,NO,0,0
81621U-JLD,NO,0,0
81621U-JPH,NO,0,0
21120U-JPU,NO,0,0
21127U-K95,NO,0,0
21129U-096,NO,0,0
21129U-JCW,NO,0,0
21129U-K95,NO,0,0
21133U-JPU,NO,0,0
21077U-090,NO,0,0
21077U-096,NO,0,0
21141U-096,NO,0,0
21141U-157,NO,0,0
21141U-JCW,NO,0,0
21118U-JPV,NO,0,0
21119U-JPS,NO,0,0
21119U-JPU,NO,0,0
21121U-JPU,NO,0,0
21128U-JCW,NO,0,0
21130U-096,NO,0,0
21130U-JCW,NO,0,0
21130U-K95,NO,0,0
21134U-JPS,NO,0,0
21135U-JPV,NO,0,0
21097U-JPA,NO,0,0
21097U-JPB,NO,0,0
21098U-JP8,NO,0,0
21098U-JPA,NO,0,0
21099U-JP9,NO,0,0
21100U-JP6,NO,0,0
21100U-JP8,NO,0,0
21100U-JP9,NO,0,0
21100U-JPA,NO,0,0
21100U-JPB,NO,0,0
AGSB52021-BLK,NO,0,0
AGSB52022-BLK,NO,0,0
JVSB52069-BLK,NO,0,0
JVSB52070-BLK,NO,0,0
UMJS52021-WHT,NO,0,0
UMJS52021-NVY,NO,0,0
UMJS52022-BLK,NO,0,0
UMJS52022-TUR,NO,0,0
UMJS52022-GRY,NO,0,0
UMJS52023-BLK,NO,0,0
BCSB32053-NVY,NO,0,0
UMJS52023-NVY,NO,0,0
UMJS52024-BLK,NO,0,0
BCSB32065-NVY,NO,0,0
BCSB32067-BLU,NO,0,0
JVSB32069-BLK,NO,0,0
JVSB32070-BLK,NO,0,0
JVTS52079-BLK,NO,0,0
MLBSH52028-NVY,NO,0,0
BCSH32060-NVY,SI,24,0
UMJS52024-BLU,NO,24,0
UMJS52024-LIM,NO,24,0
UMJS52024-GRY,NO,24,0
UMJS52024-NVY,NO,24,0
UMJS52025-BLK,NO,24,0
UMJS52025-GRY,NO,24,0
UMJS52026-BLK,NO,24,0
UMJS52026-NVY,NO,24,0
21114U-JPP,NO,24,0
21114U-JPQ,NO,24,0
21105U-JPQ,NO,24,0
21107U-JPP,NO,24,0
21107U-JPQ,NO,24,0
21109U-JPQ,NO,24,0
21113U-JPQ,NO,24,0
21131U-JPQ,NO,24,0
21109U-JPP,NO,24,0
21093U-JPA,NO,24,0
21094U-JPA,NO,24,0
21096U-JPL,NO,24,0
21079U-JPA,NO,24,0
21079U-JPB,NO,24,0
21079U-JPX,NO,24,0
21082U-KDB,NO,24,0
21084U-356,NO,24,0
21087U-JLE,NO,24,0
21087U-JRA,NO,24,0
21102U-JPA,NO,24,0
21102U-JPX,NO,24,0
21095U-JPA,NO,24,0
21132U-JPX,NO,24,0
21136U-JPA,NO,24,0
21137U-JPA,NO,24,0
21115U-JPV,NO,24,0
21116U-JPS,NO,24,0
21116U-JPU,NO,24,0
21117U-JPV,NO,24,0
MKTS320201-WHT,NO,24,0
MKTS320202-RED,NO,24,0
MKTS320203-NVY,NO,24,0
MKTS320204-RED,NO,24,0
MKTS320205-BLU,NO,24,0
JVJK32065-BLK,NO,24,0
MKTS320206-NVY,NO,24,0
MCPJ320201-NVY,NO,24,0
MCPJ320202-BLU,NO,24,0
MCPJ320203-NVY,NO,24,0
MCTS320201-BLK,NO,24,0
MCTS320202-NVY,NO,24,0
MCTS320203-BLU,NO,24,0
MCTS320204-WHT,NO,24,0
MCST320205-NVY,NO,24,0
MLBJS52014-WHT,NO,24,0
MLBJS52014-NVY,NO,24,0
MLBJS52015-NVY,NO,24,0
CARTS32023-BLU,NO,24,0
UMPT52014-NVY,NO,24,0
CARST320206-RED,NO,24,0
MCST320208-NVY,NO,24,0
JVSB3202022-BLK,NO,24,0
MCSO3202022-MULTI,NO,24,0
GG-SU140-B,SI,0,0
BCST2007-NVY,SI,0,0
CARTS32021-RED,NO,0,0
CARTS32022-BLU,NO,0,0
TOYSB320203-BLU,NO,0,0
SWSB320201-GRY,NO,0,0
MNPJ420204-PNK,NO,0,0
MNSB420205-PNK,NO,0,0
VPSB420201-GRY,NO,0,0
MCPJ320205-BLK,NO,0,0
GG-4IN1-B,SI,3,0
GG-FBB,NO,3,0
GG-SQRACK,NO,3,0
GG-TAS001,NO,3,0
MNSB3202012-BLK,NO,3,0
MKSB320201-NVY,NO,3,0
MNSB320201-PNK,NO,3,0
UMJS52026-WHT,NO,3,0
UMJS52027-BLK,NO,3,0
UMJS52027-AQU,NO,3,0
UMJS52028-BLK,NO,3,0
UMJS52028-GRY,NO,3,0
UMJS52028-NVY,NO,3,0
UMJS52028-WHT,NO,3,0
UMJS52028-ROY,NO,3,0
UMJS52028-LGRY,NO,3,0
UMJS52029-BLK,NO,3,0
UMJS52029-WHT,NO,3,0
UMJS52029-TUR,NO,3,0
UMJS52029-GRY,NO,3,0
UMSH52030-BLK2,NO,3,0
UMSH52030-WHT,NO,3,0
UMSH52031-BLK,NO,3,0
UMSH52031-NVY,NO,3,0
UMSH52032-BLK,NO,3,0
UMSH52032-NVY,NO,3,0
UMSH52032-GRY,NO,3,0
UMJK52033-BLK,NO,3,0
UMJK52033-NVY,NO,3,0
UMJK52034-BLK,NO,3,0
UMPL52005-GRY,NO,3,0
UMPL52005-BLK,NO,3,0
UMPL52005-NVY,NO,3,0
UMJK52035-BLK,NO,3,0
UMPT52014-BLK,NO,3,0
UMSO52027.-RED,NO,3,0
GG-EKW,SI,13,0
UMSO52028-ROY,NO,13,0
UMSO52029-RED,NO,13,0
WGGBLBSM12,NO,13,0
UMSO52030-BLK,NO,13,0
UMSO52031-NVY,NO,13,0
WGGBLBLX12,NO,13,0
GG-CWBELT,SI,1,0
GG-RHD-10LB,SI,0,0
GG-RHD-15LB,SI,0,0
GG-RHD-20LB,SI,0,0
GG-RHD-25LB,SI,0,0
GG-RHD-30LB,SI,0,0
GG-RHD-35LB,SI,0,0
GG-RHD-40LB,SI,0,0
GG-RHD-45LB,SI,0,0
GG-RHD-50LB,SI,0,0
GG-RHD-60LB,SI,0,0
GG-RHD-70LB,SI,0,0
GG-NDB-1KG,SI,84,0
GG-NDB-2KG,SI,94,0
GG-NDB-3KG,SI,43,0
GG-NDB-4KG,SI,0,0
GG-NDB-5KG,SI,10,0
GG-NDB-6KG,SI,6,0
GG-NDBSET-KG,SI,0,0
GG-SFB-20LB,SI,0,0
GG-SFB-30LB,SI,0,0
GG-SFB-40LB,SI,0,0
GG-SFB-50LB,SI,0,0
GG-SFB-60LB,SI,0,0
GG-SFB-70LB,SI,0,0
GG-SFB-80LB,SI,0,0
GG-SFB-90LB,SI,0,0
GG-SFB-100LB,SI,0,0
GG-SFB-110LB,SI,0,0
GG-KBKIT-30LB,SI,0,0
GG-KB-5LB,SI,10,0
GG-KB-10LB,SI,0,0
GG-KB-15LB,SI,0,0
GG-PLKB-5LB,SI,42,0
GG-PLKB-10LB,SI,35,0
GG-PLKB-15LB,SI,32,0
GG-PLKB-20LB,SI,15,0
GG-PLKB-25LB,SI,9,0
GG-PLKB-30LB,SI,3,0
GG-PLKB-35LB,SI,0,0
GG-PLKB-40LB,SI,0,0
GG-PLKB-45LB,SI,0,0
GG-PLKB-50LB,SI,0,0
GG-CIKB-10LB,NO,0,0
GG-CIKB-15LB,NO,0,0
GG-CIKB-20LB,NO,0,0
GG-CIKB-25LB,NO,0,0
GG-CIKB-30LB,NO,0,0
GG-CIKB-35LB,NO,0,0
GG-CIKB-40LB,NO,0,0
GG-CIKB-45LB,NO,0,0
GG-CIKB-50LB,NO,0,0
GG-CIKB-55LB,NO,0,0
GG-CIKB-60LB,NO,0,0
GG-CIKB-65LB,NO,0,0
GG-CIKB-70LB,NO,0,0
GG-CIKB-75LB,NO,0,0
GG-CIKB-80LB,NO,0,0
GG-NKB-10LB,SI,0,0
GG-NKB-15LB,SI,0,0
GG-NKB-20LB,SI,0,0
GG-NKB-25LB,SI,0,0
GG-NKB-30LB,SI,0,0
GG-NKB-35LB,SI,0,0
GG-NKB-40LB,SI,0,0
GG-NKB-45LB,SI,0,0
GG-NKB-50LB,SI,0,0
GG-NKB-55LB,SI,0,0
GG-NKB-60LB,SI,0,0
GG-NKB-65LB,SI,0,0
GG-NKB-70LB,SI,0,0
GG-NKB-75LB,SI,0,0
GG-NKB-80LB,SI,0,0
GG-CRCKB-10LB,NO,0,0
GG-CRCKB-15LB,NO,0,0
GG-CRCKB-20LB,NO,0,0
GG-CRCKB-25LB,NO,0,0
GG-CRCKB-30LB,NO,0,0
GG-CRCKB-35LB,NO,0,0
GG-CRCKB-40LB,NO,0,0
GG-CRCKB-45LB,NO,0,0
GG-CRCKB-50LB,NO,0,0
GG-CRCKB-55LB,NO,0,0
GG-CRCKB-60LB,NO,0,0
GG-CRCKB-65LB,NO,0,0
GG-CRCKB-70LB,NO,0,0
GG-CRCKB-75LB,NO,0,0
GG-CRCKB-80LB,NO,0,0
GG-PKBELL-15LB,NO,0,0
GG-PKBELL-20LB,NO,0,0
GG-PKBELL-25LB,NO,0,0
GG-PKBELL-30LB,NO,0,0
GG-PKBELL-35LB,NO,0,0
GG-PKBELL-40LB,NO,0,0
GG-PKBELL-45LB,NO,0,0
GG-PKBELL-50LB,NO,0,0
GG-BBAR-4.6FEET,SI,19,0
GG-OGP-RUB-10KG,SI,6,0
GG-OGP-RUB-15KG,SI,5,0
GG-OGP-RUB-20KG,SI,0,0
GG-OGP-RUB-25KG,SI,0,0
GG-OBGP-CPU-2.5KG,NO,0,0
GG-OBGP-CPU-5KG,NO,0,0
GG-OBGP-CPU-10KG,NO,0,0
GG-OBGP-CPU-15KG,NO,0,0
GG-OBGP-CPU-20KG,NO,0,0
GG-OBGP-CPU-25KG,NO,0,0
GG-OWP-CPU-25LB,NO,0,0
GG-OWP-CPU-35LB,NO,0,0
GG-OWP-CPU-45LB,NO,0,0
GG-OWP-CPU-55LB,NO,0,0
GG-SWP-1KG,SI,0,0
GG-SWP-2.5KG,SI,27,0
GG-SWP-5KG,SI,0,0
GG-SWP-7.5KG,NO,0,0
GG-SWP-10KG,SI,12,0
GG-SWP-15KG,NO,12,0
GG-SWP-20KG,NO,12,0
GG-RGWP-5KG,NO,12,0
GG-RGWP-10KG,NO,12,0
GG-RGWP-15KG,NO,12,0
GG-RGWP-20KG,NO,12,0
GG-RGWP-25KG,NO,12,0
GG-DPOWERSET,SI,0,0
GG-10KGDSET-A,NO,0,0
GG-10KGDSET-B,NO,0,0
GG-20LBDSET-A,NO,0,0
GG-20LBDSET-B,NO,0,0
GG-15KGDSET-A,NO,0,0
GG-15KGDSET-B,NO,0,0
GG-30LBDSET-A,NO,0,0
GG-30LBDSET-B,NO,0,0
GG-15KG2PCSDSET,SI,0,0
GG-33LB2PCSDSET,NO,0,0
GG-10KGDSETCASEA,SI,5,0
GG-10KGDSETCASEB,NO,5,0
GG-20LBDSETCASEA,SI,9,0
GG-18KGDSETCASE,SI,1,0
GG-20KGDSETCASE,NO,1,0
GG-25KGDSETCASE-A,NO,1,0
GG-25KGDSETCASE-B,NO,1,0
GG-50KGDSETCASE-A,SI,1,0
GG-50KGDSETCASE-B,NO,1,0
GG-50KGDSETCASE-C,NO,1,0
RSWB-GG040T-2,NO,1,0
RSV-GG42-2,NO,1,0
GGSAW25516,NO,1,0
RSV-GG105-2,NO,1,0
SDA-GG14TRB-2,NO,1,0
GG-OB-5FEET,NO,1,0
GG-OB-6FEET,NO,1,0
GG-OB-7FEET,NO,1,0
GG-OB-TB,NO,1,0
GG-OB-SCB,NO,1,0
WGGRT2212,SI,0,0
GG-OBCOLLARS,SI,0,0
GG-BBAR-4.6FEET-BL,NO,0,0
GG-BBAR-5.9FEET,SI,0,0
GG-BBAR-6.5FEET,NO,0,0
GG-TB,NO,0,0
GG-SCB-BLK,NO,0,0
MATB-GG409-2,NO,0,0
WGGDBR12,NO,0,0
WGGRKOS12,NO,0,0
GG-ILMATS,SI,0,0
GG-AB55-G,SI,0,0
GG-AB65-G,SI,7,0
GG-AB75-G,SI,0,0
GG-AB55-B,SI,0,0
GG-AB65-B,SI,0,0
GG-AB75-B,SI,0,0
GG-AB55-Y,SI,0,0
GG-AB65-Y,SI,0,0
GG-AB75-YEL,NO,0,0
GG-YM3,SI,80,0
GG-YM6,SI,0,0
GG-YM10,SI,0,0
GG-YM10-2TONE,SI,0,0
GG-SROPE-G,SI,185,0
GG-CJR,SI,20,0
GG-CLJR,SI,17,0
GG-CBJR,SI,1,0
GG-LJR,SI,30,0
GG-SROPE4,SI,53,0
GG-SROPE1,SI,59,0
GG-SROPE2,SI,32,0
GG-SROPE3,SI,0,0
GG-SROPE5,SI,10,0
GG-DEW,SI,34,0
GG-ABROLLER,SI,10,0
GG-POWABROLL,SI,8,0
GG-PREMABROLL,SI,0,0
GG-EXSET,SI,0,0
WGGDG12,SI,0,0
GG-PTUBE-UL,SI,25,0
GG-PTUBE-L,SI,25,0
GG-PTUBE-M,SI,25,0
GG-PTUBE-H-YEL,NO,25,0
GG-PTUBE-U,SI,17,0
GG-SRTUBE,SI,0,0
WGGXB14,NO,0,0
GG-SBAND-UL,SI,10,0
GG-SBAND-L,SI,16,0
GG-SBAND-M,SI,16,0
GG-SBAND-H,SI,16,0
GG-SBAND-U,SI,0,0
GG-LLOOP-UL,SI,60,0
GG-LLOOP-L,SI,60,0
GG-LLOOP-M,SI,60,0
GG-LLOOP-H,SI,60,0
GG-LLOOP-U,SI,0,0
GG-MBANW-UL,SI,24,0
GG-MBANW-L,SI,60,0
GG-MBANW-M,SI,0,0
GG-MBANW-H,SI,0,0
GG-MBANW-U,SI,0,0
GG-MBANWSET,NO,0,0
GG-MBANS-UL,SI,0,0
GG-MBANS-L,SI,0,0
GG-MBANS-M,SI,0,0
GG-MBANS-H,SI,0,0
GG-MBANS-U,SI,0,0
GG-PBAND-UL,SI,7,0
GG-PBAND-L,SI,7,0
GG-PBAND-M,SI,0,0
GG-PBAND-H,SI,0,0
GG-PBAND-U,SI,0,0
WGGAWB12-BLK,SI,0,0
WGGAWBP15,SI,0,0
05-0396GG,SI,0,0
05-0395GG,SI,0,0
05-0412GG,SI,4,0
05-0413GG,NO,4,0
05-0414GG,NO,4,0
GG-MFDGYM,SI,0,0
GG-PUBARS,SI,25,0
WGGPUBY12,SI,7,0
GG-TPBARS,NO,7,0
GG-PRING-GB,SI,0,0
GG-HGRIPS-2PK,NO,0,0
GG-CHGRIPS,SI,0,0
HHG-GG001-2,SI,20,0
HHA-GG005A,SI,0,0
HHA-GG010A,SI,0,0
HHA-GG020A,SI,9,0
GG-SWW-2LB,SI,0,0
GG-SWW-2KG,NO,0,0
GG-AWW-2LB,SI,0,0
GG-AWW-4LB,SI,0,0
GG-AWW-6LB,SI,0,0
HHWV-GG020C,SI,3,0
GG-MEDBALL-2LB,SI,0,0
GG-MEDBALL-4LB,SI,0,0
GG-MEDBALL-6LB,SI,0,0
GG-MEDBALL-8LB,SI,0,0
GG-MEDBALL-10LB,SI,0,0
GG-MEDBALL-12LB,SI,0,0
GG-MEDBALL-14LB,SI,0,0
GG-MEDBALL-16LB,SI,0,0
GG-MEDBALL-18LB,SI,0,0
GG-MEDBALL-20LB,SI,0,0
GG-MEDBALL-25LB,SI,0,0
GG-WBALL-4LB,SI,0,0
GG-WBALL-6LB,SI,0,0
GG-WBALL-8LB,SI,0,0
GG-WBALL-10LB,SI,0,0
GG-WBALL-12LB,SI,0,0
GG-WBALL-14LB,SI,0,0
GG-WBALL-16LB,SI,0,0
GG-WBALL-18LB,SI,0,0
GG-WBALL-20LB,SI,0,0
GG-WBALL-25LB,SI,0,0
GG-WBALL-30LB,SI,0,0
WGGRP12,NO,0,0
GG-BROPE,SI,0,0
WGGBOX12,NO,0,0
GG-4TPBS-S,NO,0,0
GG-3IN1SPB-A,NO,0,0
GG-3IN1SPB-B,NO,0,0
WGGSTP13,SI,30,0
GG-45MR,NO,30,0
GG-61MR,NO,30,0
GG-2IN1YR,SI,0,0
GG-FTR-18,SI,0,0
GG-FTR-35.5,SI,0,0
GG-3IN1-FM,SI,0,0
WGGMST15,NO,0,0
GG-SPTOW-85-50,NO,0,0
GG-SPTOW-60-130,NO,0,0
GG-MSHT-145-80,NO,0,0
GG-CTOW-30-100-LB,NO,0,0
GG-CTOW-30-100-LG,NO,0,0
GG-CTOW-30-100-LM,NO,0,0
GG-ACPOUCH-B,NO,0,0
GG-RBELT-B,SI,0,0
GG-RD-5LB,SI,27,0
GB100,NO,27,0
GG-SBENCH-20,SI,0,0
GB200 BENCH,NO,0,0
GG-MWOB,NO,0,0
GG-S260,NO,0,0
GG-EGYM1.0,SI,1,0
GG-GBO300,NO,1,0
POWERT-GG,SI,0,0
G300T,SI,1,0
G700T,SI,0,0
GG-S200,NO,0,0
GG-PROB,SI,0,0
GG-ORB250,SI,1,0
PRACK-GG,NO,1,0
GG-G400MSTAT,SI,0,0
GG-SPIN120,SI,0,0
GG-PGYM,SI,2,0
GG-G500,SI,0,0
GG-SPIN100,SI,1,0
GG-SPIN1200,SI,0,0
GH200,NO,0,0
GG-GS5000L,SI,1,0
GG-GS5100L,NO,1,0
EGYM-2.0,NO,1,0
GG-GS7000L,SI,1,0
GG-GS7100L,NO,1,0
G600T,SI,1,0
GG-GS5000E,NO,1,0
GG-GS5100E,SI,0,0
GG-G1200LSPIN,NO,0,0
GG-GS7000E,NO,0,0
GG-GS7100E,SI,0,0
GG-G1100LSPIN,NO,0,0
GG-1300LSPIN,SI,0,0
GG-S6000L,NO,0,0
GG-S6100L,NO,0,0
GS1000,NO,0,0
GG-S6000E,NO,0,0
GG-S6100E,SI,0,0
GG-GT2000SB,NO,0,0
GG-SCOM-S3ELP,NO,0,0
GG-SCOM-S3ST,NO,0,0
GG-SMITHCAB-COM,NO,0,0
GG-ROWT,NO,0,0
GG-EGLOVES-L,NO,0,0
GG-LSTRAPS,SI,0,0
GG-WSSTRAP-M,NO,0,0
GG-F8LS,NO,0,0
GG-MENGLO-M-L,NO,0,0
GG-MENGLO-L-XL,NO,0,0
GG-LADGLO-S/M,SI,2,0
GG-LADGLO-M/L,SI,9,0
GG-LADGLO-L/XL,SI,15,0
GG-MENGLO-S-M,NO,15,0
GG-EGLOVES-S,NO,15,0
GG-EGLOVES-M,NO,15,0
GG-FLBENCH,SI,0,0
G1200T,SI,2,0
GG-GWSSTRAP-M,SI,0,0
UMSO52021-BLK,NO,0,0
UMSO52022-ORG,NO,0,0
GG-GWSSTRAP-L,SI,0,0
UMSO52023-WHT,NO,0,0
UMSO52024-TUR,NO,0,0
GG-EWW,SI,1,0
UMSO52026-RED,NO,1,0
MLBHD62101-NVY,NO,1,0
MLBTS62106-BLU,NO,1,0
MLBSW62101-NVY,NO,1,0
MLBSW62101-COR,SI,1,0
MLBTS62106-GRY,NO,1,0
MLBSW62103-GRY,NO,1,0
MLBSW62103-BLU,SI,0,0
MLBTS62107-GRY,NO,0,0
MLBTS62107-LIL,NO,0,0
MLBTS62108-GRY,NO,0,0
MLBTS62109-BLU,NO,0,0
MLBTS62109-GRY,NO,0,0
MLBTS62109-PNK,NO,0,0
MLBJP62101-GRY,NO,0,0
MLBJP62101-NVY,NO,0,0
MLBJP62102-GRY,NO,0,0
MLBJP62102-NVY,NO,0,0
MLBJP62103-GRY,NO,0,0
ALJK52116-GRY,NO,0,0
ALJS52101C-WHT,NO,0,0
ALJS52101D-WHT,NO,0,0
ALJS52103-BLK,NO,0,0
ALJS52110-WHT,NO,0,0
ALJS52110-NVY,NO,0,0
ALJS52110-BLK,NO,0,0
MUNJS52101-RED,NO,0,0
ALJS52102B-BLU,NO,0,0
ALJS52102C-BLU,NO,0,0
MUNJS52102-NVY,NO,0,0
ALPL52113-BLU,NO,0,0
MUNJS52103-ORG,NO,0,0
ALPL52113-WHT,NO,0,0
MUNPL52113-RED,NO,0,0
MUNJS52110-RED,NO,0,0
OLPL52113-WHT,NO,0,0
MUNJS52110-BLU,NO,0,0
OLJS62101-WHT,NO,0,0
OLJS52101-WHT,NO,0,0
OLLJS52101-WHT,NO,0,0
OLJS52102-RED,NO,0,0
OLJS52103-BLK,NO,0,0
OLLJS52103-BLK,NO,0,0
OLJS52110-WHT,NO,0,0
OLJS52110-RED,NO,0,0
OLJS52110-BLK,NO,0,0
OLJS62102-RED,NO,0,0
OLJS62103-BLK,NO,0,0
ALJS52102-BLU,NO,0,0
ALJS52102D-BLU,NO,0,0
ALJS52111-BLK,NO,0,0
ALJS52104-GRN,NO,0,0
ALJS52104B-GRN,NO,0,0
MUNPL52113-NVY,NO,0,0
OLPL52113-RED,NO,0,0
ALJS52104C-GRN,NO,0,0
ALPT52115-GRY,NO,0,0
ALJS52104D-GRN,NO,0,0
MUNPT52115-BLK,NO,0,0
OLPT52115-BLK,NO,0,0
ALJS52104-PUR,NO,0,0
ALJS52104B-PUR,NO,0,0
ALJS52104C-PUR,NO,0,0
NKDI-41S-7RD-FIX,NO,0,0
NBAPD520326-BLK,NO,0,0
NBAPD520315-BLK,NO,0,0
NBAPD320315-BLK,NO,0,0
NBAPD320318-BLK,NO,0,0
NBAPJ52006-RED,NO,0,0
NBAPJ52007-PUR,NO,0,0
NBAPJ52008-RED,NO,0,0
NBAPJ52009-PUR,NO,0,0
NBAST52010-RED,NO,0,0
NBAST52011-YEL,NO,0,0
RMSH52045-NVY,NO,0,0
RMSH32045-NVY,NO,0,0
67NM-KCGH-7GF-2NA,NO,0,0
67NM-NGGH-8IF-2NA,NO,0,0
67NM-NSGH-7WF-2NA,NO,0,0
67NM-SFGH-73F-2NA,NO,0,0
N199-00A-73F-NAA,NO,0,0
N199-00A-86F-NAA,NO,0,0
N199-00A-8GF-NAA,NO,0,0
N199-00A-96F-NAA,NO,0,0
N199-2DI-93F-NAB,NO,0,0
N199-41L-7QF-NAA,NO,0,0
N199-41S-78F-NAA,NO,0,0
N199-65N-7GF-NAA,NO,0,0
NFLJS32058-BLK,SI,8,0
8081CB087,NO,8,0
8083CBGHR,NO,8,0
8083CBNVY,NO,8,0
8085CBBLK,NO,8,0
NFLTS52187-BLK3,NO,8,0
NFLTS52187-BLK4,SI,1,0
NFLTS52187-RED2,NO,1,0
NFLTS52187-RED3,SI,0,0
NFLTS52187-BLK5,NO,0,0
NFLJS521000-NVY,SI,10,16
NFLJS521000-NVY2,SI,0,0
NFLJS521000-AQU,SI,27,0
NFLSH52101-NVY,NO,27,0
NFLSH52101-BLK,NO,27,0
NFLJS521000-BLK,SI,6,11
NFLSH52101-BLK2,NO,6,11
NFLSH52101-BLK3,NO,6,11
NFLJS521000-BLK2,SI,11,14
NFLSH52101-BLK4,NO,11,14
NFLSH52101-BLK5,NO,11,14
NFLJS521000-BLK3,SI,7,12
NFLPD52101-BLK2,NO,7,12
NFLPD52101-BLK3,NO,7,12
NFLJS521000-TEA,SI,0,22
NFLPD52101-NVY,NO,0,22
NFLPD52101-BLK4,NO,0,22
NFLJS521000-PUR,SI,0,0
NFLPD52101-BLK,NO,0,0
NFLJS521000-BLU,SI,0,0
NFLJS521000-RED,SI,30,3
NFLJS521000-BLK4,SI,0,0
NFLJS521000-BLK5,SI,0,0
NFLJS521000-RED2,SI,11,15
NFLJS521000-RED3,SI,13,16
NFLSH52101-NVY2,NO,13,16
NFLSH52101-BLK6,NO,13,16
NFLSH52101-BLK7,NO,13,16
NFLSH52101-BLK8,NO,13,16
NFLPD52101-BLK5,NO,13,16
NFLPD52101-BLK6,NO,13,16
NFLPD52101-BLK7,NO,13,16
NFLPD52101-BLK8,NO,13,16
NFLPD52101-BLK9,NO,13,16
NFLTS52159-BLK,NO,13,16
NFLBN52101-RED2,NO,13,16
NFLBN52101-BLK2,NO,13,16
NFLTS52159-RED,NO,13,16
NFLPT52177-BLK,NO,13,16
NFLTS52159-NVY,NO,13,16
NFLPT52177-BLK2,NO,13,16
NFLPT52177-NVY,NO,13,16
NFLTS52159-BLK2,NO,13,16
NFLTS52159-GRN,NO,13,16
NFLTS52159-NVY2,NO,13,16
NFLTS52159-NVY3,NO,13,16
NFLTS52159-TEA,NO,13,16
NFLTS52159-RED2,NO,13,16
NFLTS52159-RED3,NO,13,16
NFLSH52102-NVY,NO,13,16
NFLSH52102-BLK,NO,13,16
NFLSH52102-BLK2,NO,13,16
NFLSH52102-BLK3,NO,13,16
NFLSH52102-GRY,NO,13,16
NFLSH52102-BLK4,NO,13,16
NFLSH52102-NVY2,NO,13,16
NFLSH52102-BLK5,NO,13,16
NFLSH52102-BLK6,NO,13,16
NFLSH52102-BLK7,NO,13,16
NFLPT52177-BLK3,NO,13,16
NFLPT52177-BLK4,NO,13,16
NFLPT52177-NVY2,NO,13,16
NFLPT52177-BLK5,NO,13,16
NFLPT52177-NVY3,NO,13,16
NFLPT52177-BLK6,NO,13,16
NFLPT52177-BLK7,NO,13,16
NFLLS52168-NVY,NO,13,16
NFLLS52168-GRN,NO,13,16
NFLPDS52102-BLK,NO,13,16
NFLPDS52102-BLK2,NO,13,16
NFLLS52168-BLK,NO,13,16
NFLBN52101-BLK5,NO,13,16
NFLBN52101-AQU,NO,13,16
NFLLS52168-BLK2,NO,13,16
NFLLS52168-RED,NO,13,16
NFLLS52168-NVY2,NO,13,16
NFLLS52168-TEA,NO,13,16
NFLLS52168-NVY3,NO,13,16
NFLLS52168-RED2,NO,13,16
NFLLS52168-RED3,NO,13,16
NFLBN52101-RED,NO,13,16
NFLPDS52102-BLK3,NO,13,16
NFLPDS52102-NVY,NO,13,16
NFLPDS52102-BLK4,NO,13,16
NFLPDS52102-BLK5,NO,13,16
NFLHD52140-BLK,NO,13,16
NFLPDS52102-BLK6,NO,13,16
NFLPDS52102-BLK7,NO,13,16
NFLPDS52102-BLK8,NO,13,16
NFLPDS52102-RED,NO,13,16
NFLBN52101-NVY,NO,13,16
NFLBN52101-BLK3,NO,13,16
NFLHD52140-RED,NO,13,16
NFLBN52101-NVY2,NO,13,16
NFLBN52101-BLK4,NO,13,16
NFLHD52140-NVY,NO,13,16
NFLHD52140-GRN,NO,13,16
NFLHD52140-BLK2,SI,0,0
NFLHD52140-NVY2,NO,0,0
NFLHD52140-TEA,NO,0,0
NFLHD52140-RED2,NO,0,0
NFLHD52140-NVY3,NO,0,0
NFLHD52140-RED3,NO,0,0
NFLSC52101-RED,NO,0,0
NFLSW521109-RED,NO,0,0
NFLSW521109-BLK,NO,0,0
NFLSC52101-RED2,NO,0,0
NFLSC52101-BLK2,NO,0,0
NFLSC52101-NVY2,NO,0,0
NFLSC52101-BLK3,NO,0,0
NFLSW521109-NVY,NO,0,0
NFLSC52101-NVY3,NO,0,0
NFLSC52101-TEA,NO,0,0
NFLSC52101-GRN,NO,0,0
NFLSC52101-AQU,NO,0,0
NFLSW521109-YEL,NO,0,0
NFLSW521109-BLK2,NO,0,0
NFLSW521109-GRN,NO,0,0
NFLSW521109-NVY2,NO,0,0
NFLSW521109-NVY3,NO,0,0
NFLSW521109-BLK3,NO,0,0
NFLSW521109-BLK4,NO,0,0
GF88HY067941IC,NO,0,0
H05793045,NO,0,0
W4909586417023,NO,0,0
W4909586417100,NO,0,0
H05795586443003,NO,0,0
GF022586336AUCB,NO,0,0
GF68586332AUCB,NO,0,0
H05795586443045,NO,0,0
GF93458641394H,NO,0,0
GF93458641725Q,NO,0,0
H05795586443AUCB,NO,0,0
W490958641725Q,NO,0,0
W4909586417Z0Q,NO,0,0
GF68586332AZ4C,NO,0,0
W5672586158A54C,NO,0,0
W5923407D55AEAD,NO,0,0
GF685863332WC,NO,0,0
GF68586333BKC,NO,0,0
GF68586333WHC,NO,0,0
GF68Y06145+UN,NO,0,0
GF68Y06145AZ4C,NO,0,0
W5671586426RC7,NO,0,0
W5672586158001,NO,0,0
GF68Y06145J0L,NO,0,0
GF68Y06145WHC,NO,0,0
GF69Y061451IC,NO,0,0
GF89H5865061IC,NO,0,0
GF89H586506BKC,NO,0,0
GF89H586506NU8,NO,0,0
GF89H586506NYC,NO,0,0
GF89H586506WHC,NO,0,0
GF89HY06794NYC,NO,0,0
GF89HY06794WHC,NO,0,0
GF89HY08160NYC,NO,0,0
S2974549967A6HC,NO,0,0
S4569549967A51C,NO,0,0
GF934586417Z0Q,NO,0,0
GF934Y08160Z0Q,NO,0,0
S5876407D55A57C,NO,0,0
T4177549921031,NO,0,0
T4177549921806,NO,0,0
T4177549921ASQG,NO,0,0
T4177549921LTJ,NO,0,0
W5923407D55AEFD,NO,0,0
WL659586389045,NO,0,0
NKDI-41S-8K-FIX,NO,0,0
NKDI-4EW-8I-FIX,NO,0,0
NKDI-65N-7G-FIX,NO,0,0
NKDI-6DL-73-FIX,NO,0,0
NKDK-00A-7W-CMD,NO,0,0
NKDK-06G-7G-CMD,NO,0,0
NKDK-3EE-7T-CMD,NO,0,0
NKDK-41L-7Q-CMD,NO,0,0
NKDK-41S-7RD-CMD,NO,0,0
NKDK-41S-8K-CMD,NO,0,0
NKDK-4EW-8I-CMD,NO,0,0
NKDK-6DL-73-CMD,NO,0,0
ADISBAC18C-BLCKPNK,NO,0,0
NBATS519113-WHT,NO,0,0
NBATS52028-BLK,NO,0,0
NBATS52026-BLK,NO,0,0
NBATS519111-WHT,NO,0,0
NBATS520209-BLK,NO,0,0
NFLTS52101-NVY,NO,0,0
NFLTS52101-GRN,NO,0,0
NFLTS52101-BLK,NO,0,0
NFLTS52101-AQU,SI,19,0
NFLTS52101-BLK2,NO,19,0
NFLTS52101-TEA,NO,19,0
NFLTS52101-NVY2,NO,19,0
NFLTS52101-RED,NO,19,0
NFLTS52101-RED2,NO,19,0
NFLTS52101-RED3,NO,19,0
NFLTS52101-BLK3,NO,19,0
NFLTS52187-NVY,NO,19,0
NFLTS52187-GRN,NO,19,0
NFLTS52187-BLK,SI,0,0
NFLTS52187-AQU,NO,0,0
NFLTS52187-WHT,NO,0,0
NFLTS52187-NVY2,NO,0,0
NFLTS52187-RED,NO,0,0
CH683CL03,NO,0,0
NFLTS52187-BLK2,NO,0,0
GT24HY07718806,NO,0,0
GF70Y06145+UN,NO,0,0
M2270C586430IEK,NO,0,0
M2270C586430YI1,NO,0,0
M5689G550761001,NO,0,0
M5689G586423023,NO,0,0
M5921A54C,NO,0,0
GT24HY07703ASSG,NO,0,0
GF88H586506NYC,NO,0,0
GF567586412023,NO,0,0
GF567586412100,NO,0,0
GF88H586506WHC,NO,0,0
GF56758641294H,NO,0,0
GF567586412RC7,NO,0,0
GF88HY067940OC,NO,0,0
GF567586417023,NO,0,0
GF567586417100,NO,0,0
GF88HY067942WC,NO,0,0
GF88HY06794NYC,NO,0,0
GF88HY06794WHC,NO,0,0
GF88HY07718AMXG,NO,0,0
GF88HY07718ASQG,NO,0,0
GF56758641725Q,NO,0,0
GF567586417LA+,NO,0,0
GF567586417YI1,NO,0,0
GF567Y0811394H,NO,0,0
GF567Y08113IEK,NO,0,0
GF567Y08113LA+,NO,0,0
GF22H586296BKC,NO,0,0
GF22H586554BKC,NO,0,0
GF22H586554NYC,NO,0,0
GF937001,NO,0,0
GF937023,NO,0,0
GF937Y07459IEK,NO,0,0
M0590001,NO,0,0
M0590023,NO,0,0
M0590G61,NO,0,0
M0590Z0Q,NO,0,0
M0944023,NO,0,0
M5073G586424A65C,NO,0,0
M5073G586424AD7D,NO,0,0
M5073G586441001,NO,0,0
M6028PA54C,NO,0,0
85878Z0Q,NO,0,0
85924550742G61,NO,0,0
86058NU2,NO,0,0
GF38HY076890OC,NO,0,0
GF38HY07689ASQG,NO,0,0
GF70Y061452WC,NO,0,0
GF70Y06145AZ4C,NO,0,0
GF70Y06145AZPC,NO,0,0
GF70Y06145YI8,NO,0,0
M2270001,NO,0,0
GF88H5865061IC,NO,0,0
GF88H586506BKC,NO,0,0
M2270C58643025Q,NO,0,0
ADICL02B-HGRYBLK,NO,0,0
GF22H5862291IC,NO,0,0
GF22H586229BKC,NO,0,0
NBATS519113-BLK,NO,0,0
V7458590053003,NO,0,0
GF705900332UC,NO,0,0
GF01590026BKC,NO,0,0
GF68590018BKC,NO,0,0
GF68590039BKC,NO,0,0
GF68590040BKC,NO,0,0
GF68590025BKC,NO,0,0
GF68590025WHC,NO,0,0
GF857590014003,NO,0,0
GT195900342UC,NO,0,0
WL1873590016003,NO,0,0
WL1873590016045,NO,0,0
UFTS52117-RED,NO,0,0
UFTS52102-BLK,NO,0,0
UFTS52105-RED,NO,0,0
UFHD52105-GRY,NO,0,0
UFHD52106-RED,NO,0,0
UFHD52103-BLU,NO,0,0
UFHD52104-BLU,NO,0,0
UFHD52101-BLK,NO,0,0
UFHD52102-RED,NO,0,0
UFJS52114-WHT,NO,0,0
UFSH52114-RED,NO,0,0
UFJS52116-RED,NO,0,0
UFSH52116-RED,NO,0,0
UFJS52113-BLU,NO,0,0
UFSH52113-BLU,NO,0,0
UFJS52112-RED,NO,0,0
ALJS52104D-PUR,NO,0,0
ALJS52104-PNK,NO,0,0
MUNJS52111-BLK,NO,0,0
MUNJS52104-NVY,NO,0,0
MUNJS52104-PUR,NO,0,0
OLJS52111-BLK,NO,0,0
GG-RD-10LB,SI,5,0
GG-RD-15LB,SI,0,0
GG-RD-20LB,SI,9,0
GG-RD-25LB,SI,4,0
GG-RD-30LB,SI,4,0
GG-RD-35LB,SI,0,0
GG-RD-40LB,SI,0,0
GG-RD-45LB,SI,0,0
GG-RD-50LB,SI,0,0
GG-RD-55LB,SI,0,0
GG-RD-60LB,SI,0,0
GG-RD-65LB,SI,0,0
GG-RD-70LB,SI,0,0
GG-RD-75LB,SI,0,0
GG-RD-80LB,SI,0,0
GG-RD-85LB,SI,0,0
GG-RD-90LB,SI,0,0
GG-RD-95LB,SI,0,0
GG-RD-100LB,SI,0,0
GG-SFB-20LB-EZ,NO,0,0
GG-SFB-30LB-EZ,NO,0,0
GG-SFB-40LB-EZ,NO,0,0
GG-SFB-50LB-EZ,NO,0,0
GG-SFB-60LB-EZ,NO,0,0
GG-SFB-70LB-EZ,NO,0,0
GG-SFB-80LB-EZ,NO,0,0
GG-SFB-90LB-EZ,NO,0,0
GG-SFB-100LB-EZ,NO,0,0
GG-SFB-110LB-EZ,NO,0,0
GG-40LBDSETCASE-A,NO,0,0
GG-40LBDSETCASE-B,NO,0,0
UMSO52033-WHT,NO,0,0
UMSO52034-ROY,NO,0,0
MLBHD62103-GRY,NO,0,0
MLBSW62103-PNK,NO,0,0
MLBTS62107-NVY,NO,0,0
MLBTS62108-NVY,NO,0,0
MLBTS62104-GRY,NO,0,0
MLBTS62105-COR,NO,0,0
MLBTS62104-NVY,NO,0,0
MLBTS62105-NVY,NO,0,0
UFSH52112-NVY,NO,0,0
UFJS52115-BLU,NO,0,0
UFSH52115-BLU,NO,0,0
UFJS52111-WHT,NO,0,0
GF567Y08113Z0Q,NO,0,0
GF569549302+UN,NO,0,0
GF5695493027PM,NO,0,0
GF5695493029QI,NO,0,0
GF850Y06145045,NO,0,0
GF850Y061452UC,NO,0,0
M6209F6X,NO,0,0
W1753TF6X,NO,0,0
W5950G586435YI1,NO,0,0
W5950O407D55AEFD,NO,0,0
W5670586158A54C,NO,0,0
W5670586158A5CC,NO,0,0
GT19586332AUCB,NO,0,0
GT195863382WC,NO,0,0
W6189586544023,NO,0,0
GT19586338BKC,NO,0,0
GT19586376WHC,NO,0,0
WL720G5863962UC,NO,0,0
W5950PASDG,NO,0,0
WL7273586406003,NO,0,0
WL7273586406AUCB,NO,0,0
WL827586389003,NO,0,0
GT23H586211806,NO,0,0
GT23H586462806,NO,0,0
GT23H586506003,NO,0,0
GT23H586506031,NO,0,0
GT23H586506045,NO,0,0
GT23H586506806,NO,0,0
GT23H586556031,NO,0,0
GT23H586556806,NO,0,0
GT23H586557003,NO,0,0
GT23H586557045,NO,0,0
GT23H586557ASQG,NO,0,0
GT23H586559031,NO,0,0
GT23H586559045,NO,0,0
GT23HY07718MLV,NO,0,0
GT18H586415100,NO,0,0
GT18H58641594H,NO,0,0
GT58H586320045,NO,0,0
GT78H586506003,NO,0,0
GT78H586506045,NO,0,0
GT78H586506806,NO,0,0
W5950B586160ATDG,NO,0,0
W5950G55075794H,NO,0,0
GT78HY08160031,NO,0,0
W5950G550757RC7,NO,0,0
W5950G586435LA+,NO,0,0
T570458649404W,NO,0,0
T5704586494QZN,NO,0,0
T5860407D55A55C,NO,0,0
T5860407D55A59C,NO,0,0
WL827586389045,NO,0,0
WL8275863897PM,NO,0,0
WL881549302AUCB,NO,0,0
GT18H586416001,NO,0,0
GT18H586416RC7,NO,0,0
GT18H586417LA+,NO,0,0
GT18H586417YI1,NO,0,0
GT18H586417Z0Q,NO,0,0
B1429G586647001,NO,0,0
GT18HY0811325Q,NO,0,0
GT18HY0811394H,NO,0,0
GT18HY08113IEK,NO,0,0
GT18HY08113RC7,NO,0,0
GT18HY08113YI1,NO,0,0
GT18HY08160YI1,NO,0,0
GT94958641725Q,NO,0,0
UFSH52111-BLK,NO,0,0
UFJS52101-BLK,NO,0,0
GF567586136001,NO,0,0
GF934586417100,NO,0,0
GF934586417001,NO,0,0
8447CB087,NO,0,0
8447CBNVY,NO,0,0
8631CB087,NO,0,0
8631CBNVY,NO,0,0
8372CB087,NO,0,0
8372CBBLK,NO,0,0
8083CBSUW,NO,0,0
8387CB087,NO,0,0
8083CBWHT,NO,0,0
8085CBWHT,NO,0,0
8158CB2O0,NO,0,0
8158CBSCA,NO,0,0
8158CBWHT,NO,0,0
8372CBOHR,NO,0,0
W5680550757012,NO,0,0
W56805507574H7,NO,0,0
B1429P5496949PB,NO,0,0
W5687G5507707YF,NO,0,0
W5687G550770C5E,NO,0,0
W5683G550771001,NO,0,0
W5681G55075758F,NO,0,0
W5667P1LJ,NO,0,0
81622407Q88QUJ,NO,0,0
T57105507514X1,NO,0,0
GT23HY081285F4,NO,0,0
GT24HY077031QQ,NO,0,0
T57105507511M4,NO,0,0
T5695549914X8N,NO,0,0
GT20HY08125081,NO,0,0
GT20HY081254K3,NO,0,0
CH5010PJ911O3,NO,0,0
CH501GRY911O3,NO,0,0
CH507TBD911O3,NO,0,0
CH509+FF911O6,NO,0,0
CH509U3L911O6,NO,0,0
CH501BLK911O3,NO,0,0
CH616YK1,NO,0,0
CH683100,NO,0,0
CH683E78,NO,0,0
CH684NB8,NO,0,0
84956407Z98QW5,NO,0,0
84956407Z98003,NO,0,0
TSD-FEX-01,NO,0,0
WL827549302806,NO,0,0
WL659549302031,NO,0,0
GF750Y06145003,NO,0,0
GF750Y06145040,NO,0,0
GF750Y0614557F,NO,0,0
GF750Y08008806,NO,0,0
GF750Y08008003,NO,0,0
GF757Y08008031,NO,0,0
B1671023,NO,0,0
B1429G551234100,NO,0,0
GF68Y08117WHC,NO,0,0
GF70Y06145WHC,NO,0,0
GF70Y061451IC,NO,0,0
GF70Y06145BKC,NO,0,0
GF70Y06145NYC,NO,0,0
GF70Y06145BYC,NO,0,0
GF68Y061451IC,NO,0,0
GT22HY07718040,NO,0,0
GF567586417Z0Q,NO,0,0
W5927P586540A54C,NO,0,0
W5927P586540A5CC,NO,0,0
WL144586389045,NO,0,0
WL1445863897PM,NO,0,0
ADICL02B-BLKWHT,NO,0,0
ADICL02B-WHTBLK,NO,0,0
ADICL02B-GRNGOLD,NO,0,0
GT24HY077039Q8,NO,0,0
GF38HY076897YF,NO,0,0
87294407Z32NQT,NO,0,0
WL720G551058045,NO,0,0
WL720G551058QQC,NO,0,0
NBAHD321001-BLK5,SI,0,0
NBAHD321001-BLU,SI,0,0
NBAHD321001-GRY,SI,0,0
NBAHD321001-RED,SI,19,16
NFLHD52100-GRY2,NO,19,16
NFLHD52100-BLK5,NO,19,16
NFLHD52100-BLK3,NO,19,16
NFLHD52100-BLK2,NO,19,16
NFLHD52100-NVY2-S,NO,19,16
NFLHD52100-GRY,NO,19,16
NFLHD52100-GRN,NO,19,16
NBACT621198-BLK5,NO,19,16
NBACT621198-RED,NO,19,16
NBACT621198-BLK4,NO,19,16
NBACT621230-BLU2,SI,22,0
NFLHD52100-BLK,NO,22,0
NFLHD52100-NVY,NO,22,0
NBASH621283-BLK6,NO,22,0
NBASH621283-BLK5,NO,22,0
NBATS321601-BLK2,NO,22,0
NBAHD321001-YEL,SI,20,15
NFLDW2104-RED2,NO,20,15
NFLDW2104-BLK2,NO,20,15
NBADW2108-RED,NO,20,15
NBATS521622-BLK4,NO,20,15
NBATS521622-BLK2,SI,0,0
NBATS321430-WHT2,NO,0,0
NBAHD321613-BLK5,NO,0,0
NBAPT52149-BLK3,NO,0,0
NBAPT52149-GRY,NO,0,0
NBAPT52149-BLK2,NO,0,0
NBAPT52149-BLU,NO,0,0
NBAPT52149-PUR,NO,0,0
NBAETS521908-YEL,NO,0,0
NBAPT52149-BLK,NO,0,0
NBAETS521902-WHT,NO,0,0
NBAJK52148-PUR,SI,1,0
NBAJK52148-BLK,SI,0,0
NBASH52148-BLK3,NO,0,0
NBASH52148-GRY,NO,0,0
NBASH52148-BLK2,NO,0,0
NBASH52148-BLU,NO,0,0
NBASH52148-PUR,SI,0,0
NBASH52148-BLK,SI,1,0
NBATT52147-RED,NO,1,0
NBATT52147-GRY,SI,13,0
NBATT52147-BLK2,NO,13,0
NBATT52147-BLU,SI,13,0
NBATT52147-PUR,NO,13,0
NBATT52147-BLK,NO,13,0
NBATS52147-RED,NO,13,0
NBATS52147-GRY,NO,13,0
NBATS52147-BLK2,SI,1,0
NBATS52147-BLU,NO,1,0
NBATS52147-BLK,NO,1,0
GT18H586138HXF,NO,1,0
NBASH321551-GRN,NO,1,0
NBABN52100-RED2,NO,1,0
NBAPT321607-BLK3,NO,1,0
NBATS621237-NVY,NO,1,0
NBAHD521812-RED,NO,1,0
NBATS621237-CYN,NO,1,0
NFLHD52100-BLK4,NO,1,0
NBATS621237-BLK2,NO,1,0
NBATS621237-BLU,NO,1,0
NBATS621237-TEA,NO,1,0
NBAPT32149-PUR,NO,1,0
NBATS521430-PUR,SI,0,0
NFLSH32102-NVY,NO,0,0
NBATS521427-BLK6,NO,0,0
NBAPT621161-WHT,NO,0,0
NBAHD621287-WHT,NO,0,0
NBASH621280-WHT,NO,0,0
NBASW621280-WHT,NO,0,0
NBAHD321614-BLK3,NO,0,0
NBAHD321614-GRY,NO,0,0
NBAHD321614-NVY,NO,0,0
NBAHD321614-BLK2,NO,0,0
NBAHD321614-RED,NO,0,0
NBAHD321614-BLK,NO,0,0
NBATS321582-WHT,SI,13,0
NBATS621825-YEL2,NO,13,0
NBATS320471-WHT,SI,4,0
NBATS621825-RED2,NO,4,0
NBATS320471-RED,SI,2,0
MLBSW62101-GRY,NO,2,0
MLBTS62101-WHT,SI,0,0
03050211,NO,0,0
03020167,NO,0,0
03050203,NO,0,0
03050210,NO,0,0
03020142,NO,0,0
03020165,NO,0,0
03050196,NO,0,0
03020164,NO,0,0
02020082,NO,0,0
03020149,NO,0,0
03060246,NO,0,0
03020156,NO,0,0
03020168,NO,0,0
ESSH52101-NVY,NO,0,0
ESSH52101-WHT,NO,0,0
ESJS32101-ROY,NO,0,0
ESJS32102-WHT,NO,0,0
ESJS52104-NVY,NO,0,0
ESJS52105-BLK,NO,0,0
ESSH52102-NVY,NO,0,0
ESSH52103-NVY,NO,0,0
ESJS520210-NVY,NO,0,0
ESSH520210-NVY,NO,0,0
JMJS52101-YEL,NO,0,0
GMJK52102-BLK,NO,0,0
JMSH52101-YEL,NO,0,0
JMSH52101-BLK,NO,0,0
JMJS62101-YEL,NO,0,0
JMJS52102-BLK,NO,0,0
GMJS52103-BLK,NO,0,0
GMJS52103-GRY,NO,0,0
JMJS62102-BLK,NO,0,0
JMJS32101-YEL,NO,0,0
JMJS32102-BLK,NO,0,0
JMJS52103-BLK,NO,0,0
JMSH52103-BLK,NO,0,0
JMPL52105-BLK,NO,0,0
MLBHD62101-GRY,NO,0,0
MLBHD62102-NVY,NO,0,0
MLBHD62102-GRY,NO,0,0
MLBHD62103-BLU,NO,0,0
JMJS52103-GRN,NO,0,0
JMJK52103-BLK,NO,0,0
JMPT52103-BLK,NO,0,0
GMJS52101-WHT,NO,0,0
GMSH52101-WHT,NO,0,0
GMJS32101-WHT,NO,0,0
GMJS62101-WHT,NO,0,0
GMJS52102-NVY,NO,0,0
GMSH52101-NVY,NO,0,0
GMJS62102-NVY,NO,0,0
GMJS32102-NVY,NO,0,0
GMPL52101-BLK,NO,0,0
GMSH52103-BLK,NO,0,0
GMPL52101-BLU,NO,0,0
GMPL52101-WHT,NO,0,0
GMSH52101-BLK,NO,0,0
GMPT52101-BLK,NO,0,0
CASB52111-YEL,NO,0,0
CASB52113-BLK,NO,0,0
CASB52114-NVY,NO,0,0
CASB52115-YEL,NO,0,0
CASB52121-BLK,NO,0,0
CASB52121-NVY,NO,0,0
CASB52121-WHT,NO,0,0
MLBJP62103-BLU,NO,0,0
MLBTS62101-NVY,SI,0,0
CASB52111-BLU,NO,0,0
CATS52111-BLK,NO,0,0
CATS52130-NVY,NO,0,0
CATS52123-YEL,NO,0,0
JMJK52106-BLK,NO,0,0
CATS52125-BLK,NO,0,0
CATS52125-RED,NO,0,0
CATS52125-WHT,NO,0,0
GMJK52101-BLK,NO,0,0
CATS52126-LHB,NO,0,0
CATS52127-YEL,NO,0,0
CAPL52103-WHT,NO,0,0
CAPL52103-RED,NO,0,0
CAPL52103-BLK,NO,0,0
CAHD52101-BLU,NO,0,0
CAHD52103-RED,NO,0,0
CAHD52103-BLK,NO,0,0
ESJK52102-BLK,NO,0,0
CAHD52104-NVY,NO,0,0
CAHD52105-NVY,NO,0,0
CAHD52107-BLU,NO,0,0
CAHD52113-BLK,NO,0,0
CAHD52113-GRY,NO,0,0
CAJS52101-YEL,NO,0,0
OLJS52104-GRN,NO,0,0
AGSH52101-BLK,NO,0,0
OLJS52104-GRY,NO,0,0
OLJS52104-NVY,NO,0,0
AGPL52113-BLK,NO,0,0
AGPT52115-BLK,NO,0,0
AGPL52113-BLU,NO,0,0
AGSH52101-NVY,NO,0,0
AGSH52101-ORG,NO,0,0
AGSH52112-BLK,NO,0,0
AGSH52114-NVY,NO,0,0
AGSH52104-NVY,NO,0,0
AGSH52104-GRN,NO,0,0
ALSH52101-WHT,NO,0,0
ALSH52101B-WHT,NO,0,0
ALSH52101-NVY,NO,0,0
ALSH52101B-NVY,NO,0,0
ALSH52101-BLK,NO,0,0
ALSH52112-BLU,NO,0,0
ALSH52114-BLK,NO,0,0
ALSH52114-NVY,NO,0,0
ALSH52104-GRN,NO,0,0
ALSH52104B-GRN,NO,0,0
ALSH52104-PUR,NO,0,0
ALSH52104B-PUR,NO,0,0
ALSH52104-PNK,NO,0,0
MUNSH52101-RED,NO,0,0
MUNSH52101-NVY,NO,0,0
MUNSH52101-NVY2,NO,0,0
MUNSH52112-NVY,NO,0,0
MUNSH52114-BLK,NO,0,0
MUNSH52104-NVY,NO,0,0
MUNSH52104-PUR,NO,0,0
MUNJS52104-GRY,NO,0,0
MUNSH52104-GRY,NO,0,0
OLSH521101-WHT,NO,0,0
OLSH52101-ROY,NO,0,0
OLSH52101-BLK,NO,0,0
OLSH52112-RED,NO,0,0
OLSH52114-ROY,NO,0,0
OLSH52104-GRN,NO,0,0
OLSH52104-GRY,NO,0,0
OLSH52104-NVY,NO,0,0
OLSH520243-BLK,NO,0,0
OLJS520220-WHT,NO,0,0
OLTS520221-BLK,NO,0,0
OLJS320220-WHT,NO,0,0
OLSH520222-BLK,NO,0,0
OLSH520223-WHT,NO,0,0
OLJS520224-WHT,NO,0,0
OLJS520225-BLK,NO,0,0
OLSH520226-BLK,NO,0,0
OLSH520227-WHT,NO,0,0
OLJS520227-NVY,NO,0,0
OLJS520228-GRN,NO,0,0
OLJS520229-PUR,NO,0,0
OLSH520230-NVY,NO,0,0
OLSH520231-GRN,NO,0,0
OLSH520232-PUR,NO,0,0
OLJK520215-BLK,NO,0,0
OLPT520216-BLK,NO,0,0
OLTS520211-WHT,NO,0,0
OLTS520212-BLK,NO,0,0
OLHD520214-GRY,NO,0,0
OLPL520217-WHT,NO,0,0
OLPL520218-BLK,NO,0,0
OLJK520218-BLK,NO,0,0
CAJS52102-RED,NO,0,0
CAJS52103-WHT,NO,0,0
CAJS52103-BLK,NO,0,0
CAJS52104-WHT,NO,0,0
CAJS52104-NVY,NO,0,0
CAJS52105-YEL,NO,0,0
CAJS52105-BLU,NO,0,0
CAJS52106-LHB,NO,0,0
CAJS52107-YEL,NO,0,0
CASH52103-WHT,NO,0,0
CASH52103-BLK,NO,0,0
CASH52105-BLU,NO,0,0
CASH52107-NVY,NO,0,0
CASH52110-RED,NO,0,0
CAJK52103-BLK,NO,0,0
CAPT52103-BLK,NO,0,0
CAPT52107-NVY,NO,0,0
CATS52133-BLK,NO,0,0
CATS52133-WHT,NO,0,0
CATS52133-GRY,NO,0,0
CAPL52120-WHT,NO,0,0
CAPL52120-BLK,NO,0,0
CAHD52121-NVY,NO,0,0
CAHD52121-BLK,NO,0,0
CAHD52121-GRY,NO,0,0
OLJS520233-WHT,NO,0,0
OLJS620234-WHT,NO,0,0
OLJS320235-WHT,NO,0,0
NBAPT321583-RED,NO,0,0
NBAHD321583-RED,NO,0,0
NBATS621825-RED,NO,0,0
NBATS621825-BLK3,NO,0,0
NBATS52147-BLK3,SI,3,0
NBATS521825-BLK4,NO,3,0
NBATS521825-RED2,NO,3,0
NBATS521825-BLK3,NO,3,0
NBATS521825-RED,SI,0,0
NBATS521825-YEL2,NO,0,0
NBATS521825-BLU2,SI,1,0
NBATS521810-BLK,SI,1,4
NBATT521815-BLK3,NO,1,4
NBAPT521813-BLK,NO,1,4
NBAPT521817-BLK2,NO,1,4
NBAHD521816-BLK2,NO,1,4
NBAHD521812-BLK,SI,0,2
NBASH521818-BLK2,NO,0,2
NBATS52147-RED2,SI,0,0
NBAHD321001-BLK,SI,10,15
NBAHD321001-BLK2,SI,0,11
NBAHD321001-BLK3,SI,0,18
NBAHD321001-BLK4,SI,0,0
NBASB521244-PUR,NO,0,0
NBASB521243-WHT2,SI,5,0
NBASB521243-WHT3,SI,6,0
NBASB521243-WHT4,SI,5,0
NBASB521243-BLU,SI,5,0
NBASB521243-WHT5,SI,6,0
NBASB521243-WHT1,SI,5,0
NBASB521242-BLK3,SI,5,0
NBASB521242-BLK4,SI,3,0
NBASB521242-BLK5,SI,1,0
NBASB521242-BLK6,SI,6,0
NBASB521242-BLK1,SI,1,0
NBASB521242-BLK2,SI,57,0
NBASB521241-RED,NO,57,0
NBASB521241-YEL1,NO,57,0
NBASB521241-WHT,NO,57,0
NBASB521241-YEL2,NO,57,0
NBASB521241-BLK,NO,57,0
NBASB521241-GRN,NO,57,0
NBASB521240-BLK2,NO,57,0
NBASB521240-YEL,NO,57,0
NBASB521240-BLU,NO,57,0
NBASB521240-BLK1,NO,57,0
NBASB521240-RED,NO,57,0
NBASB521240-GRN,NO,57,0
NBASB521238-RED2,NO,57,0
NBASB521238-BLU,NO,57,0
NBASB521237-WHT5,NO,57,0
NBASB521237-RED2,NO,57,0
NBASB521237-WHT4,NO,57,0
NBASB521237-BLU,NO,57,0
NBASB521235-BLU,NO,57,0
NBASB521235-RED2,NO,57,0
NBASB521233-BLK5,SI,2,0
NBASB521233-BLK4,SI,2,0
NBASB521231-GRN5,NO,2,0
NBASB521231-GRN4,NO,2,0
NBASB521228-RED,NO,2,0
NBASB521228-BLU,NO,2,0
NBASB521239-PUR5,NO,2,0
NBASB521239-PUR,NO,2,0
NBASB521239-AQU2,NO,2,0
NBASB521239-PUR2,NO,2,0
NBASB521239-AQU3,NO,2,0
NBASB521239-PUR3,NO,2,0
NBASB521239-AQU4,NO,2,0
NBASB521239-PUR4,NO,2,0
NBASB521239-AQU5,NO,2,0
NBASB521238-PUR,SI,20,0
NBASB521238-BLK,NO,20,0
NBASB521239-AQU,NO,20,0
NBASB521238-RED,NO,20,0
NBASB521237-RED,NO,20,0
NBASB521237-WHT,NO,20,0
NBASB521237-PUR,NO,20,0
NBASB521237-WHT2,NO,20,0
NBASB521237-GRY,NO,20,0
NBASB521237-WHT3,NO,20,0
NBASB521236-RED3,NO,20,0
NBASB521236-NVY3,NO,20,0
NBASB521236-RED4,NO,20,0
NBASB521236-NVY4,NO,20,0
NBASB521236-RED5,NO,20,0
NBASB521236-NVY5,NO,20,0
NBASB521235-GRY,NO,20,0
NBASB521236-RED,NO,20,0
NBASB521236-NVY,NO,20,0
NBASB521236-RED2,NO,20,0
NBASB521236-NVY2,NO,20,0
NBASB521234-PUR,NO,20,0
NBASB521234-GRY,NO,20,0
NBASB521234-BLU,NO,20,0
NBASB521234-RED2,NO,20,0
NBASB521235-RED,NO,20,0
NBASB521235-PUR,NO,20,0
NBASB521234-RED,NO,20,0
NBASB521232-BLK5,NO,20,0
NBASB521233-BLK,SI,2,0
NBASB521233-BLK2,SI,0,0
NBASB521233-BLK3,SI,0,0
NBASB521231-GRN3,NO,0,0
NBASB521232-BLK,SI,1,0
NBASB521232-BLK2,NO,1,0
NBASB521232-BLK3,SI,1,0
NBASB521232-BLK4,SI,2,0
NBASB521230-PUR,SI,0,0
NBASB521230-BLK2,NO,0,0
NBASB521230-BLU,NO,0,0
NBASB521230-RED,NO,0,0
NBASB521231-GRN,NO,0,0
NBASB521231-GRN2,NO,0,0
NBASB521229-BLU,NO,0,0
NBASB521229-RED2,NO,0,0
NBASB521228-BLK,NO,0,0
NBASB521228-PUR,NO,0,0
NBASB521230-BLK,SI,1,0
NBASB521229-RED,NO,1,0
NBASB521229-PUR,NO,1,0
NBASB521229-BLK,NO,1,0
NBASB521227-PUR,NO,1,0
NBASB521227-WHT,NO,1,0
NBASB521228-BEI,NO,1,0
NBASB521227-BLU,NO,1,0
NBASB521227-GRN,NO,1,0
NBASB521227-LIL,NO,1,0
NBASB521226-BLK,NO,1,0
NBASB521226-BLK2,NO,1,0
NBASB521226-BLK3,NO,1,0
NBASB521226-BLK4,NO,1,0
NBASB521226-BLK5,NO,1,0
NBASB521225-RED2,SI,1,0
NBASB521225-PUR,SI,0,0
NBASB521225-BLK4,SI,5,0
NBASB521225-WHT,SI,5,0
NBASB521225-BLU,SI,1,0
NBASB521225-BLK,SI,5,0
NBASB521225-RED,SI,0,0
NBASB521225-BLK2,SI,0,0
NBASB521225-BLK3,SI,1,0
NBASB521224-BLK,NO,1,0
NBASB521224-GRN,NO,1,0
NBASB521224-BLK2,SI,7,0
NBASB521223-PUR,SI,4,0
NBASB521224-BLK3,NO,4,0
NBASB521224-BLU,NO,4,0
NBASB521217-GRY4,NO,4,0
NBASB521217-LIL3,NO,4,0
NBASB521217-LIL4,NO,4,0
NBASB521217-GRY2,NO,4,0
NBASB521217-BLU4,NO,4,0
NBASB521217-GRN,NO,4,0
NBASB521217-GRY3,NO,4,0
NBASB521213-YEL2,NO,4,0
NBASB521213-BLU2,NO,4,0
NBASB521213-YEL3,NO,4,0
NBASB521213-GRY2,NO,4,0
NBASB521213-ORG,NO,4,0
NBASB521215-GRN,SI,5,0
NBASB521216-TUR,NO,5,0
NBASB521217-BLU3,NO,5,0
NBASB521210-GRY,NO,5,0
NBASB521210-PUR,NO,5,0
NBASB521212-RED,NO,5,0
NBASB521212-BLK4,NO,5,0
NBASB521212-BLK5,NO,5,0
NBASB521213-RED2,NO,5,0
NBASB521213-BEI,NO,5,0
NBASB521213-TUR,NO,5,0
NFLSC52101-BLK,NO,5,0
NFLBN52101-BLK,NO,5,0
NFLHD52141-BLK4,NO,5,0
NFLHD52141-BLK3,NO,5,0
NFLHD52141-TEA,NO,5,0
NFLHD52141-NVY2,NO,5,0
NFLHD52141-BLK2,NO,5,0
NFLHD52141-AQU,NO,5,0
NFLHD52141-GRN,NO,5,0
NFLHD52141-RED,NO,5,0
NFLHD52141-BLK,NO,5,0
NFLHD52141-NVY,NO,5,0
NFLTJ521103-BLK6,NO,5,0
NFLTJ521103-BLK5,NO,5,0
NFLTJ521103-BLK4,NO,5,0
NFLTJ521103-BLK3,NO,5,0
NFLTJ521103-BLK2,NO,5,0
NBASBSH521201-BLK,NO,5,0
NFLTJ521103-BLK1,NO,5,0
NFLTJ521101-CAMO6,NO,5,0
NFLTJ521101-CAMO5,NO,5,0
NFLTJ521101-CAMO4,NO,5,0
NFLTJ521101-CAMO3,NO,5,0
NFLTJ521101-CAMO2,NO,5,0
NFLTJ521101-CAMO1,NO,5,0
NBASB521245-BLK4,SI,3,0
NBASB521245-BLK1,SI,6,0
NBASB521245-YEL,NO,6,0
NBASB521245-BLK2,SI,5,0
NBASB521245-BLK3,SI,6,0
NBASB521245-BLU,NO,6,0
NBASB521244-GRY,SI,5,0
NBASB521244-BLU,NO,5,0
NBASB521244-BLK2,NO,5,0
NBASB521244-GRN,SI,5,0
NBASB521244-BLK1,SI,5,0
TGTS62101-PNK,NO,5,0
TGTS62101-BLU,NO,5,0
TPPJ52102-BLU,NO,5,0
TPPJ52103-BLU,NO,5,0
TPPJ52101-BLU,NO,5,0
SOPPJ52109-BLK,SI,2,0
SOPPJ52107-BLK,SI,18,0
SOPPJ52108-BLK,NO,18,0
SOPPJ52106-GRY,NO,18,0
SOPPJ52104-GRY,NO,18,0
SOPPJ52105-GRY,NO,18,0
SOPPJ52102-BLU,NO,18,0
SOPPJ52103-BLU,SI,14,0
SOPPJ52101-BLU,SI,12,0
COCPJ52107-BLK,NO,12,0
COCPJ52108-BLK,SI,3,0
COCPJ52105-GRN,SI,14,0
COCPJ52106-BLK,SI,7,0
COCPJ52103-GRY,NO,7,0
COCPJ52104-GRN,SI,22,0
COCPJ52101-GRY,NO,22,0
GJPJ52102-GRY,NO,22,0
GJPJ52103-GRY,SI,11,0
GJPJ52101-GRY,SI,18,0
TWPJ52104-BLK,NO,18,0
TWPJ52105-BLK,NO,18,0
TWPJ52102-NVY,NO,18,0
TWPJ52103-NVY,NO,18,0
TWPJ52101-NVY,NO,18,0
COCPJ62102-GRY,NO,18,0
GJPJ62101-GRY,NO,18,0
NBASB521210-BLK5,NO,18,0
NBASB521210-TUR,NO,18,0
NBASB521210-BLK6,SI,5,0
NBASB521210-BLK7,NO,5,0
NBASB521210-BLU2,NO,5,0
NBASB521207-LBL,NO,5,0
NBASB521207-ORG,NO,5,0
NBASB521207-ORG2,NO,5,0
NBASB521207-BLK4,NO,5,0
NBASB521207-BLU4,NO,5,0
NBASB521210-RED,NO,5,0
NBASB521204-GRY,SI,5,0
NBASB521204-BLK8,SI,30,0
NBASB521204-PUR2,SI,10,0
NBASB521206-BLK4,SI,20,0
NBASB521207-BLK3,NO,20,0
NBASB521207-BLU3,NO,20,0
NBASB521207-AQU,NO,20,0
NBASB521204-BLU3,SI,0,0
NBASB521204-BEI,SI,7,0
NBASB521204-YEL,SI,6,0
NBASB521204-AQU,SI,4,0
NBASB521204-NVY2,SI,20,0
NBASB521204-BLK6,SI,8,0
NBASB521204-YEL2,SI,0,0
NBASB521204-BLU4,SI,1,0
NBASB521204-NVY,SI,5,0
NBASB521204-RED3,SI,5,0
NBASB521204-GRN,SI,18,0
NBASB521204-BLU2,SI,20,0
SOPTS52110-GRN,NO,20,0
TGTS62101-GRE,NO,20,0
NBASB521221-BLU,NO,20,0
NBASB521222-NVY,NO,20,0
NBASB521222-GRY,NO,20,0
NBASB521222-BLK,NO,20,0
NBASB521221-BLK,NO,20,0
NBASB521221-NVY,NO,20,0
NBASB521220-GRN,NO,20,0
NBASB521220-BLK2,NO,20,0
NBASB521220-RED,NO,20,0
NBASB521220-BLK3,NO,20,0
NBASB521220-BLU,NO,20,0
OLJS520236-BLK,NO,20,0
OLJS620237-BLK,NO,20,0
OLJS320238-BLK,NO,20,0
OLJS520239-ORG,NO,20,0
OLJS320240-ORG,NO,20,0
OLSH520241-WHT,NO,20,0
OLSH520242-BLK,NO,20,0
UMSO52104-NVY6,NO,20,0
UMSO52104-BLK4,NO,20,0
65998U-WHT,NO,20,0
65703U-WHT,NO,20,0
65352U-KM4,NO,20,0
65703U-B43,NO,20,0
65652U-KMK,NO,20,0
MLBBP2010-NVY,NO,20,0
SLW001,NO,20,0
MLBBP2002-NVY,NO,20,0
SLES001,NO,20,0
MLBTS320200-NVY,SI,33,9
ETRTPV2214-N84,NO,33,9
ETCSPV2210-090,NO,33,9
ETRTPV2214-090,NO,33,9
ETCSPV2210-BGW,NO,33,9
ETRTPV2214-GRY,NO,33,9
CPHT06-060,NO,33,9
ETRTPV2214-UCB,NO,33,9
ETHSPV2209-N84,NO,33,9
ETRTPV2214-BGW,NO,33,9
ETHSPV2209-090,NO,33,9
CPHT06-BKM,NO,33,9
CPHT06-Y70,NO,33,9
CPTJFW1901-090,NO,33,9
CPTJFW1901-BLK2,NO,33,9
MLBSH520201-NVY,SI,27,4
MLBTS320200-BLU,SI,15,0
MLBTS320200-NVY2,SI,4,0
MLBTS320200-BLK,SI,15,4
MLBTS320200-WHT,SI,6,14
BCSL52012-NVY,SI,26,0
OLSB520201-BLK,NO,26,0
OLSB520204-BLK,NO,26,0
OLSH520213-BLK,NO,26,0
OLJK520219-BLK,NO,26,0
OLJK5202244-BLK,NO,26,0
OLSO52021-NVY,NO,26,0
OLSO52022-BLK,NO,26,0
OLSO52023-PUR,NO,26,0
OLSO52024-WHT,NO,26,0
OLSO52025-BLK,NO,26,0
OLSO52026-BLK,NO,26,0
UMSO52104-WHT2,NO,26,0
UMSO52105-GRN3,NO,26,0
UMSO52104-RED2,NO,26,0
UMSO52104-NVY3,NO,26,0
UMSO52104-WHT3,NO,26,0
65998U-KMK,NO,26,0
UMSO52104-BLK3,NO,26,0
65703U-060,NO,26,0
UMSO52105-PNK2,NO,26,0
UMSO52105-PUR3,NO,26,0
UMSO52104-NVY4,NO,26,0
UMSO52105-PNK3,NO,26,0
UMSO52105-GRN4,NO,26,0
UMSO52105-PUR4,NO,26,0
UMSO52104-NVY5,NO,26,0
UMSO52104-WHT4,NO,26,0
UMSO52105-PNK4,NO,26,0
UMSO52105-GRN5,NO,26,0
UMSO52105-PUR5,NO,26,0
UMSO52106-YEL,NO,26,0
BCDW2102-BLU,NO,26,0
BCDW2104-NVY,NO,26,0
OLSO52108-WHT,NO,26,0
OLSH521005-GRY,NO,26,0
JVPT32163-GRY,NO,26,0
JVHD32162-GRY,NO,26,0
JVHD32157-BLK,SI,4,0
JVHD32157-GRY,NO,4,0
JVSH32156-BLK,NO,4,0
JVSH32156-WHT,NO,4,0
JVJS32154-NVY,SI,25,0
JVJS32154-WHT,NO,25,0
JVJS32151-WHT,SI,26,0
JVTS32150-BLK,SI,0,0
JVTS32150-WHT,NO,0,0
JVTS32149-BLK,NO,0,0
JVTS32149-WHT,NO,0,0
JVTS32147-NVY,NO,0,0
JVTS32147-BLK,SI,0,0
JVTS32147-WHT,NO,0,0
JVTS32145-GRY,NO,0,0
JVTS32145-BLK,NO,0,0
JVTS32145-WHT,NO,0,0
JVTS32143-NVY,NO,0,0
JVTS32143-BLK,NO,0,0
JVTS32143-WHT,SI,17,0
JVTS32140-GRY,NO,17,0
JVTS32140-BLK,SI,0,0
JVTS32140-WHT,SI,0,0
JVSB52169-BLK,NO,0,0
JVSB52169-WHT,NO,0,0
JVSB52168-BLK,NO,0,0
JVSB52167-BLK,SI,27,0
JVSB52166-BLK,NO,27,0
JVSH52165-BLK,NO,27,0
JVPT52164-BLK,NO,27,0
JVPT52164-GRY,SI,0,0
JVPT52163-GRY,NO,0,0
JVHD52162-GRY,NO,0,0
JVHD52161-BLK,NO,0,0
JVHD52160-BLK,NO,0,0
JVHD52159-BLK,NO,0,0
JVHD52158-BLK,NO,0,0
JVHD52157-BLK,NO,0,0
JVHD52157-GRY,NO,0,0
JVSH52156-NVY,NO,0,0
JVSH52156-BLK,NO,0,0
JVSH52156-WHT,NO,0,0
JVJS52154-NVY,NO,0,0
JVJS52154-WHT,SI,0,0
JVJS52153-BLK,NO,0,0
JVJS52152-NVY,NO,0,0
JVJS52152-WHT,NO,0,0
JVJS52151-WHT,NO,0,0
JVTS52150-BLK,SI,0,0
JVTS52150-WHT,SI,1,0
JVTS52149-BLK,NO,1,0
JVTS52149-WHT,NO,1,0
JVTS52148-GRY,NO,1,0
JVTS52148-BLK,NO,1,0
JVTS52147-NVY,NO,1,0
JVTS52147-BLK,NO,1,0
JVTS52147-WHT,NO,1,0
JVTS52146-BLK,NO,1,0
JVTS52146-WHT,SI,0,0
JVTS52145-GRY,NO,0,0
JVTS52145-BLK,NO,0,0
JVTS52145-WHT,NO,0,0
JVTS52144-BLK,NO,0,0
65353U-060,NO,0,0
65353U-B43,NO,0,0
65777U-060,NO,0,0
ETRTPV2214-RDW,NO,0,0
65845U-KMK,NO,0,0
65845U-KMU,NO,0,0
65845U-KML,NO,0,0
40361U-KRG,NO,0,0
GDTS52106-BLK,NO,0,0
KISBX52102-DGRY,SI,40,0
KISBX52101-NVY,NO,40,0
KISB52103-PUR,NO,40,0
KISB52103-BLK,NO,40,0
CORPJ52102-NVY,NO,40,0
GFPJ52103-RED,NO,40,0
GFPJ52102-RED,SI,35,0
GFPPJ52103-BLU2,SI,38,0
GFPJ52101-RED,NO,38,0
GFPPJ52101-BLU2,SI,15,0
GFPPJ52102-BLU2,SI,20,0
SMPPJ52103-NVY,SI,17,0
SMPPJ52101-NVY,SI,17,0
NASPJ52106-BLU,NO,17,0
NASPJ52104-BLU,SI,19,0
NASPJ52105-BLU,NO,19,0
NASPJ52102-BLK,SI,0,0
NASPJ52103-BLK,SI,2,0
NASPJ52101-BLK,SI,15,0
CORPJ52105-NVY2,NO,15,0
CORPJ52104-NVY2,NO,15,0
CORPJ52101-NVY,NO,15,0
CORPJ52103-NVY,NO,15,0
BWPJ52106-RED,NO,15,0
BWPJ52104-RED,NO,15,0
BWPJ52105-RED,NO,15,0
BWPJ52102-NVY,NO,15,0
BWPJ52103-NVY,NO,15,0
BWPJ52101-NVY,NO,15,0
STPJ52106-NVY,NO,15,0
STPJ52105-NVY,NO,15,0
STPJ52104-NVY,NO,15,0
STPJ52102-BLK,NO,15,0
STPJ52103-BLK,NO,15,0
STPJ52101-BLK,NO,15,0
KISPJ52103-BLK,NO,15,0
KISPJ52101-BLK,SI,19,0
KISPJ52102-BLK,NO,19,0
ACPJ52103-BLK,NO,19,0
ACPJ52101-BLK,SI,14,0
ACPJ52102-BLK,SI,4,0
SMPPJ62104-NVY,NO,4,0
SMPPJ62102-RED,NO,4,0
SMPPJ62101-GRY,NO,4,0
STPJ62104-GRY,NO,4,0
STPJ62103-GRY,NO,4,0
STPJ62101-NVY,NO,4,0
STPJ62102-NVY,NO,4,0
KISPJ62101-GRY,NO,4,0
ACDCPJ62102-BLK,NO,4,0
KISPJ62102-GRY,NO,4,0
ACDCPJ62101-BLK,NO,4,0
STSO52102-BLK,NO,4,0
CORSO52102-BLU,NO,4,0
STSO52101-RED,NO,4,0
CORSO52101-BLU,SI,0,0
BWSO52101-NVY,SI,1,0
BWSO52102-NVY,SI,1,0
GFSO52101-BLU,SI,0,0
SMSO52101-BLU,NO,0,0
SMSO52102-GRY,NO,0,0
NASSO52106-BLK,SI,0,0
NASSO52104-BLK,NO,0,0
NASSO52105-BLU,SI,11,0
NASSO52102-BLU,NO,11,0
NASSO52103-BLU,SI,0,0
NASSO52101-NVY,SI,1,0
KISO52103-BLU,NO,1,0
KISO52104-BLK,NO,1,0
KISO52102-BLU,SI,14,0
ACSO52104-GRY,NO,14,0
KISO52101-GRY,NO,14,0
ACSO52102-RED,NO,14,0
ACSO52103-BLK,NO,14,0
ACSO52101-BLK,SI,0,0
STTS62102-BLK,NO,0,0
STTS62102-WHT,NO,0,0
STHD62104-BLU,NO,0,0
STHD62104-BLK,NO,0,0
STTS62104-RED,NO,0,0
STTS62104-BLK,NO,0,0
STHD52104-BLK,NO,0,0
STSW52103-BLU,NO,0,0
STSW52103-GRY,NO,0,0
STTS52104-BLK,SI,2,0
STTS52104-RED,NO,2,0
STHD52104-NVY,NO,2,0
STTS52102-GRY,NO,2,0
STTS52102-BLU,NO,2,0
KITS52105-BLK2,SI,0,0
KITS52105-BLK3,SI,1,0
BCJS32145-BLK,NO,1,0
65920U-060,NO,1,0
65844U-KMR,NO,1,0
65844U-KMU,NO,1,0
65845U-KMR,NO,1,0
GFSH52101-GRY,SI,24,0
GFSH52101-BLK,SI,23,0
GFJK52101-BLK,NO,23,0
KITS52106-BLK2,NO,23,0
NASTS52103-LBL,NO,23,0
GFPT52101-BLK,NO,23,0
GFPT52101-BLU,NO,23,0
NASTS52104-NVY,NO,23,0
NASJK52104-BLK,NO,23,0
NASJK52104-GRY,NO,23,0
NASTS52103-ORG,SI,0,0
NASTS52101-WHT,SI,1,0
NASTS52101-BLK,SI,1,0
NASTS52102-BLU,NO,1,0
KISW52101-BLK,NO,1,0
KIJK52102-BLK,NO,1,0
KISW52102-BLK,NO,1,0
KITS52109-BLK,NO,1,0
KITS52104-GRY,NO,1,0
KITS52104-GRN,NO,1,0
KITS52108-BLK,NO,1,0
KITS52108-TUR,NO,1,0
SMSW621204-GRY,NO,1,0
SMHD621201-GRY,SI,16,0
SMSW621203-GRY,NO,16,0
SMSW621201-GRN,SI,26,0
SMSW621201-BLK,SI,21,0
SMHD621201-BLU,SI,25,0
SMTS621204-GRY,NO,25,0
SMTS621204-TUR,NO,25,0
SMTS621205-NVY,NO,25,0
SMTS621201-PUR,NO,25,0
SMCT621201-WHT,SI,4,0
SMHD521201-GRY,NO,4,0
SMHD521201-NVY,NO,4,0
SMTS521203-GRY,NO,4,0
SMTS521206-NVY,SI,19,0
SMTS521201-BEI,NO,19,0
SMTS521201-BLU,NO,19,0
SMTS521202-PUR,NO,19,0
SMTS521202-GRN,NO,19,0
SLTS62103-BLK,NO,19,0
SLTT62105-BLK,NO,19,0
SLTS52104-BLK,NO,19,0
SLTS52105-BLK,NO,19,0
ACTS52103-BLK,NO,19,0
ACTS52103-NVY,NO,19,0
ACHD52104-NVY,NO,19,0
ACHD52104-BLK,NO,19,0
ACTS52102-BLU,NO,19,0
ACTS52102-GRY,NO,19,0
ACTS52101-GRY,NO,19,0
ACTS52106-WHT,NO,19,0
ACTS52106-BLK2,NO,19,0
ACTS52110-BLK,NO,19,0
ACTS52101-BLK2,SI,1,0
ACTS52109-BLK,NO,1,0
ACTS52109-GRN,NO,1,0
SMBX52102-GRY,NO,1,0
SMBX52101-NVY,NO,1,0
CORBX52102-BLU,NO,1,0
CORBX52101-NVY,NO,1,0
BWBX52101-BLK,NO,1,0
BWBX52102-WHT,NO,1,0
GFBX52101-GRY,SI,68,0
GFBX52102-BLU,SI,56,0
STBX52101-NVY,NO,56,0
STBX52102-BLK,SI,45,0
ACBX52102-BLK,SI,10,0
ACBX52101-BLK,SI,55,0
ACJP62101-BLU,NO,55,0
ACHD62102-BLK2,NO,55,0
ACHD62102-BLU,NO,55,0
ACJP62101-BLK,NO,55,0
ACTT62102-NVY,NO,55,0
ACTT62102-GRY,NO,55,0
ACSB52101-BLK,NO,55,0
KISB52104-PUR,NO,55,0
NASSB52103-BLK,NO,55,0
NASSB52103-BLU,NO,55,0
ACSB52103-BLU,NO,55,0
CORSB52102-BLU,NO,55,0
CUSSB52102-RED,NO,55,0
NBASB521218-BLK3,SI,1,0
NBASB521218-BLU,SI,1,0
NBASB521218-BLK4,SI,1,0
NBASB521220-PUR,NO,1,0
NBASB521220-BLK,NO,1,0
NBASB521217-BLU2,NO,1,0
NBASB521217-LIL2,NO,1,0
NBASB521218-BLK,SI,1,0
NBASB521218-PUR,SI,0,0
NBASB521218-BLK2,SI,1,0
NBASB521217-LIL,NO,1,0
NBASB521217-BLU,NO,1,0
NBASB521217-ORN,NO,1,0
NBASB521217-GRY,NO,1,0
NBASB521216-BLU,NO,1,0
NBASB521216-BLK,SI,7,0
NBASB521216-WHT,SI,3,0
NBASB521216-BLK2,NO,3,0
NBASB521216-BLK3,NO,3,0
NBASB521216-BLK4,NO,3,0
NBASB521215-BLK,SI,6,0
NBASB52115-RED,SI,8,0
NBASB521215-BLK2,SI,8,0
NBASB521215-BLK3,SI,1,0
NBASB521215-RED2,NO,1,0
NBASB521215-BLK4,SI,11,0
NBASB521214-GRY5,NO,11,0
NBASB521214-GRY6,SI,8,0
NBASB521215-PUR,SI,11,0
NBASB521215-YEL,SI,5,0
NBASB521215-BLU,SI,13,0
NBASB521214-GRY,SI,3,0
NBASB521214-GRY2,SI,5,0
NBASB521214-GRY3,SI,7,0
NBASB521214-GRY4,SI,8,0
NBASB521213-YEL,NO,8,0
NBASB521213-RED,NO,8,0
NBASB521213-GRN,SI,1,0
NBASB521213-GRY,SI,1,0
NBASB521213-BLU,NO,1,0
NBASB521212-PUR,SI,6,0
NBASB521212-BLK,SI,7,0
NBASB521212-BLK2,NO,7,0
NBASB521212-GRY,SI,7,0
NBASB521212-BLU,NO,7,0
NBASB521212-BLK3,NO,7,0
NBASB521211-BLK,SI,1,0
NBASB521211-BLK2,SI,2,0
NBASB521211-BLK3,NO,2,0
NBASB521211-PUR,SI,2,0
NBASB521211-BLU,NO,2,0
NBASB521211-BLK4,NO,2,0
NBASB521210-YEL,SI,7,0
NBASB521210-BLK2,NO,7,0
NBASB521210-BLU,SI,5,0
NBASB521210-BLK3,SI,8,0
NBASB521210-BLK4,SI,12,0
NBASB521209-BLK2,SI,11,0
NBASB521209-BLK3,SI,5,0
NBASB521209-BLK4,SI,4,0
NBASB521210-BLK,SI,3,0
NBASB521208-BLK3,NO,3,0
NBASB521208-BLK4,NO,3,0
NBASB521209-BLK,SI,6,0
NBASB521209-PUR,SI,2,0
NBASB521209-BLU,NO,2,0
NBASB521208-BLK,NO,2,0
NBASB521208-PUR,NO,2,0
NBASB521208-BLU,NO,2,0
NBASB521208-BLK2,NO,2,0
NBASB521207-BLU2,NO,2,0
NBASB521207-BLU,NO,2,0
NBASB521206-BLK3,SI,14,0
NBASB521207-BLK,SI,1,0
NBASB521207-GRY,NO,1,0
NBASB521207-BLK2,NO,1,0
NBASB521207-GRY2,NO,1,0
NBASB521206-BLK,SI,24,0
NBASB521206-RED,SI,27,0
NBASB521206-PUR,SI,22,0
NBASB521206-GRN,SI,3,0
NBASB521206-RED2,NO,3,0
NBASB521204-RED2,SI,6,0
NBASB521205-RED,SI,3,0
NBASB521205-WHT,SI,2,0
NBASB521205-YEL,SI,23,0
NBASB521205-GRN,SI,0,0
NBASB521205-GRY,SI,22,0
NBASB521204-BLK,SI,51,0
NBASB521204-RED,SI,59,0
NBASB521204-BLK2,SI,39,0
NBASB521204-PUR,SI,41,0
NBASB521204-BLK3,SI,43,0
NBASB521204-BLK4,SI,10,0
NBASB521204-BLU,SI,16,0
NBASB521204-BLK5,SI,12,0
NBASB521203-GRY,SI,5,0
NBASB521203-PUR,SI,2,0
NBASB521203-GRN,SI,5,0
NBASB521203-BLK2,SI,4,0
NBASB521202-GRN,NO,4,0
NBASB521202-RED2,NO,4,0
NBASB521202-BLU,NO,4,0
NBASB521203-BLK,SI,12,0
NBASB521203-YEL,SI,0,0
NBASB521202-RED,SI,14,0
NBASB521202-BLK,SI,2,0
NBASB521202-BLK2,NO,2,0
NBASB521202-PUR,NO,2,0
NBASB521202-BLK3,SI,5,0
NBASB521201-RED2,SI,5,0
NBASB521201-BLK3,SI,5,0
NBASB521201-BLU,SI,20,0
NBASB521201-BLK4,SI,4,0
NBASB521201-GRN,SI,0,0
NBASB521201-BLK5,SI,6,0
NBASB521201-GRY,SI,5,0
NBASB521201-BLK6,SI,52,0
NBASB521201-RED,SI,65,0
NBASB521201-BLK,SI,8,0
NBASB521201-WHT,SI,52,0
NBASB521201-YEL,SI,36,0
NBASB521201-PUR,SI,14,0
NBASB521201-BLK2,SI,24,0
GJLT52104-BLK,SI,13,0
GJHD52106-GRY,NO,13,0
GJTT52103-GRY,NO,13,0
GJTT52103-BLK,NO,13,0
GJSW52105-GRY,NO,13,0
GJSW52105-NVY,SI,0,0
GJTS52102-WHT,SI,13,0
GJTS52102-GRN,NO,13,0
GJTS52101-BLK,SI,0,0
GJTS52101-GRN,NO,0,0
POTS62103-BLK,NO,0,0
POCT62104-BLK,NO,0,0
POCT62104-TUR,NO,0,0
POTS52103-BLK,NO,0,0
POTT52102-BLK,NO,0,0
POTS52101-BLK,NO,0,0
POTS52101-BLU,NO,0,0
SOPBX52102-BLU,NO,0,0
TGBX52102-BLK,SI,53,0
SOPBX52101-BLK,NO,53,0
TGBX52101-GRY,NO,53,0
COCBX52101-BLK,SI,16,0
COCBX52102-RED,SI,1,0
GJBX52102-GRN,NO,1,0
TWBX52102-GRY,NO,1,0
GJBX52101-GRY,NO,1,0
TWBX52101-NVY,SI,13,0
COCSB52106-BLU,NO,13,0
COCSB52106-BLK,NO,13,0
COCSB52104-RED,NO,13,0
COCSB52104-BLU,NO,13,0
COCSB52104-GRY,NO,13,0
DLSB52102-BLK,NO,13,0
DLSB52102-GRY,NO,13,0
HULSB52101-BLK,NO,13,0
WWESB52102-BLK,NO,13,0
WWESB52102-GRY,NO,13,0
HULSB52101-RED,NO,13,0
COCSB52103-GRY,NO,13,0
COCSB52107-RED,NO,13,0
NIRSB52101-BLK,SI,31,0
NIRSB52101-GRY,SI,1,0
COCSB52101-BLK,NO,1,0
COCSB52101-GRY,NO,1,0
GJSW62103-GRY,NO,1,0
GJSW62103-BLK,NO,1,0
GIPT62101-GRY,NO,1,0
GIPT62101-BLK,NO,1,0
GJCT62104-WHT,NO,1,0
GJTT62102-BLK,NO,1,0
GJTT62102-GRN,NO,1,0
GJTS62101-WHT,NO,1,0
GJTS62101-GRY,NO,1,0
GJCT62104-BLK,NO,1,0
DLTT62101-BLK2,NO,1,0
DLLS62101-PNK,NO,1,0
DLTS62103-BLK,NO,1,0
DLTT62102-PNK,NO,1,0
DLTT62102-BLK,NO,1,0
DLTS62102-AQA,NO,1,0
DLTS62104-PUR,NO,1,0
DLTS62104-WHT,NO,1,0
DLTS62101-TUR,NO,1,0
HULSB52103-BLK,NO,1,0
BUDSB52102-RED,NO,1,0
BUDSB52102-BLK,NO,1,0
BCSB52101-BLU,NO,1,0
BCSB52101-RED,NO,1,0
CORSB52101-BLU,NO,1,0
CORSB52101-WHT,SI,4,0
BUDSB52101-RED,SI,3,0
BUDSB52101-BLK,SI,5,0
BUDSB52104-BLK,NO,5,0
BUDSB52105-RED,NO,5,0
BUDSB52103-BLK,NO,5,0
GODSB52102-BLK,NO,5,0
ACSB52102-BLU,NO,5,0
KISB52102-BLK,NO,5,0
NASSB52102-BLK,NO,5,0
JVSB52101-BLK,NO,5,0
NASSB52101-BLU,SI,2,0
GODSB52101-BLK,SI,3,0
SPRSB52101-ROY,NO,3,0
KISB52101-BLK,SI,1,0
ACTS62102-BLK,NO,1,0
ACTS62105-BLU,NO,1,0
ACTS62104-WHT,NO,1,0
ACCT62101-WHT,NO,1,0
ACCT62101-BLK,NO,1,0
ACTT62103-BLK,NO,1,0
ACTT62103-WHT,NO,1,0
ACCT62102-WHT,NO,1,0
ACCT62102-BLU,NO,1,0
ACCT62102-GRY,NO,1,0
GDTS62109-PNK,NO,1,0
GDSW62111-PNK,NO,1,0
GDSW62110-PNK,NO,1,0
JLLS62101-GRY,NO,1,0
GDTS62107-BLU,NO,1,0
JLTS62103-WHT,SI,10,0
JLLS62102-BLK,NO,10,0
JLTS62102-BLK,NO,10,0
JLTS62104-WHT,NO,10,0
CBTS62106-WHT,SI,10,0
JLTS62101-PNK,SI,18,0
JLTS62101-PUR,SI,27,0
CBTS62101-PNK,NO,27,0
CBTS62101-BLK,NO,27,0
CBTS62102-WHT,NO,27,0
GDHD52104-BLK,NO,27,0
GDSW52105-NVY,NO,27,0
BABSB52104-BLK,NO,27,0
ROCSB52102-GRY,NO,27,0
COCSB52105-BLU,NO,27,0
SOUSB52105-BLK,NO,27,0
GIJSB52102-BLK,SI,9,0
SOUSB52104-BLU,NO,9,0
ROCSB52101-BLK,NO,9,0
WWESB52103-BLK,NO,9,0
HULSB52102-BLK,NO,9,0
BABSB52103-BLK,NO,9,0
NIRSB52102-BLK,SI,34,0
PRESB52102-BLK,NO,34,0
GIJSB52101-BLK,NO,34,0
SOUSB52102-BLK,NO,34,0
SOUSB52103-GRY,SI,1,0
WWESB52101-BLK,NO,1,0
SOUSB52101-BLU,NO,1,0
BABSB52101-BLK,NO,1,0
BABSB52102-BLU,NO,1,0
FANSB52101-ORG,NO,1,0
PRESB52101-BLK,NO,1,0
CUSSB52101-RED,NO,1,0
COCSB52101-RED,SI,3,0
COCSB52102-BLK,SI,0,0
POISB52101-BLK,NO,0,0
DLSB52101-BLK,NO,0,0
DLTS52104-BLK,NO,0,0
DLTS52104-GRN,NO,0,0
DLTS52101-GRN,NO,0,0
DLTS52101-NVY,NO,0,0
NIRSW52101-NVY,NO,0,0
NIRSW52101-BLK,NO,0,0
NIRSW52102-BLK,NO,0,0
NIRTS52105-BLK,SI,0,0
NIRHD52102-BLK,SI,10,0
NIRHD52102-NVY,NO,10,0
NIRTS52103-NVY,NO,10,0
NIRTS52103-BLK3,NO,10,0
NIRTS52102-BLK,NO,10,0
NIRTS52102-BLK2,NO,10,0
NIRTS52102-WHT,SI,5,0
NIRHD62101-BLK,SI,1,0
TWTT62104-GRY,NO,1,0
TWTT62103-ROS,NO,1,0
TWTT62103-WHT,NO,1,0
TWCT62102-WHT,SI,0,0
TWCT62101-BLK,SI,2,0
GDHD52102-BLU,NO,2,0
GDTS52101-WHT,NO,2,0
GDTS52101-YEL,NO,2,0
GDTS52103-BLK,NO,2,0
WKTS52102-BLK,NO,2,0
WKLS52103-BEI,NO,2,0
GYHD52101-BLK,NO,2,0
GYPT52101-BLK,NO,2,0
WKTS52101-WHT,SI,15,0
GYTS52105-BLK,NO,15,0
GYLS52104-BLK,NO,15,0
GYTS52106-BLK,NO,15,0
GYTS52103-BLK,NO,15,0
GYTS52104-WHT,NO,15,0
GYTS52104-GRY,NO,15,0
KISL62101-BLK,NO,15,0
KIHD62101-BLK,NO,15,0
KITT62104-PUR,NO,15,0
KITT62104-BLK,NO,15,0
KILG62101-BLK,NO,15,0
KITS62104-PUR,NO,15,0
KITS62104-GRY,NO,15,0
KITT62103-AQA,SI,13,0
KITT62103-BLK,SI,2,0
KITS62102-BLK,NO,2,0
KITS62102-WHT,NO,2,0
NFHD52105-BLK,NO,2,0
NFHD52105-NVY,NO,2,0
NFTS52102-WHT,NO,2,0
NFTS52102-BLK,NO,2,0
NFHD52104-BLK,NO,2,0
NFHD52104-GRY,NO,2,0
NFTS52101-BLK,NO,2,0
NFTS52101-GRY,NO,2,0
GFHD52103-NVY,NO,2,0
GFTS52106-GRN,NO,2,0
GFHD52101-BLK,SI,7,0
GFHD52101-WHT,NO,7,0
GFHD52103-BLK,SI,23,0
GFTS52104-BLK,SI,17,0
GFTS52104-BLU,SI,15,0
GFTS52105-BLK,NO,15,0
GFTS52106-BLK,SI,8,0
GFTS52101-WHT,SI,13,0
GFTS52101-GRY,SI,3,0
GFTS52103-BLK,SI,7,0
GFTS52103-GRY,SI,10,0
TWTT62104-NVY,NO,10,0
TWTS52101-GRY,NO,10,0
TWTS62101-BLK,NO,10,0
TWTS62102-NVY,NO,10,0
TWTS62102-GRY,NO,10,0
COCTS62107-GRN,NO,10,0
COCTS62107-WHT,NO,10,0
COCHD62110-GRY,NO,10,0
COCHD62111-RED,NO,10,0
COCTS62106-RED,NO,10,0
COCTS62106-GRY2,NO,10,0
COCPT62113-BLK,SI,18,0
COCSW62101-RED,NO,18,0
COCSW62101-BLU,SI,16,0
COCHD62113-BLK,SI,19,0
COCTS62112-RED,NO,19,0
COCTS62111-BLK,NO,19,0
COCTS62111-AQA,NO,19,0
COCCT62104-BLK,NO,19,0
COCCT62113-WHT,NO,19,0
COCCT62102-BLK,NO,19,0
COCCT62102-LBL,NO,19,0
COCCT62101-BLK,NO,19,0
COCCT62101-RED,NO,19,0
COCTT62101-RED,NO,19,0
COCTT62101-BLK,NO,19,0
COCCT62103-WHT,NO,19,0
COCCT62103-RED,NO,19,0
COCTS62103-GRY,NO,19,0
COCTS62103-RED,NO,19,0
CLUTS52102-BLK,NO,19,0
CLUTS52102-GRY,NO,19,0
CLUTS52101-GRN,NO,19,0
CLUTS52101-NVY,NO,19,0
COCJP52104-GRY,NO,19,0
COCSW52102-RED,SI,15,0
COCHD52110-NVY,SI,11,0
COCHD52110-GRY,NO,11,0
COCTS52106-GRY,SI,17,0
COCTS52105-GRN,SI,15,0
COCTS52108-NVY,NO,15,0
COCTS52108-WHT,NO,15,0
COCTT52102-BLK,NO,15,0
COCTS52109-NVY,NO,15,0
COCTS52110-NVY,NO,15,0
COCTS52110-GRY,NO,15,0
COCTS52103-GRY,NO,15,0
GFTS52102-NVY,SI,9,0
GFTS52102-BLK,SI,14,0
65844U-KMK,NO,14,0
65849U-KMK,NO,14,0
65778U-060,NO,14,0
40361U-P30,NO,14,0
65778U-B43,NO,14,0
40359U-KRF,NO,14,0
65924U-060,NO,14,0
40359U-KRK,NO,14,0
65924U-B43,NO,14,0
40353U-KUK,NO,14,0
65924U-Y70,NO,14,0
65778U-Y70,NO,14,0
65779U-060,NO,14,0
65779U-B43,NO,14,0
65551U-060,NO,14,0
JVTS52144-WHT,NO,14,0
JVTS52143-NVY,NO,14,0
JVTS52143-BLK,NO,14,0
JVTS52143-WHT,NO,14,0
JVTS52142-GRY,NO,14,0
JVTS52142-BLK,NO,14,0
JVTS52142-WHT,NO,14,0
JVTS52141-GRY,NO,14,0
JVTS52141-BLK,NO,14,0
JVTS52141-WHT,NO,14,0
JVTS52140-GRY,NO,14,0
JVTS52140-BLK,SI,1,0
JVTS52140-WHT,NO,1,0
BCSB52147-NVY,NO,1,0
BCSB52148-NVY,NO,1,0
BCSB52152-RED,NO,1,0
BCSB52152-NVY,NO,1,0
BCSB52149-BLU,SI,19,0
BCSB52149-RED,SI,10,0
BCPT52144-NVY,NO,10,0
BCJK52143-NVY,NO,10,0
BCPT52139-NVY,NO,10,0
BCPT52139-GRY,NO,10,0
BCPT52138-GRY,NO,10,0
BCPT52138-BLK,NO,10,0
BCPT52138-NVY,NO,10,0
BCSH52141-NVY,NO,10,0
BCSH52140-BLK,NO,10,0
BCSH52140-BLU,NO,10,0
BCSH52140-NVY,NO,10,0
COCTS52103-RED,NO,10,0
COCSW52101-BLK,NO,10,0
COCSW52101-RED,SI,26,0
COCTS52101-RED,SI,19,0
COCTS52102-LBL,NO,19,0
COCTS52102-NVY,NO,19,0
CLUTT62103-GRY,NO,19,0
CLUTT62103-PNK,NO,19,0
CLUCT62104-GRY,NO,19,0
COCPJ62101-RED,NO,19,0
GJPJ62102-GRY,NO,19,0
TWPJ62101-NVY,NO,19,0
TWPJ62102-NVY,NO,19,0
GJSO52101-GRE,NO,19,0
GJSO52102-NVY,NO,19,0
TWSO52102-BLK,NO,19,0
TWSO52101-GRY,NO,19,0
SOPSO52102-BLK,SI,0,0
SOPSO52101-LBL,NO,0,0
COCSO52101-BLK,SI,0,0
COCSO52102-RED,NO,0,0
TGSO52104-BLU,NO,0,0
TGSO52102-GRY,NO,0,0
TGSO52103-GRY,NO,0,0
TGSO52101-GRY,NO,0,0
COCSW62102-RED,NO,0,0
SOPSW52101-GRY,NO,0,0
SOPSW52102-NVY,NO,0,0
SOPSW52102-GRY,NO,0,0
SOPHD52101-BLK,SI,9,0
SOPHD52101-GRY,SI,0,0
SOPHD52104-NVY,NO,0,0
SOPHD52104-GRN,NO,0,0
SOPTS52108-GRY,NO,0,0
SOPTS52108-GRN,NO,0,0
SOPTS52105-BLK,NO,0,0
SOPTS52105-BLU,NO,0,0
SOPTS52107-BLK,SI,0,0
SOPTS52107-NVY,SI,0,0
SOPTS52109-LBL,NO,0,0
SOPTS52103-GRY,NO,0,0
SOPTS52103-TUR,NO,0,0
SOPTS52104-BLK,NO,0,0
SOPTS52104-PUR,NO,0,0
SOPTS52102-GRY,NO,0,0
SOPTS52101-BLK,NO,0,0
SOPTS52101-GRN,NO,0,0
TGHD62101-BLU,NO,0,0
TGTS62104-BLK,NO,0,0
TGTS62104-BLU,NO,0,0
TGHD52101-BLU,NO,0,0
TGTS52101-BLK,NO,0,0
TGTS52101-BLU,NO,0,0
TGHD52101-GRE,NO,0,0
TGTS52105-GRN,NO,0,0
TGTS52105-WHT,NO,0,0
TGTS52103-BLU,NO,0,0
TGTS52104-BLU,NO,0,0
TGTS52102-BLK,NO,0,0
TGTS52102-LBL,NO,0,0
NIRTS62108-BLK,SI,13,0
NIRHD62102-BLK,NO,13,0
NIRTS62102-PNK,SI,13,0
NIRTS62102-WHT,NO,13,0
NIRTS62103-WHT,SI,4,0
NIRTS62103-BLU,NO,4,0
NIRCT62108-WHT,SI,15,0
NIRTS62102-BLK,SI,1,0
NIRCT62105-WHT,NO,1,0
NBASB621827-PUR,NO,1,0
NBASB621827-BLK2,NO,1,0
NBASB621827-BLU,NO,1,0
NBASB621827-BLK,NO,1,0
NBASH621705-RED,NO,1,0
NBASH621705-BLK,NO,1,0
NBAPT621702-RED,NO,1,0
NBAPT621702-BLK,NO,1,0
NBAHD621701-RED,NO,1,0
NBAHD621701-BLK,NO,1,0
NBATS621705-RED,NO,1,0
NBATS621705-WHT,NO,1,0
NBATS621705-BLK,SI,1,0
NBATS321825-BLK4,NO,1,0
NBATS321825-RED2,NO,1,0
NBATS321825-BLK3,NO,1,0
NBATS321825-RED,SI,19,0
NBATS321825-YEL2,NO,19,0
NBATS321825-BLU2,SI,19,0
NBATS321825-BLU,NO,19,0
NBATS321825-WHT2,NO,19,0
NBATS321825-BLK2,SI,21,0
NBATS321825-WHT,NO,21,0
NBATS321825-BLK,SI,23,0
NBATS321825-PUR,SI,7,0
NBATS321825-YEL,SI,12,0
NBATT321824-NVY,NO,12,0
NBATT321824-RED,NO,12,0
NBATT321824-BLK4,NO,12,0
NBATT321824-BLK3,NO,12,0
NBATT321824-BLK2,SI,16,0
NBATT321824-BLU,SI,19,0
NBATT321824-BLK,SI,23,0
NBATT321824-YEL,NO,23,0
NBATT321824-PUR,NO,23,0
NBATS321827-BLK2,NO,23,0
NBATS321827-BLK,SI,12,0
NBATS321827-BLU,SI,11,0
NBATS321827-YEL,NO,11,0
NBATS321826-BLU2,SI,18,0
NBATS321826-BLK2,NO,18,0
NBATS321826-BLU,NO,18,0
NBATS321826-BLK,SI,8,0
NBATS321826-YEL,NO,8,0
NBATS321826-PUR,NO,8,0
NBASH321818-BLK2,NO,8,0
NBASH321818-GRY,NO,8,0
NBASH321818-BLK,NO,8,0
NBAPT321817-BLK2,NO,8,0
NBAPT321817-GRY,NO,8,0
NBAPT321817-BLK,NO,8,0
NBAHD321816-BLK2,SI,1,0
NBAHD321816-GRY,NO,1,0
NBAHD321816-BLK,NO,1,0
NBATT321815-BLK3,NO,1,0
NBATT321815-BLK2,NO,1,0
NBATT321815-BLK,NO,1,0
NBASH321814-RED,NO,1,0
NBASH321814-BLK,NO,1,0
NBATS321811-GRY,NO,1,0
NBATS321811-BLK2,NO,1,0
NBATS321811-BLK,NO,1,0
NBATT321809-BLU,NO,1,0
NBATT321809-BLK2,NO,1,0
NBATT321809-PUR,SI,4,0
NBATT321809-BLK,NO,4,0
NBAPT321805-BLK5,NO,4,0
NBAPT321805-BLK4,NO,4,0
NBAPT321805-BLK3,NO,4,0
NBAPT321805-BLK2,NO,4,0
NBAPT321805-BLK,SI,1,0
NBASSH321804-BLK5,NO,1,0
NBASSH321804-BLK4,NO,1,0
NBASSH321804-BLK3,NO,1,0
CLUCT62104-NVY,NO,1,0
NBAPT621828-BLK4,NO,1,0
NBAPT621828-BLK3,NO,1,0
NBAPT621828-BLK2,NO,1,0
NBAPT621828-PUR,NO,1,0
NBAPT621828-BLU,NO,1,0
NBAPT621828-BLK,NO,1,0
NBASB621827-BLK4,NO,1,0
NBASB621827-BLK3,NO,1,0
NBATS521827-BLK,NO,1,0
NBATS521827-BLU,NO,1,0
NBATS521827-YEL,NO,1,0
NBATS521826-BLU2,NO,1,0
NBATS521826-BLK2,SI,3,0
NBATS521826-BLU,NO,3,0
NBATS521826-BLK,NO,3,0
NBATS521826-YEL,NO,3,0
NBATS521826-PUR,NO,3,0
AMSB32117-RED,NO,3,0
AMSB32117-GRY,NO,3,0
AMSB32117-BLU,NO,3,0
AMSB32116-RED,NO,3,0
AMSB32115-RED,NO,3,0
AMSH32114-GRY,NO,3,0
AMSH32114-NVY,NO,3,0
AMPT32113-GRY,NO,3,0
AMPT32113-NVY,NO,3,0
AMJK32112-NVY,NO,3,0
AMJK32112-GRY,NO,3,0
AMJK32112-RED,NO,3,0
AMHD32111-RED,NO,3,0
AMHD32111-NVY,NO,3,0
AMHD32111-GRY,NO,3,0
AMHD32110-RED,NO,3,0
AMHD32110-NVY,NO,3,0
AMHD32110-GRY,NO,3,0
AMPL32109-GRY,NO,3,0
AMPL32109-RED,NO,3,0
AMTS32108-GRY,NO,3,0
AMTS32108-RED,NO,3,0
AMTS32107-RED,NO,3,0
AMTS32106-RED,NO,3,0
AMTS32105-RED,NO,3,0
AMTS32105-BLU,NO,3,0
AMTS32104-NVY,NO,3,0
AMTS32104-GRY,NO,3,0
AMTS32104-RED,NO,3,0
AMTS32103-NVY,NO,3,0
AMTS32103-GRY,NO,3,0
AMTS32103-RED,NO,3,0
AMTS32102-GRY,NO,3,0
AMTS32102-BLU,NO,3,0
AMTS32102-RED,NO,3,0
AMTS32101-GRY,NO,3,0
AMTS32101-NVY,NO,3,0
AMTS32101-BLU,NO,3,0
NFLTS321000-BLK5,SI,0,0
NFLTS321000-RED3,SI,0,0
NFLTS321000-BLK4,SI,0,0
NFLTS321000-RED2,SI,0,0
NFLTS321000-BLK3,SI,0,0
NFLTS321000-BLK2,SI,0,0
NFLTS321000-RED,SI,0,0
NFLTS321000-NVY2,SI,0,0
NFLTS321000-WHT,SI,0,0
NFLTS321000-AQU,SI,0,0
NFLTS321000-BLK,SI,0,0
NFLTS321000-GRN,SI,0,0
NFLTS321000-NVY,SI,20,0
NFLHD32100-GRY2,NO,20,0
NFLHD32100-BLK5,NO,20,0
NFLHD32100-BLK4,NO,20,0
NFLHD32100-BLK3,NO,20,0
NFLHD32100-BLK2,NO,20,0
NFLHD32100-NVY2,NO,20,0
NFLHD32100-GRY,NO,20,0
NFLHD32100-BLK,NO,20,0
NFLHD32100-GRN,NO,20,0
NFLHD32100-NVY,NO,20,0
NFLTS521000-BLK5,SI,55,11
NFLTS521000-RED3,SI,13,11
NFLTS521000-BLK4,SI,12,11
NFLTS521000-RED2,SI,22,0
NFLTS521000-BLK2,SI,0,0
NFLTS521000-RED,SI,35,0
NFLTS521000-AQU,SI,28,11
NFLTS521000-BLK,SI,19,8
NFLTS521000-GRN,SI,32,11
NFLTS521000-NVY,SI,44,11
NBATS521822-GRY,SI,6,0
NBAPT521821-GRY,NO,6,0
NBAHD521820-GRY,NO,6,0
NBASW521819-GRY,SI,0,4
NBASH521818-GRY,NO,0,4
NBASH521818-BLK,NO,0,4
NBAPT521817-GRY,NO,0,4
NBAPT521817-BLK,NO,0,4
NBAHD521816-GRY,NO,0,4
NBAHD521816-BLK,SI,1,0
NBATT521815-BLK2,NO,1,0
NBATT521815-BLK,NO,1,0
NBASH521814-RED,NO,1,0
NBAPT521813-RED,NO,1,0
NBATS521811-GRY,NO,1,0
NBATS521811-BLK2,SI,0,0
NBATS521811-BLK,NO,0,0
NBATT521809-BLU,NO,0,0
NBATT521809-BLK2,NO,0,0
NBATT521809-PUR,NO,0,0
NBATT521809-BLK,NO,0,0
NBAJK521585-BLK,NO,0,0
NBATT521807-BLU,NO,0,0
NBATT521807-BLK3,SI,1,0
NBATT521807-BLK2,NO,1,0
NBATT521807-YEL,NO,1,0
NBATT521807-RED,NO,1,0
NBATT521807-BLK,NO,1,0
NBATS521806-BLK3,NO,1,0
NBATS521806-BLK2,NO,1,0
NBATS521806-NVY,NO,1,0
NBATS521806-PUR,SI,0,0
NBATS521806-BLK,SI,0,0
NBAPT521805-BLK5,NO,0,0
NBAPT521805-BLK4,NO,0,0
NBAPT521805-BLK3,NO,0,0
NBAPT521805-BLK2,NO,0,0
NBAPT521805-BLK,NO,0,0
NBASSH521804-BLK5,NO,0,0
NBASSH521804-BLK4,NO,0,0
NBASSH521804-BLK3,NO,0,0
NBASSH521804-BLK2,NO,0,0
NBASSH521804-RED,NO,0,0
NBASSH521804-BLK,SI,0,0
NBAHD521803-BLK5,NO,0,0
NBAHD521803-BLK4,SI,0,0
NBAHD521803-BLK3,NO,0,0
NBAHD521803-BLK2,SI,0,0
NBAHD521803-BLK,SI,1,0
NBASH521802-BLK4,NO,1,0
NBASH521802-BLK2,SI,0,0
NBASH521802-PUR,SI,0,0
NBASH521802-BLK,NO,0,0
NBATT521801-BLK4,NO,0,0
NBATT521801-BLK3,NO,0,0
NBATT521801-BLK2,NO,0,0
NBATT521801-YEL,NO,0,0
NBATT521801-PUR,NO,0,0
NBATT521801-RED,NO,0,0
NBATT521801-BLK,NO,0,0
NBATS521800-WHT,NO,0,0
NBATS521800-BLK4,NO,0,0
NBATS521800-BLK3,SI,0,0
NBATS521800-BLK2,NO,0,0
NBATS521800-YEL,NO,0,0
NBATS521800-PUR,NO,0,0
NBATS521800-RED,NO,0,0
NBATS521800-BLK,NO,0,0
NBASH521820-GRE,SI,12,5
NBASH521820-ROY,SI,20,13
NBASH521820-BLK2,SI,23,0
NBASH621283-BLK4,NO,23,0
NBASH621283-BLK3,NO,23,0
NBASH621283-BLK2,SI,1,0
NBASH621283-BLK,SI,1,0
NBASH621161-PUR,NO,1,0
NBASH621161-GRY,NO,1,0
NBASH621161-RED2,NO,1,0
NBASH621161-RED,NO,1,0
NBATS321646-BLK3,NO,1,0
NBATS321646-BLK2,NO,1,0
NBATS321646-BLK,SI,2,0
NBAWR321601-BLK5,NO,2,0
NBAWR321601-BLK4,NO,2,0
NBAWR321601-BLU,NO,2,0
NBAWR321601-BLK3,NO,2,0
NBAWR321601-YEL,NO,2,0
NBAWR321601-BLK,NO,2,0
NBAWR321601-RED,NO,2,0
NBATS321639-BLK4,NO,2,0
NBATS321639-BLU,NO,2,0
NBATS321639-GRN,NO,2,0
NBATS321639-BLK2,NO,2,0
NBATS321639-PUR,NO,2,0
NBATS321639-RED,NO,2,0
NBATS321639-BLK,SI,3,0
NBAPT321607-BLK6,NO,3,0
NBAPT321607-BLK5,NO,3,0
NBAPT321607-BLK4,NO,3,0
NBAPT321607-BLK2,NO,3,0
NBAPT321607-BLK,NO,3,0
NBATS321601-BLK6,NO,3,0
NBATS321601-BLK5,NO,3,0
NBATS321601-BLK4,NO,3,0
NBATS321601-BLK3,NO,3,0
NBATS321601-BLK,NO,3,0
NBASH321602-WHT6,NO,3,0
NBASH321602-WHT5,NO,3,0
NBASH321602-WHT4,NO,3,0
NBASH321602-WHT3,NO,3,0
NBASH321602-WHT2,NO,3,0
NBASH321602-WHT,NO,3,0
NBASSH321804-BLK2,NO,3,0
NBASSH321804-RED,NO,3,0
NBASSH321804-BLK,NO,3,0
NBAHD321803-BLK5,NO,3,0
NBAHD321803-BLK4,NO,3,0
NBAHD321803-BLK3,NO,3,0
NBAHD321803-BLK2,NO,3,0
NBAHD321803-BLK,NO,3,0
NBASH321802-BLK4,NO,3,0
NBASH321802-BLK3,NO,3,0
NBASH321802-BLK2,NO,3,0
NBASH321802-PUR,NO,3,0
NBASH321802-BLK,NO,3,0
NBATT321801-BLK4,NO,3,0
NBATT321801-BLK3,NO,3,0
NBATT321801-BLK2,NO,3,0
NBATT321801-YEL,NO,3,0
NBATT321801-PUR,NO,3,0
NBATT321801-RED,NO,3,0
NBATT321801-BLK,NO,3,0
NBATS321800-WHT,NO,3,0
NBATS321800-BLK4,NO,3,0
NBATS321800-BLK3,NO,3,0
NBATS321800-BLK2,NO,3,0
NBATS321800-YEL,NO,3,0
NBATS321800-PUR,NO,3,0
NBATS321800-RED,NO,3,0
NBATS321800-BLK,NO,3,0
NBASH321820-GRE,SI,0,0
NBASH321820-ROY,SI,7,0
NBASH321820-BLK2,SI,11,10
NBASH321820-YEL,SI,69,0
NBASH321820-BLK,SI,13,2
NBASH321820-RED,SI,54,0
NBASO2102-RED2,SI,11,0
NBASO2102-RED,NO,11,0
NBASO2102-BLU,SI,9,0
NBASO2102-GRY,SI,0,0
NBASO2102-GRN,SI,1,0
NBASO2102-PUR,NO,1,0
NBASO2101-RED2,SI,1,0
NBASO2101-BLU,SI,18,0
NBASO2101-GRY,SI,23,0
NBASO2101-GRN,NO,23,0
NBASO2101-PUR,NO,23,0
NBASO2101-RED,NO,23,0
NBAPJ32102-BLK4,SI,21,0
NBAPJ32102-BLK3,NO,21,0
NBAPJ32102-BLU,NO,21,0
NBAPJ32102-GRN,NO,21,0
NBAPJ32102-BLK2,NO,21,0
NBAPJ32102-PUR,SI,28,0
NBAPJ32102-BLK,SI,22,0
NBAPJ52102-BLK4,SI,1,0
NBAPJ52102-BLK3,NO,1,0
NBAPJ52102-BLU,NO,1,0
NBAPJ52102-GRN,SI,1,0
NBAPJ52102-BLK2,NO,1,0
NBAPJ52102-PUR,SI,2,0
NBAPJ52102-BLK,SI,3,0
NBASH52180-BLK3,NO,3,0
NBACT621824-BLK4,SI,1,0
NBACT621824-RED,NO,1,0
NBACT621824-BLK3,SI,1,0
NBACT621824-BLK2,NO,1,0
NBACT621824-YEL,NO,1,0
NBACT621824-PUR,SI,0,0
NBATT321602-WHT6,NO,0,0
NBATT321602-WHT5,NO,0,0
NBATT321602-WHT4,NO,0,0
NBATT321602-WHT3,NO,0,0
NBATT321602-WHT2,NO,0,0
NBATT321602-WHT,NO,0,0
NBASH321601-BLK6,NO,0,0
NBASH321601-BLK5,NO,0,0
NBASH321601-BLK4,NO,0,0
NBASH321601-BLK3,NO,0,0
NBASH321601-BLK2,NO,0,0
NBASH321601-BLK,NO,0,0
NBATT321600-BLK6,NO,0,0
NBATT321600-BLK5,NO,0,0
NBATT321600-BLK4,NO,0,0
NBATT321600-BLK3,NO,0,0
NBATT321600-BLK2,NO,0,0
NBATT321600-BLK,NO,0,0
NBASC52100-RED2,NO,0,0
NBASC52100-BLU,NO,0,0
NBASC52100-GRN,NO,0,0
NBASC52100-BLK,NO,0,0
NBASC52100-PUR,NO,0,0
NBASC52100-RED,NO,0,0
NBABN52101-RED2,NO,0,0
NBABN52101-GRN,NO,0,0
NBABN52101-NVY,NO,0,0
NBABN52101-PUR,NO,0,0
NBABN52101-RED,NO,0,0
NBABN52100-BLK,NO,0,0
NBABN52100-GRN,NO,0,0
NBABN52100-NVY,NO,0,0
NBABN52100-PUR,NO,0,0
NBABN52100-RED,NO,0,0
NBATS320400-WHT,SI,26,0
NBATS320400-GRY,SI,18,0
NBATS320400-BLK,SI,21,0
NBATS321430-RED2,NO,21,0
NBATS321430-NVY,NO,21,0
NBATS321430-GRY,SI,15,0
NBATS321430-BLK,NO,15,0
NBATS321430-RED,NO,15,0
NBATS321430-WHT,NO,15,0
NBATS321430-PUR,NO,15,0
NBATS321429-BLU,NO,15,0
NBATS321429-BLK,SI,20,0
NBATS321429-PUR,NO,20,0
NBATS321429-WHT,NO,20,0
NBATS321429-RED,NO,20,0
NBATS321427-BLK6,NO,20,0
NBATS321427-BLK5,NO,20,0
NBATS321427-BLK4,NO,20,0
NBATS321427-BLK3,NO,20,0
NBATS321427-BLK2,SI,17,0
NBATS321427-BLK,NO,17,0
NBASH321002-BLK4,NO,17,0
NBASH321002-BLK3,NO,17,0
NBASH321002-BLK2,NO,17,0
NBASH321002-BLU,NO,17,0
NBASH321002-YEL,SI,1,0
NBASH321002-BLK,NO,1,0
NBAHD321001-BLK6,SI,0,16
NBATS321000-BLU,SI,0,0
NBATS321000-BLK5,SI,32,0
NBATS321000-BLK4,SI,0,0
NBATS321000-RED2,SI,0,0
NBACT621824-BLK,SI,8,0
NBATT621801-BLK4,NO,8,0
NBATT621801-BLK3,NO,8,0
NBATT621801-BLK2,NO,8,0
NBATT621801-YEL,NO,8,0
NBATT621801-PUR,SI,16,0
NBATT621801-RED,NO,16,0
NBATT621801-BLK,NO,16,0
NBASH621818-BLK,SI,1,0
NBAPT621817-BLK,NO,1,0
NBAHD621816-BLK,NO,1,0
NBATT621815-BLK,NO,1,0
NBATS621823-BLK,NO,1,0
NBATS621825-BLU,NO,1,0
NBATS621825-WHT2,SI,9,0
NBATS621825-BLK2,SI,18,0
NBATS621825-WHT,SI,16,0
NBATS621825-BLK,SI,10,0
NBATS621825-PUR,SI,19,0
NBATS621825-YEL,SI,4,0
NBATS521825-BLU,NO,4,0
NBATS521825-WHT2,NO,4,0
NBATS521825-BLK2,SI,5,0
NBATS521825-WHT,NO,5,0
NBATS521825-BLK,SI,0,0
NBATS521825-PUR,NO,0,0
NBATS521825-YEL,SI,1,0
NBATT521824-NVY,NO,1,0
NBATT521824-RED,NO,1,0
NBATT521824-BLK4,SI,1,0
NBATT521824-BLK3,SI,0,0
NBATT521824-BLK2,SI,0,0
NBATT521824-BLU,NO,0,0
NBATT521824-BLK,NO,0,0
NBATT521824-YEL,SI,0,0
NBATT521824-PUR,SI,0,0
NBATS521827-BLK2,NO,0,0
NBASH32148-BLK3,NO,0,0
NBASH32148-GRY,SI,9,0
BCSH52137-GRY,NO,9,0
BCSH52137-BLK,NO,9,0
BCSH52137-NVY,NO,9,0
BCHD52134-NVY,NO,9,0
BCHD52134-BLK,NO,9,0
BCHD52136-NVY,NO,9,0
BCHD52136-BLU,NO,9,0
BCHD52136-GRY,NO,9,0
BCHD52132-RED,NO,9,0
BCHD52132-NVY,NO,9,0
BCHD52132-GRY,NO,9,0
BCHD52133-BLU,NO,9,0
BCHD52133-RED,NO,9,0
BCHD52133-NVY,SI,1,0
BCHD52146-NVY,NO,1,0
BCHD52146-BLU,NO,1,0
BCHD52146-GRY,SI,1,0
BCTS52131-GRY,NO,1,0
BCTS52131-NVY,NO,1,0
BCTS52130-BLU,NO,1,0
BCTS52130-RED,NO,1,0
BCTS52130-NVY,NO,1,0
BCTS52127-GRY,NO,1,0
BCTS52127-NVY,NO,1,0
BCTS52151-NVY,NO,1,0
BCTS52151-GRY,NO,1,0
BCTS52124-BLU,NO,1,0
BCTS52124-NVY,NO,1,0
BCTS52124-RED,NO,1,0
BCTS52128-GRY,NO,1,0
BCTS52128-NVY,NO,1,0
BCTS52128-RED,NO,1,0
BCTS52129-RED,NO,1,0
BCTS52129-NVY,NO,1,0
BCTS52126-BLU,NO,1,0
BCTS52126-YEL,SI,0,0
BCTS52126-GRY,NO,0,0
BCJS52145-BLK,NO,0,0
BCJS52145-RED,NO,0,0
BCJS52145-BLU,NO,0,0
BCJS52122-TUR,NO,0,0
BCJS52121-TUR,NO,0,0
BCJS52121-BLK,NO,0,0
BCJS52121-NVY,NO,0,0
BCJS52120-TUR,SI,0,0
BCJS52120-BLK,NO,0,0
BCJS52120-NVY,SI,1,0
MLBBX52106-NVY3,SI,60,0
JVSB32169-WHT,NO,60,0
JVSB32168-BLK,NO,60,0
JVSB32167-BLK,NO,60,0
JVSB32166-BLK,NO,60,0
BCSB32147-NVY,NO,60,0
BCSB32152-NVY,NO,60,0
BCSB32149-RED,NO,60,0
MLBTS32158-BLU,SI,0,0
MLBTS32158-NVY2,SI,0,0
MLBTS32158-NVY,SI,0,0
MLBSH320201-NVY,SI,0,0
MLBPT320201-NVY,SI,21,0
MLBTS320209-NVY,SI,2,0
MLBTS320209-BLK,SI,0,0
MLBTS320206-NVY3,NO,0,0
MLBTS320206-WHT3,SI,0,0
MLBTS320206-NVY2,SI,14,0
MLBSH521183-NVY,NO,14,0
MLBTS320206-NVY,NO,14,0
MLBTS320206-WHT,SI,2,0
MLBJS320220-WHT2,SI,7,19
MLBJS320220-BLU,SI,7,33
MLBJS320220-NVY,SI,8,37
MLBJS52167-NVY,NO,8,37
MLBJS320220-WHT,SI,21,14
MLBJT320220-BLU,SI,6,15
MLBJT320220-NVY2,SI,1,24
MLBJT320220-NVY,SI,12,6
MLBJT320220-WHT,SI,36,16
MLBHD321124-NVY,NO,36,16
MLBTS320201-BLU,SI,26,24
MLBTS320201-NVY2,SI,34,23
MLBTS320201-NVY,SI,19,0
MLBWR521155-NVY,SI,0,0
MLBSW521154-WHT,NO,0,0
MLBSW521153-WHT,NO,0,0
MLBTS521152-WHT,NO,0,0
MLBJS521151-WHT,NO,0,0
MLBTS52158-NVY2,NO,0,0
MLBTS52158-NVY,NO,0,0
MLBSH521143-BLU,NO,0,0
MLBSH521143-NVY2,NO,0,0
MLBSH521143-NVY,NO,0,0
MLBHD521148-NVY,NO,0,0
MLBHD521148-GRY,NO,0,0
MLBPT521138-NVY2,NO,0,0
NBASH32148-BLU,SI,2,0
NBASH32148-PUR,SI,5,0
NBASH32148-BLK,NO,5,0
NBATT32147-RED,NO,5,0
NBATT32147-GRY,NO,5,0
NBATT32147-BLK2,NO,5,0
NBATT32147-BLU,NO,5,0
NBATT32147-PUR,NO,5,0
NBATT32147-BLK,NO,5,0
NBATS32147-GRY,NO,5,0
NBATS32147-BLU,SI,10,0
NBATS32147-PUR,SI,16,0
NBATS32147-BLK,SI,5,0
AMSB52117-RED,NO,5,0
AMSB52117-GRY,NO,5,0
AMSB52117-BLU,NO,5,0
AMSB52116-RED,NO,5,0
AMSB52115-RED,NO,5,0
AMSH52114-GRY,NO,5,0
AMSH52114-NVY,NO,5,0
AMPT52113-GRY,NO,5,0
AMPT52113-NVY,NO,5,0
AMJK52112-NVY,NO,5,0
AMJK52112-GRY,NO,5,0
AMJK52112-RED,NO,5,0
AMHD52111-RED,NO,5,0
AMHD52111-NVY,SI,2,0
AMHD52111-GRY,NO,2,0
NBATS321000-ROY,SI,23,0
NBATS321000-GRN,SI,13,0
NBATS321000-GRY,SI,3,25
NBATS321000-BLK3,SI,23,24
NBATS321000-BLK2,SI,20,16
NBATS321000-WHT,SI,17,0
NBAHD321613-BLK8,NO,17,0
NBATS321000-RED,SI,23,16
NBAHD321613-BLK7,NO,23,16
NBATS321000-BLK,SI,27,15
NBAHD321613-BLK6,NO,27,15
NBATS321000-PUR,SI,26,0
NBATS321000-YEL,SI,41,24
NBAHD321613-BLK4,NO,41,24
NBAHD321613-BLK3,NO,41,24
NBAHD321613-BLK2,NO,41,24
NBAHD321613-BLK,NO,41,24
NBASH321619-BLK8,NO,41,24
NBASH321619-BLK7,NO,41,24
NBASH321619-BLK6,NO,41,24
NBASH321619-BLK5,NO,41,24
NBASH321619-BLK4,NO,41,24
NBASH321619-BLK3,NO,41,24
NBASH321619-BLK2,NO,41,24
NBASH321619-BLK,NO,41,24
NBATS321622-BLK10,NO,41,24
NBATS321622-BLK9,NO,41,24
NBATS321622-BLK8,NO,41,24
NBATS321622-BLK7,NO,41,24
NBATS321622-BLK6,NO,41,24
NBATS321622-BLK5,NO,41,24
NBATS321622-BLK4,NO,41,24
NBATS321622-BLK3,NO,41,24
NBATS321622-BLK2,NO,41,24
NBATS321622-BLK,NO,41,24
NBATS321621-BLK6,NO,41,24
NBATS321621-WHT4,NO,41,24
NBATS321621-BLK5,NO,41,24
NBATS321621-CYN3,NO,41,24
NBATS321621-PUR2,NO,41,24
NBATS321621-BLK4,NO,41,24
NBATS321621-CYN2,NO,41,24
NBATS321621-WHT3,NO,41,24
NBATS321621-WHT2,NO,41,24
NBATS321621-WHT,NO,41,24
NBATS321621-BLK3,NO,41,24
NBATS321621-BLK2,SI,8,0
NBATS321621-PUR,NO,8,0
NBATS321621-CYN,NO,8,0
NBATS321621-BLK,SI,18,0
NBAPT321601-BLK5,NO,18,0
NBAPT321601-BLK4,NO,18,0
NBAPT321601-NVY,NO,18,0
NBAPT321601-BLK3,NO,18,0
NBAPT321601-BLK2,NO,18,0
NBAPT321601-BLK,NO,18,0
NBASH321613-GRY,NO,18,0
NBASH321613-RED,NO,18,0
NBASH321613-NVY,NO,18,0
NBASH321613-BLK3,NO,18,0
NBASH321613-BLK2,NO,18,0
NBASH321613-BLK,NO,18,0
NBAHD321601-BLK3,NO,18,0
NBAHD321601-GRN,NO,18,0
NBAHD321601-BLU,NO,18,0
NBAHD321601-BLK2,NO,18,0
NBAHD321601-RED,NO,18,0
AMHD52110-RED,NO,18,0
AMHD52110-NVY,NO,18,0
AMHD52110-GRY,NO,18,0
AMPL52109-GRY,NO,18,0
AMPL52109-RED,NO,18,0
AMTS52108-GRY,NO,18,0
AMTS52108-RED,NO,18,0
AMTS52107-RED,NO,18,0
AMTS52106-RED,NO,18,0
AMTS52105-RED,SI,3,0
AMTS52105-BLU,NO,3,0
AMTS52104-NVY,NO,3,0
AMTS52104-GRY,NO,3,0
AMTS52104-RED,SI,10,0
AMTS52103-RED,NO,10,0
AMTS52102-GRY,NO,10,0
AMTS52102-BLU,NO,10,0
AMTS52102-RED,NO,10,0
AMTS52101-GRY,NO,10,0
AMTS52101-NVY,SI,2,0
AMTS52101-BLU,NO,2,0
NBASH521705-BLK3,SI,1,0
NBASH521705-BLK2,SI,0,0
NBASH521814-BLK,SI,0,0
NBASW521702-BLK,NO,0,0
NBATT521706-BLK,SI,2,0
NBATT521810-RED,SI,11,0
NBATT521810-WHT,SI,18,0
NBATS521810-RED,NO,18,0
NBATS521810-WHT,SI,0,0
NBASW521701-BLK,SI,0,0
NBASW521701-RED,NO,0,0
NBATS52147-PUR,NO,0,0
NBASH521820-YEL,SI,50,37
NBASH521820-BLK,SI,14,26
NBASH521820-RED,SI,14,33
NBASW521700-BLK2,NO,14,33
NBASW521700-RED,NO,14,33
NBASW521700-BLK,NO,14,33
NBASW521700-YEL,NO,14,33
NBASH521703-GRY,SI,0,0
NBASH521703-PUR,NO,0,0
NBASH521703-BLK,SI,1,0
NBATS521702-GRY,SI,3,0
NBATS521702-BLK3,SI,1,0
NBATS521702-PUR,NO,1,0
NBATS521702-BLK2,NO,1,0
NBATS521702-WHT,SI,0,0
NBATS521702-BLK,NO,0,0
NBAPT521700-BLK3,NO,0,0
NBAPT521700-BLK2,NO,0,0
NBAPT521700-BLK,SI,1,0
NBASH521700-YEL,NO,1,0
NBASH521700-BLK3,SI,1,0
NBASH521700-BLK2,SI,0,0
NBASH521700-RED,SI,0,0
NBASH521700-BLK,NO,0,0
NBATS521700-GRY,NO,0,0
NBATS521700-BLK3,NO,0,0
NBATS521700-BLK2,SI,0,0
NBATS521700-YEL,SI,0,0
NBATS521700-RED,NO,0,0
NBATS521700-BLK,NO,0,0
LVSH32102-BLK,NO,0,0
LVSH32102-RED,NO,0,0
LVJS32103-BLK,NO,0,0
LVJS32103-RED,NO,0,0
NBAHD321601-BLK,NO,0,0
NBATT321613-BLU,NO,0,0
NBATT321613-BLK2,NO,0,0
NBATT321613-GRN,SI,4,0
NBATT321613-YEL,SI,5,0
NBATT321613-RED,SI,6,0
NBATT321613-BLK,NO,6,0
NBATS321607-BLK6,NO,6,0
NBATS321607-BLK5,NO,6,0
NBATS321607-BLK4,NO,6,0
NBATS321607-BLK3,SI,31,0
NBATS321607-BLK2,SI,18,0
NBATS321607-BLK,NO,18,0
NBASH321557-BLK6,NO,18,0
NBASH321557-BLK5,NO,18,0
NBASH321557-BLK4,NO,18,0
NBASH321557-BLK3,SI,10,0
NBASH321557-BLK2,NO,10,0
NBASH321557-BLK,SI,8,0
NBASH321551-RED2,NO,8,0
NBASH321551-BLU,NO,8,0
NBASH321551-GRY,NO,8,0
NBASH321551-RED,NO,8,0
NBASH321551-PUR,NO,8,0
NBAPT321583-BLK,NO,8,0
NBAHD321583-BLK,NO,8,0
MLBPT521138-NVY,NO,8,0
MLBTT521135-NVY2,NO,8,0
MLBTT521135-NVY,SI,0,0
MLBJK521127-NVY2,NO,0,0
MLBJK521127-NVY,SI,0,0
MLBBBJ521177-BLU,NO,0,0
MLBBBJ521177-NVY,NO,0,0
MLBJS521174-NVY2,SI,0,0
MLBJS521174-BLK2,SI,0,0
MLBJS521174-NVY,NO,0,0
MLBJS521174-BLK,NO,0,0
MLBPT521171-NVY,NO,0,0
MLBSH521168-BLK2,NO,0,0
MLBSH521168-WHT,NO,0,0
MLBSH521168-NVY,NO,0,0
MLBSH521168-BLK,NO,0,0
MLBTS521156-BLK2,NO,0,0
MLBTS521156-NVY2,SI,4,0
MLBTS521156-RED,SI,1,0
MLBTS521156-GRY,NO,1,0
MLBSH520201-BLU,SI,16,2
MLBSH520201-NVY2,SI,40,5
MLBPT520201-BLU,SI,17,21
MLBPT520201-NVY2,SI,8,0
MLBPT520201-BLK,SI,29,6
MLBPT520201-NVY,SI,26,32
MLBTS520209-NVY,SI,0,0
MLBTS520208-BLU,SI,0,0
MLBTS520208-RED,SI,0,0
MLBTS520208-WHT,SI,0,0
MLBTS520207-BLU,SI,2,6
MLBTS520207-WHT2,SI,0,0
MLBTS520207-GRY,SI,0,0
MLBTS520207-RED,SI,0,0
MLBTS520207-NVY,SI,0,5
MLBTS520207-BLK,SI,0,3
MLBTS520206-NVY3,NO,0,3
MLBTS520206-NVY,NO,0,3
MLBTS520206-GRY,SI,0,0
MLBTS520206-WHT,SI,0,0
MLBTS520203-NVY,SI,0,0
MLBTS520203-BLK,SI,0,0
MLBJS520220-WHT2,SI,15,19
MLBJS520220-BLU2,SI,27,20
MLBJS520220-BLU,SI,38,19
MLBJS520220-NVY,SI,32,15
MLBJS520220-RED,SI,30,26
NBATS320471-BLK,NO,30,26
NBATT320471-BLK,SI,7,0
NBATS321646-BLK4,SI,1,0
NBATS321646-BLU,NO,1,0
NBATS321646-RED,SI,2,0
NBATS321613-NVY,SI,11,0
NBATS321613-BLK4,SI,6,0
NBATS321613-BLK2,SI,19,0
NBATS321613-PUR,SI,3,0
NBATS321613-BLK,SI,7,0
NBATS321613-WHT,NO,7,0
NBAPT32149-BLK3,NO,7,0
NBAPT32149-GRY,NO,7,0
NBAPT32149-BLK2,NO,7,0
NBAPT32149-BLU,NO,7,0
NBAPT32149-BLK,NO,7,0
NBAJK32148-RED,NO,7,0
NBAJK32148-GRY,NO,7,0
NBAJK32148-BLU,NO,7,0
NBAJK32148-PUR,NO,7,0
NBAJK32148-BLK,NO,7,0
NBATS521621-CYN,NO,7,0
NBATS521621-BLK,NO,7,0
NBAPT521601-BLK5,NO,7,0
NBAPT521601-BLK4,NO,7,0
NBAPT521601-NVY,NO,7,0
NBAPT521601-BLK3,NO,7,0
NBAPT521601-BLK2,NO,7,0
NBAPT521601-BLK,NO,7,0
NBAHD521613-BLK3,NO,7,0
NBAHD521613-GRY,NO,7,0
NBAHD521613-NVY,NO,7,0
NBAHD521613-BLK2,NO,7,0
NBAHD521613-RED,NO,7,0
NBAHD521613-BLK,NO,7,0
NBASH521613-BLK5,NO,7,0
NBASH521613-BLK4,NO,7,0
NBASH521613-NVY,NO,7,0
NBASH521613-BLK3,NO,7,0
NBASH521613-BLK2,NO,7,0
NBASH521613-BLK,NO,7,0
LVJS32102-GRN,NO,7,0
LVJS32102-BLK,NO,7,0
LVJS32102-RED,NO,7,0
LVJS32101-GRN,NO,7,0
LVJS32101-BLK,NO,7,0
LVJS32101-RED,NO,7,0
LVHD32101-BLK,NO,7,0
LVHD32101-RED,NO,7,0
LVTS32103-BLK,NO,7,0
LVTS32103-RED,NO,7,0
LVTS32102-WHT,NO,7,0
LVTS32102-BLK,NO,7,0
LVTS32102-RED,NO,7,0
LVTS32101-GRY,NO,7,0
LVTS32101-BLK,NO,7,0
LVTS32101-RED,NO,7,0
LVSH52102-RED,NO,7,0
LVJS52103-RED,SI,20,0
LVJS52102-GRN,NO,20,0
LVJS52102-BLK,SI,12,0
LVJS52102-RED,NO,12,0
LVSH52101-BLK,NO,12,0
LVHD52101-BLK,NO,12,0
LVHD52101-RED,NO,12,0
LVTS52103-BLK,NO,12,0
LVTS52103-RED,NO,12,0
LVTS52102-WHT,NO,12,0
LVTS52102-BLK,NO,12,0
LVTS52102-RED,NO,12,0
LVTS52101-GRY,NO,12,0
LVTS52101-BLK,NO,12,0
LVTS52101-RED,SI,19,0
NBAWR521601-BLK5,NO,19,0
NBAWR521601-BLK4,NO,19,0
NBAWR521601-BLU,NO,19,0
NBAWR521601-BLK3,SI,1,0
NBAWR521601-YEL,NO,1,0
NBAWR521601-BLK,NO,1,0
NBAWR521601-RED,NO,1,0
NBATS521639-BLK4,SI,0,0
NBATS521639-BLU,NO,0,0
NBATS521639-GRN,NO,0,0
NBATS521639-BLK2,NO,0,0
NBATS521639-PUR,NO,0,0
NBATS521639-RED,NO,0,0
NBATS521639-BLK,NO,0,0
NBATS521645-BLK4,NO,0,0
NBATS521645-BLU,NO,0,0
NBATS521645-BLK3,NO,0,0
NBATS521645-BLK2,NO,0,0
NBATS521645-RED,NO,0,0
NBATS521645-BLK,NO,0,0
NBAPT521607-BLK6,SI,0,0
NBAPT521607-BLK5,SI,0,0
NBAPT521607-BLK4,SI,0,0
NBAPT521607-BLK3,NO,0,0
NBAPT521607-BLK2,SI,0,0
NBAPT521607-BLK,NO,0,0
NBAHD521614-BLK8,NO,0,0
NBAHD521614-BLK7,NO,0,0
NBAHD521614-BLK6,SI,0,0
NBAHD521614-BLK5,SI,1,0
NBAHD521614-BLK4,NO,1,0
NBAHD521614-BLK3,NO,1,0
NBAHD521614-BLK2,SI,0,0
NBAHD521614-BLK,NO,0,0
NBASH521619-BLK8,NO,0,0
NBAHD521601-BLK3,NO,0,0
NBAHD521601-GRN,NO,0,0
NBAHD521601-BLU,NO,0,0
NBAHD521601-BLK2,NO,0,0
NBAHD521601-RED,NO,0,0
NBAHD521601-BLK,NO,0,0
NBATT521613-BLU,NO,0,0
NBATT521613-BLK2,NO,0,0
NBATT521613-GRN,SI,1,0
NBATT521613-YEL,NO,1,0
NBATT521613-RED,NO,1,0
NBATT521613-BLK,NO,1,0
NBATS521613-NVY,NO,1,0
NBATS521613-BLK4,SI,1,0
NBATS521613-BLK2,SI,0,0
NBATS521613-PUR,SI,0,0
NBATS521613-BLK,SI,0,0
NBATS521613-WHT,NO,0,0
NBATS521602-BLK6,NO,0,0
NBATS521602-BLK5,NO,0,0
NBATS521602-BLK4,NO,0,0
NBATS521602-BLK3,NO,0,0
NBATS521602-BLK2,NO,0,0
NBATS521602-BLK,NO,0,0
NBATS521601-BLK6,NO,0,0
NBATS521601-BLK5,NO,0,0
NBATS521601-BLK4,NO,0,0
NBATS521601-BLK3,NO,0,0
NBATS521601-BLK2,NO,0,0
NBATS521601-BLK,SI,0,0
NBASH521602-WHT6,NO,0,0
NBASH521602-WHT5,NO,0,0
NBASH521602-WHT4,NO,0,0
NBASH521602-WHT3,NO,0,0
NBASH521602-WHT2,NO,0,0
NBASH521602-WHT,NO,0,0
NBATT521602-WHT6,NO,0,0
NBATT521602-WHT5,NO,0,0
NBATT521602-WHT4,NO,0,0
NBATT521602-WHT3,NO,0,0
NBATT521602-WHT2,NO,0,0
NBATT521602-WHT,NO,0,0
NBASH521601-BLK6,NO,0,0
NBASH521601-BLK5,NO,0,0
NBASH521601-BLK4,NO,0,0
NBASH521601-BLK3,NO,0,0
NBASH521601-BLK2,NO,0,0
NBASH521601-BLK,NO,0,0
NBATT521600-BLK6,NO,0,0
NBATT521600-BLK5,NO,0,0
NBATT521600-BLK4,NO,0,0
NBATT521600-BLK3,SI,0,0
NBATT521600-BLK2,SI,0,0
NBATT521600-BLK,NO,0,0
NBAPJ32101-BLK4,SI,15,0
NBAPJ32101-BLK3,NO,15,0
NBAPJ32101-BLU,NO,15,0
NBAPJ32101-GRN,NO,15,0
NBAPJ32101-BLK2,SI,57,0
NBAPJ32101-PUR,SI,22,0
NBAPJ32101-BLK,SI,51,0
NBAPJ52101-BLK4,SI,16,0
NBAPJ52101-BLK3,NO,16,0
NBAPJ52101-BLU,NO,16,0
NBAPJ52101-GRN,NO,16,0
NBAPJ52101-BLK2,NO,16,0
NBAPJ52101-PUR,SI,2,0
NBASH521619-BLK7,NO,2,0
NBASH521619-BLK6,NO,2,0
NBASH521619-BLK5,NO,2,0
NBASH521619-BLK4,NO,2,0
NBASH521619-BLK3,NO,2,0
NBASH521619-BLK2,NO,2,0
NBASH521619-BLK,NO,2,0
NBATS521622-BLK11,SI,5,0
NBATS521622-BLK10,SI,0,0
NBATS521622-BLK9,NO,0,0
NBATS521622-BLK7,SI,0,0
NBATS521622-BLK6,NO,0,0
NBATS521622-BLK5,NO,0,0
NBATS521622-BLK3,SI,0,0
NBATS521622-BLK,SI,0,0
NBATS521621-BLK6,SI,0,0
NBATS521621-WHT4,SI,0,0
NBATS521621-BLK5,SI,1,0
NBATS521621-CYN3,NO,1,0
NBATS521621-PUR2,NO,1,0
NBATS521621-BLK4,SI,1,0
NBATS521621-CYN2,NO,1,0
NBATS521621-WHT3,NO,1,0
NBATS521621-WHT2,NO,1,0
NBATS521621-WHT,NO,1,0
NBATS521621-BLK3,SI,0,0
NBATS521621-BLK2,SI,0,0
NBATS521621-PUR,SI,0,0
NBASB621270-BLK2,NO,0,0
NBASB621270-BLK,SI,26,0
NBAPT621264-BLK2,NO,26,0
NBAPT621264-NVY,NO,26,0
NBAPT621264-GRY2,NO,26,0
NBAPT621264-GRY,NO,26,0
NBAPT621264-PUR,NO,26,0
NBAPT621264-BLK,NO,26,0
NBAHD621258-BLK2,NO,26,0
NBAHD621258-BLU,NO,26,0
NBAHD621258-GRY2,NO,26,0
NBAHD621258-GRY,NO,26,0
NBAHD621258-PUR,NO,26,0
NBAHD621258-BLK,NO,26,0
NBAPT621252-BLK6,NO,26,0
NBAPT621252-BLK5,NO,26,0
NBAPT621252-BLK4,SI,11,0
NBAPT621252-BLK2,SI,1,0
NBAPT621252-BLK,NO,1,0
NBATS621246-RED,NO,1,0
NBATS621246-BLU,NO,1,0
NBATS621246-GRY,NO,1,0
NBATS621246-WHT,NO,1,0
NBATS621246-PUR,SI,8,0
NBATS621246-BLK,SI,4,0
NBACT621245-WHT,NO,4,0
NBATS621237-GRN,NO,4,0
NBATS621237-LIL,NO,4,0
NBATS621237-BLK,NO,4,0
NBACT621230-CYN,NO,4,0
NBACT621230-BLK3,NO,4,0
NBACT621230-BLK2,SI,7,0
NBACT621230-WHT,NO,7,0
NBACT621230-BLU,SI,0,0
NBACT621230-BLK,SI,1,0
NBATT621224-BLK3,NO,1,0
NBATT621224-BLK2,NO,1,0
NBATT621224-NVY,SI,18,0
NBATT621224-WHT,NO,18,0
NBAPJ52101-BLK,SI,20,0
NBAJS621279-BLK2,NO,20,0
NBAJS621279-NVY,NO,20,0
NBAJS621279-BLK,SI,14,0
NBAJS621279-GRN,NO,14,0
NBAJS621279-PUR,SI,5,0
NBAJS621279-RED,SI,1,0
NBATS621273-RED2,NO,1,0
NBATS621273-WHT2,NO,1,0
NBATS621273-WHT,NO,1,0
NBATS621273-PUR,NO,1,0
NBATS621273-GRY,NO,1,0
NBATS621273-NVY,NO,1,0
NBATS621273-RED,NO,1,0
NBATS621273-BLK,NO,1,0
NBAPT621160-BLK6,NO,1,0
NBAPT621160-BLK5,NO,1,0
NBAPT621160-BLK4,NO,1,0
NBAPT621160-BLK3,NO,1,0
NBAPT621160-BLK2,NO,1,0
NBAPT621160-BLK,NO,1,0
NBATS621293-RED,NO,1,0
NBATS621293-BLK3,NO,1,0
NBATS621293-NVY,NO,1,0
NBATS621293-BLK2,NO,1,0
NBATS621293-PUR,NO,1,0
NBATS621293-BLK,NO,1,0
NBAHD621286-BLU2,NO,1,0
NBAHD621286-ORN,NO,1,0
NBAHD621286-BLU,NO,1,0
NBAHD621286-BLK2,NO,1,0
NBAHD621286-BLK,NO,1,0
NBAHD621286-GRN,NO,1,0
NBAHD621286-YLW,NO,1,0
NBAHD621286-RED,NO,1,0
NBASB621270-BLK3,NO,1,0
NBASB621270-BLU,NO,1,0
NBASB621270-GRY,NO,1,0
NBASB621270-PUR,SI,25,0
NFLDW2110-BLK2,NO,25,0
NFLDW2110-RED2,NO,25,0
NFLDW2110-RED,NO,25,0
NFLDW2110-BLK,NO,25,0
NFLDW2110-NVY,NO,25,0
NBADW2110-BLK2,NO,25,0
NBADW2110-GRN,NO,25,0
NBADW2110-BLU,NO,25,0
NBADW2110-RED,NO,25,0
NBADW2110-PUR,NO,25,0
NBADW2110-BLK,NO,25,0
NFLDW2109-BLK2,NO,25,0
NFLDW2109-RED2,NO,25,0
NFLDW2109-RED,NO,25,0
NFLDW2109-BLK,NO,25,0
NFLDW2109-NVY,NO,25,0
NBADW2109-BLU,NO,25,0
NBADW2109-BLK5,NO,25,0
NBADW2109-BLK4,NO,25,0
NBADW2109-BLK3,NO,25,0
NBADW2109-BLK2,NO,25,0
NBADW2109-BLK,NO,25,0
NFLDW2108-BLK2,NO,25,0
NFLDW2108-RED2,NO,25,0
NFLDW2108-RED,NO,25,0
NFLDW2108-BLK,NO,25,0
NFLDW2108-NVY,NO,25,0
NBADW2108-BLK,NO,25,0
NBADW2108-PUR,NO,25,0
NBADW2108-RED2,NO,25,0
NBADW2108-BLU,NO,25,0
NBADW2108-GRN,NO,25,0
NFLDW2107-BLK,NO,25,0
NFLDW2107-NVY,NO,25,0
NFLDW2107-BLK2,NO,25,0
NFLDW2107-RED2,NO,25,0
NFLDW2107-RED,NO,25,0
NBADW2107-BLK,NO,25,0
NBADW2107-PUR,NO,25,0
NBADW2107-RED2,NO,25,0
NBADW2107-RED,NO,25,0
NBADW2107-BLU,NO,25,0
NBADW2107-GRN,NO,25,0
NFLDW2106-BLK2,NO,25,0
NFLDW2106-RED2,NO,25,0
NFLDW2106-BLK,NO,25,0
NFLDW2106-NVY,NO,25,0
NFLDW2106-RED,NO,25,0
NBADW2106-PUR,NO,25,0
NBADW2106-BLK4,NO,25,0
NBADW2106-BLK3,NO,25,0
NBADW2106-BLK2,NO,25,0
NBADW2106-ROY,NO,25,0
NBADW2106-BLK,NO,25,0
NFLDW2105-BLK2,NO,25,0
NFLDW2105-RED2,NO,25,0
NFLDW2105-RED,NO,25,0
NFLDW2105-BLK,NO,25,0
NFLDW2105-NVY,NO,25,0
NBADW2105-ROY,NO,25,0
NBADW2105-RED2,NO,25,0
NBADW2105-BLK2,NO,25,0
NBADW2105-PUR,NO,25,0
NBADW2105-BLK,NO,25,0
NBADW2105-RED,NO,25,0
NFLDW2104-RED,NO,25,0
NFLDW2104-BLK,NO,25,0
NFLDW2104-NVY,NO,25,0
NBADW2104-BLK2,NO,25,0
NBADW2104-ROY,NO,25,0
NBADW2104-GRN,NO,25,0
NBADW2104-BLK,NO,25,0
NBADW2104-PUR,NO,25,0
NBADW2104-RED,NO,25,0
NFLDW2103-BLK2,NO,25,0
NFLDW2103-RED2,NO,25,0
NFLDW2103-NVY,NO,25,0
NFLDW2103-RED,NO,25,0
NFLDW2103-BLK,NO,25,0
NBADW2103-NVY,NO,25,0
NBADW2103-ROY,NO,25,0
NBADW2103-BLK3,NO,25,0
NBADW2103-BLK2,NO,25,0
NBADW2103-PUR,NO,25,0
NBADW2103-BLK,NO,25,0
NFLDW2102-BLK2,NO,25,0
NFLDW2102-RED,NO,25,0
NFLDW2102-BLK,NO,25,0
NFLDW2102-NVY,NO,25,0
NBADW2102-BLK3,NO,25,0
NBADW2102-BLK2,NO,25,0
NBADW2102-BLK,NO,25,0
NBADW2102-PUR,NO,25,0
NBADW2102-RED,NO,25,0
NFLDW2101-RED3,NO,25,0
MLBJS520220-WHT,SI,44,55
MLBJT520220-BLU,SI,26,22
MLBJT520220-WHT2,SI,26,7
MLBJT520220-NVY2,SI,40,0
MLBJT520220-NVY,SI,20,0
MLBJT520220-WHT,SI,35,42
MLBHD521124-NVY,SI,0,0
MLBHD521121-GRY,SI,0,0
MLBHD521121-NVY,SI,0,25
MLBHD52001-BLU,SI,0,8
MLBHD52001-NVY,SI,22,13
MLBTS520202-WHT,NO,22,13
MLBTS520201-BLU,SI,18,17
MLBTS520201-NVY,SI,42,14
MLBTS520200-BLK3,SI,5,1
MLBTS520200-WHT3,SI,5,11
MLBTS520200-BLK2,SI,10,5
MLBTS520200-NVY2,SI,19,12
MLBTS520200-NVY,SI,32,8
MLBTS520200-BLK,SI,25,12
MLBTS520200-WHT,SI,26,7
MLBPJ32101-NVY,SI,53,0
MLBPJ32101-WHT,SI,56,0
MLBPJ52101-NVY,SI,0,0
MLBPJ52101-WHT3,SI,0,0
MLBPJ52101-WHT2,SI,2,0
MLBPJ52101-WHT,NO,2,0
MLBSH62139-LIL,SI,2,0
MLBSH62139-NVY,NO,2,0
MLBCT62128-WHT,NO,2,0
MLBCT62128-BLU,SI,0,0
MLBCT62128-NVY2,SI,0,0
MLBCT62128-LIL,NO,0,0
MLBCT62128-YEL,NO,0,0
MLBCT62128-NVY,NO,0,0
MLBTT62127-NVY,SI,1,0
MLBSB62124-BLU,SI,0,2
MLBSB62124-NVY2,SI,55,2
MLBSB62124-NVY,SI,2,2
MLBSB62120-LBL,SI,28,2
MLBSB62120-NVY,SI,26,0
MLBHD62153-NVY,SI,2,0
MLBCT62144-PUR,NO,2,0
MLBCT62144-RED,SI,11,0
MLBCT62144-LBL,SI,2,0
MLBCT62144-NVY,SI,9,0
NFLDW2101-RED2,NO,9,0
NFLDW2101-RED,NO,9,0
NFLDW2101-NVY,NO,9,0
NFLDW2101-BLK,NO,9,0
NBADW2101-RED,NO,9,0
NBADW2101-ROY,NO,9,0
NBADW2101-GRN,NO,9,0
NBADW2101-BLK2,NO,9,0
NBADW2101-PUR,NO,9,0
NBADW2101-BLK,NO,9,0
NBABX52103-BLK5,SI,0,0
NBABX52103-BLK4,SI,0,0
NBABX52103-GRY,SI,0,0
NBABX52103-ROY,SI,2,0
NBABX52103-BLK3,NO,2,0
NBABX52103-BLK2,SI,7,0
NBABX52103-BLK,NO,7,0
NBABX52102-RED2,NO,7,0
NBABX52102-BLK,NO,7,0
NBABX52102-ROY,NO,7,0
NBABX52102-GRN,SI,56,0
NBABX52102-PUR,NO,56,0
NBABX52102-RED,NO,56,0
NBABX52101-GRN,NO,56,0
NBABX52101-ROY,NO,56,0
NBABX52101-BLK3,NO,56,0
NBABX52101-BLK2,SI,67,0
NBABX52101-PUR,SI,1,0
NBABX52101-BLK,NO,1,0
NBATS521582-WHT,SI,0,4
NBATT520471-BLK,SI,1,4
NBAPT521575-BLK5,NO,1,4
NBAPT521575-BLK4,NO,1,4
NBAPT521575-BLU,NO,1,4
NBAPT521575-BLK3,NO,1,4
NBAPT521575-BLK2,NO,1,4
NBAPT521575-BLK,NO,1,4
NBAJK521569-RED2,NO,1,4
NBAJK521569-GRY,NO,1,4
NBAJK521569-BLU,NO,1,4
NBAJK521569-GRN,NO,1,4
NBAJK521569-PUR,NO,1,4
NBAJK521569-RED,NO,1,4
NBAPT521563-BLK6,NO,1,4
NBAPT521563-BLK5,NO,1,4
NBAPT521563-BLK4,NO,1,4
NBAPT521563-BLK3,NO,1,4
MLBCT62144-BEI,SI,22,0
MLBJP62105-NVY,NO,22,0
MLBJP62105-GRY,NO,22,0
MLBTS62103-BLU,SI,0,0
MLBTS62103-RED,SI,28,0
MLBTS62103-WHT,NO,28,0
MLBTS62103-NVY,SI,0,0
MLBTS62102-BLU,SI,0,0
MLBTS62102-NVY2,SI,14,0
BCDW2110-NVY,NO,14,0
BCDW2109-BLU,NO,14,0
BCDW2108-NVY,NO,14,0
BCDW2107-NVY,NO,14,0
BCDW2106-NVY,NO,14,0
BCDW2101-BLU,NO,14,0
MLBBX52105-WHT3,SI,0,0
MLBBX52105-WHT2,SI,73,0
MLBBX52105-WHT,SI,12,0
MLBBX52104-BLU,SI,0,0
MLBBX52104-NVY2,SI,11,0
MLBBX52104-NVY,NO,11,0
MLBCS32103-NVY1,NO,11,0
MLBCS32102-NVY1,SI,55,0
MLBCS32101-NVY1,NO,55,0
MLBSL52101-BLU,SI,29,0
MLBSL52101-NVY2,SI,22,0
MLBSL52101-NVY1,NO,22,0
MLBFF518401-WHT,SI,12,0
MLBCS52103-NVY1,NO,12,0
MLBCS52102-NVY2,SI,47,0
MLBCS52102-BLU,SI,75,0
MLBCS52102-NVY1,SI,9,0
MLBCS52101-BLU,NO,9,0
MLBCS52101-NVY1,NO,9,0
MLBFF519109-BLU,NO,9,0
MLBFF519109-NVY,NO,9,0
MLBFF52101-NVY,NO,9,0
MLBSL52110-NVY,NO,9,0
MLBSL52100-NVY,NO,9,0
BCSB32148-NVY,NO,9,0
BCSH32140-BLK,NO,9,0
BCSH32140-BLU,NO,9,0
BCSH32140-NVY,SI,6,0
BCHD32134-NVY,NO,6,0
BCHD32134-BLK,NO,6,0
BCHD32136-NVY,SI,0,0
BCHD32136-BLU,NO,0,0
NBAPT521563-BLK2,NO,0,0
NBAPT521563-BLK,NO,0,0
NBAJK521585-RED2,NO,0,0
NBAJK521585-WHT,NO,0,0
NBAJK521585-BLU,NO,0,0
NBAJK521585-GRN,NO,0,0
NBAJK521585-RED,SI,1,0
NBAJK521585-PUR,SI,1,0
NBASH521557-BLK6,SI,1,0
NBASH521557-BLK5,NO,1,0
NBASH521557-BLK4,NO,1,0
NBASH521557-BLK3,NO,1,0
NBASH521557-BLK2,NO,1,0
NBASH521557-BLK,NO,1,0
NBASH521551-RED2,NO,1,0
NBASH521551-BLU,NO,1,0
NBASH521551-GRY,NO,1,0
NBASH521551-RED,NO,1,0
NBASH521551-GRN,NO,1,0
NBASH521551-PUR,NO,1,0
NBATS521545-BLK4,NO,1,0
NBATS521545-BLK3,SI,1,0
NBATS521545-NVY,NO,1,0
NBATS521545-BLK2,NO,1,0
NBATS521545-PUR,SI,0,0
NBATS521545-BLK,SI,1,0
NBASH521539-BLK6,NO,1,0
NBASH521539-BLK5,NO,1,0
NBASH521539-BLK4,NO,1,0
NBASH521539-BLK3,SI,0,0
NBASH521539-BLK2,SI,0,0
NBASH521539-BLK,SI,0,0
NBATT521533-BLK4,SI,1,0
NBATT521533-BLK3,NO,1,0
NBATT521533-NVY,NO,1,0
NBATT521533-BLK2,SI,0,0
NBATT521533-PUR,NO,0,0
NBATT521533-BLK,SI,0,0
NBATJ521527-BLK4,NO,0,0
NBATJ521527-BLK3,NO,0,0
NBATJ521527-BLU,NO,0,0
NBATJ521527-BLK2,NO,0,0
NBATJ521527-PUR,NO,0,0
NBATJ521527-BLK,NO,0,0
NBAJK521520-BLK4,NO,0,0
NBAJK521520-BLK3,NO,0,0
NBAJK521520-PUR2,NO,0,0
NBAJK521520-BLK2,NO,0,0
NBAJK521520-BLK,NO,0,0
NBAJK521520-NVY,NO,0,0
NBAJK521520-PUR,NO,0,0
NBASH521514-RED,NO,0,0
NBASH521514-PUR2,NO,0,0
NBASH521514-BLK2,NO,0,0
NBASH521514-BLK,NO,0,0
NBASH521514-NVY,NO,0,0
NBASH521514-PUR,NO,0,0
NBATT521508-RED,NO,0,0
NBATT521508-PUR2,NO,0,0
NBATT521508-BLK2,NO,0,0
NBATT521508-BLK,SI,0,0
NBATT521508-NVY,NO,0,0
NBATT521508-PUR,NO,0,0
NBATS521501-RED,NO,0,0
NBATS521501-BLK3,NO,0,0
NBATS521501-BLU,NO,0,0
NBATS521501-BLK2,NO,0,0
NBATS521501-PUR,NO,0,0
NBATS521501-BLK,NO,0,0
NBATS521501-NVY2,NO,0,0
NBATS521501-NVY,NO,0,0
NBACS32106-BLK3,NO,0,0
NBACS32106-BLK2,SI,19,0
NBACS32106-BLK1,NO,19,0
NBACS32105-BLK3,NO,19,0
NBACS32105-BLK2,NO,19,0
NBACS32105-BLK1,SI,1,0
NBACS32104-BLK3,NO,1,0
NBACS32104-BLK2,NO,1,0
NBACS32104-BLK1,NO,1,0
NBACS32102-BLK4,SI,0,0
NBACS32102-BLK3,NO,0,0
NBACS32102-BLK2,SI,0,0
NBACS32102-BLK1,SI,0,0
NFLSL52101-BLK2,NO,0,0
NFLSL52101-BLK1,NO,0,0
NBASL52056-BLK2,SI,67,0
NBATT621224-BLU,SI,5,0
NBATT621224-BLK,SI,1,0
NBASH621218-BLK4,SI,1,0
NBASH621218-NVY,NO,1,0
NBASH621218-BLK3,NO,1,0
NBASH621218-BLK2,NO,1,0
NBASH621218-BLU,NO,1,0
NBASH621218-BLK,SI,1,0
NBASW621212-BLK4,SI,0,0
NBASW621212-NVY,NO,0,0
NBASW621212-BLK3,NO,0,0
NBASW621212-BLK2,NO,0,0
NBASW621212-BLU,SI,1,0
NBASW621212-BLK,SI,0,0
NBAHD621205-BLK5,NO,0,0
NBAHD621205-RED,NO,0,0
NBAHD621205-BLK4,NO,0,0
NBAHD621205-BLK3,NO,0,0
NBAHD621205-NVY,NO,0,0
NBAHD621205-BLK2,NO,0,0
NBAHD621205-BLK,NO,0,0
NBACT621198-BLK3,SI,1,0
NBACT621198-NVY,SI,5,0
NBACT621198-BLK2,NO,5,0
NBACT621198-BLK,SI,1,0
NBAPT621192-BLK6,NO,1,0
NBAPT621192-BLK5,NO,1,0
NBAPT621192-BLK4,NO,1,0
NBAPT621192-BLK3,NO,1,0
NBAPT621192-BLK2,NO,1,0
NBAPT621192-BLK,NO,1,0
NBAHD621186-BLK4,NO,1,0
NBAHD621186-ROY,NO,1,0
NBAHD621186-BLK3,NO,1,0
NBAHD621186-BLK2,NO,1,0
NBAHD621186-PUR,NO,1,0
NBAHD621186-BLK,NO,1,0
NBAPT621180-BLK4,NO,1,0
NBAPT621180-NVY,NO,1,0
NBAPT621180-BLK3,NO,1,0
NBAPT621180-BLK2,NO,1,0
NBAPT621180-PUR,NO,1,0
NBAPT621180-BLK,NO,1,0
NBAHD621174-BLK3,NO,1,0
NBAHD621174-ROY,NO,1,0
NBAHD621174-BLK2,NO,1,0
NBAHD621174-GRN,NO,1,0
NBAHD621174-PUR,SI,0,0
NBAHD621174-BLK,NO,0,0
NBASW621168-BLK3,NO,0,0
NBASW621168-ROY,NO,0,0
NBASW621168-BLK2,NO,0,0
NBASW621168-WHT,NO,0,0
NBASW621168-PUR,NO,0,0
NBASW621168-BLK,NO,0,0
NBAJK621162-BLK4,NO,0,0
NBAJK621162-ROY,NO,0,0
NBAJK621162-BLK3,NO,0,0
NBAJK621162-BLK2,NO,0,0
NBAJK621162-PUR,NO,0,0
NBAJK621162-BLK,NO,0,0
NBASW621143-BLK5,NO,0,0
NBASW621143-BLK4,NO,0,0
NBASW621143-NVY,NO,0,0
NBASW621143-BLK3,NO,0,0
NBASW621143-BLK2,NO,0,0
NBASW621143-BLK,NO,0,0
NBAPT621137-BLK5,SI,0,0
NBAPT621137-BLK4,NO,0,0
NBAPT621137-NVY,SI,3,0
NBAPT621137-BLK3,NO,3,0
NBAPT621137-BLK2,NO,3,0
NBAPT621137-BLK,NO,3,0
NBAHD621131-BLK2,NO,3,0
NBAHD621131-GRY,NO,3,0
NBAHD621131-BLU,NO,3,0
NBAHD621131-GRE,NO,3,0
NBAHD621131-BLK,SI,32,0
NBAHD621131-PUR,SI,1,0
NBACT621125-RED,SI,1,0
NBACT621125-GRY,SI,4,0
NBACT621125-BLK2,SI,7,0
NBACT621125-BLK,SI,1,0
NBACT621125-BLU,SI,27,0
NBACT621125-PUR,SI,41,0
NBATS621103-BLK4,NO,41,0
NBATS621103-GRY,NO,41,0
NBATS621103-PUR2,NO,41,0
NBATS621103-BLK3,NO,41,0
NBATS621103-BLK2,NO,41,0
NBATS621103-PUR,NO,41,0
NBATS621103-RED,NO,41,0
NBATS621103-BLK,SI,1,0
NBATS621102-RED2,NO,1,0
NBATS621102-GRY,NO,1,0
NBATS621102-BLU,NO,1,0
NBATS621102-RED,NO,1,0
NBATS621102-PUR,SI,6,0
NBATS621101-GRE,NO,6,0
NBATS621101-GRY,NO,6,0
NBATS621100-BLU,NO,6,0
NBATS621100-BLK2,SI,1,0
NBATS621100-YLW,NO,1,0
NBATS621100-RED,NO,1,0
NBATS621100-BLK,NO,1,0
NBATS521430-BLK3,NO,1,0
NBATS521430-BLK2,NO,1,0
NBATS521430-NVY,NO,1,0
NBATS521430-GRY,NO,1,0
NBATS521430-BLK,NO,1,0
NBATS521430-RED,NO,1,0
NBATS521430-WHT,NO,1,0
NBATS521429-BLK2,SI,0,0
NBATS521429-GRN,NO,0,0
NBATS521429-BLU,NO,0,0
NBATS521429-BLK,NO,0,0
NBATS521429-PUR,SI,0,0
NBATS521429-WHT,SI,0,0
NBATS521429-RED,NO,0,0
NBATS521428-BLK4,NO,0,0
NBATS521428-GRY,NO,0,0
NBATS521428-BLU,NO,0,0
NBATS521428-BLK3,NO,0,0
NBATS521428-BLK2,SI,0,0
NBATS521428-BLK,NO,0,0
NBATS521426-BLK4,NO,0,0
NBATS521426-GRY,NO,0,0
NBATS521426-BLK3,NO,0,0
NBATS521426-BLU,NO,0,0
NBATS521426-BLK2,NO,0,0
NBATS521426-BLK,NO,0,0
NBAJK521001-BLK4,NO,0,0
NBAJK521001-GRY,NO,0,0
NBAJK521001-BLK3,NO,0,0
NBASL52056-PUR,SI,59,0
NBASL52056-BLK1,SI,0,0
NBASL52034-PUR,SI,46,0
NBASL52034-BLK,SI,21,0
NBASL52101-BLK3,SI,0,0
NBASL52101-BLK2,SI,59,0
NBASL52101-BLK1,NO,59,0
NBASL52117-BLK2,SI,1,0
NBASL52117-BLK1,NO,1,0
NBACS52106-BLK3,SI,8,0
NBACS52106-BLK2,SI,1,0
NBACS52106-BLK1,NO,1,0
NBACS52105-BLK3,NO,1,0
NBACS52105-BLK2,NO,1,0
BCHD32136-GRY,NO,1,0
BCHD32146-NVY,NO,1,0
BCHD32146-BLU,NO,1,0
BCHD32146-GRY,NO,1,0
BCTS32151-NVY,SI,26,0
BCTS32151-GRY,NO,26,0
BCTS32151-BLU,NO,26,0
BCJS32145-RED,NO,26,0
BCJS32145-BLU,NO,26,0
BCJS32121-TUR,NO,26,0
BCJS32121-BLK,SI,9,0
BCJS32121-NVY,SI,0,0
BCJS32120-TUR,NO,0,0
BCJS32120-BLK,SI,6,0
BCJS32120-NVY,SI,19,0
BCTS32131-GRY,NO,19,0
BCTS32131-NVY,NO,19,0
BCTS32130-BLU,NO,19,0
BCTS32130-RED,SI,0,0
BCTS32130-NVY,NO,0,0
BCTS32126-BLU,NO,0,0
BCTS32126-YLW,NO,0,0
BCTS32126-GRY,NO,0,0
OLJS521005-GRY,NO,0,0
OLST52105-BLK,NO,0,0
OLSL2115-BLK,NO,0,0
OLST32109-WHT,NO,0,0
OLJS62104-WHT,NO,0,0
OLJS62104-BLK,NO,0,0
OLSO52107-BLK,NO,0,0
OLWB2113-BLK,NO,0,0
OLPB2114-BLK,NO,0,0
OLSB52105-BLK,NO,0,0
OLBK2111-BLK,NO,0,0
OLPJ52110-BLK,NO,0,0
MGHD52102-BLK,NO,0,0
OLBB12103-WHT,NO,0,0
OLST52106-BLK,NO,0,0
OLMU2116-BLK,NO,0,0
OLMU2117-BLK,NO,0,0
OLBL2112-WHT,NO,0,0
03120104,NO,0,0
02110013,NO,0,0
02050052,NO,0,0
02050053,NO,0,0
02050054,NO,0,0
02110012,NO,0,0
NBACS52105-BLK1,NO,0,0
NBACS52104-BLK3,NO,0,0
NBACS52104-BLK2,SI,1,0
NBACS52104-BLK1,SI,1,0
NBACS52102-BLK4,SI,0,0
NBACS52102-BLK3,NO,0,0
NBACS52102-BLK2,SI,0,0
NBACS52102-BLK1,SI,0,0
NFLFF52108-BLK2,NO,0,0
NFLFF52108-BLK1,NO,0,0
NBAFF521115-BLK,NO,0,0
NBAFF521115-PUR,SI,13,0
NBAFF521109-RED2,NO,13,0
NBAFF521109-PUR,SI,0,0
NBAFF521109-RED1,SI,1,0
NBASL52140-BLK3,NO,1,0
NBASL52140-BLK2,NO,1,0
NBASL52140-BLK1,NO,1,0
NBASL52120-RED,NO,1,0
NBASL52120-PUR,NO,1,0
NFLSH32102-BLK7,NO,1,0
NFLSH32102-BLK6,NO,1,0
NFLSH32102-BLK4,NO,1,0
NFLSH32102-GRY,NO,1,0
NFLSH32102-BLK3,NO,1,0
NFLSH32102-BLK2,NO,1,0
NFLSH32102-BLK,NO,1,0
NFLHD32141-BLK4,NO,1,0
NFLHD32141-BLK3,NO,1,0
NFLHD32141-TEA,NO,1,0
NFLHD32141-NVY2,NO,1,0
NFLHD32141-BLK2,NO,1,0
NFLHD32141-AQU,NO,1,0
NFLHD32141-GRN,NO,1,0
NFLHD32141-RED,NO,1,0
NFLHD32141-BLK,NO,1,0
NFLHD32141-NVY,NO,1,0
NFLPT32177-BLK7,NO,1,0
NFLPT32177-BLK6,NO,1,0
NFLPT32177-NVY3,NO,1,0
NFLPT32177-BLK5,NO,1,0
NFLPT32177-NVY2,NO,1,0
NFLPT32177-BLK4,NO,1,0
NFLPT32177-BLK3,NO,1,0
NFLPT32177-NVY,NO,1,0
NFLPT32177-BLK2,NO,1,0
NFLPT32177-BLK,NO,1,0
NFLTS32159-RED3,NO,1,0
NFLTS32159-RED2,NO,1,0
NFLTS32159-TEA,NO,1,0
NFLTS32159-NVY3,NO,1,0
NFLTS32159-NVY2,NO,1,0
NFLTS32159-GRN,NO,1,0
NFLTS32159-BLK2,NO,1,0
NFLTS32159-NVY,NO,1,0
NFLTS32159-RED,NO,1,0
NFLTS32159-BLK,NO,1,0
NFLHD32140-RED3,NO,1,0
NFLHD32140-NVY3,NO,1,0
NFLHD32140-RED2,NO,1,0
NFLHD32140-TEA,NO,1,0
NFLHD32140-NVY2,NO,1,0
NFLHD32140-BLK2,NO,1,0
NFLHD32140-GRN,NO,1,0
NFLHD32140-NVY,NO,1,0
NFLHD32140-RED,NO,1,0
NFLHD32140-BLK,NO,1,0
NFLSH32101-BLK8,NO,1,0
NFLSH32101-BLK7,NO,1,0
NFLSH32101-BLK6,NO,1,0
NFLSH32101-NVY2,NO,1,0
NFLSH32101-BLK5,NO,1,0
NFLSH32101-BLK4,NO,1,0
NFLSH32101-BLK3,NO,1,0
NFLSH32101-BLK2,NO,1,0
NFLSH32101-BLK,NO,1,0
NFLSH32101-NVY,NO,1,0
NFLTJ321103-BLK6,NO,1,0
NFLTJ321103-BLK5,NO,1,0
NFLTJ321103-BLK4,NO,1,0
NFLTJ321103-BLK3,NO,1,0
NFLTJ321103-BLK2,NO,1,0
NFLTJ321103-BLK1,NO,1,0
NFLJS321000-RED3,SI,1,23
NFLJS321000-RED2,SI,0,25
NFLJS321000-BLK5,SI,0,0
NFLJS321000-BLK4,SI,0,0
NFLJS321000-RED,SI,8,19
NFLJS321000-BLU,SI,0,0
NFLJS321000-PUR,SI,0,0
NFLJS321000-TEA,SI,0,0
NFLJS321000-BLK3,SI,7,20
NFLJS321000-BLK2,SI,0,0
NFLJS321000-BLK,SI,0,22
NFLJS321000-AQU,SI,0,21
NFLJS321000-NVY2,SI,0,0
NFLJS321000-NVY,SI,0,21
NFLTS32101-BLK3,NO,0,21
NFLTS32101-RED3,NO,0,21
NFLTS32101-RED2,NO,0,21
NFLTS32101-RED,NO,0,21
NFLTS32101-NVY2,NO,0,21
NFLTS32101-TEA,NO,0,21
NFLTS32101-BLK2,NO,0,21
NFLTS32101-AQU,NO,0,21
NFLTS32101-BLK,NO,0,21
NFLTS32101-GRN,NO,0,21
NFLTS32101-NVY,NO,0,21
NBATS521427-BLK5,NO,0,21
NBATS521427-BLK4,SI,1,0
NBATS521427-BLK3,NO,1,0
NBATS521427-BLK2,NO,1,0
NBATS521427-BLK,NO,1,0
NBATS521425-GRY,SI,0,0
NBATS521425-BLK3,SI,0,0
NBATS521425-BLK,SI,0,0
NBATS521424-BLU,SI,23,0
NBATS521424-YLW,SI,33,7
NBAPT521001-BLK4,SI,1,18
NBAPT521001-BLU,SI,0,13
NBAPT521001-GRY,SI,0,14
NBAPT521001-BLK3,SI,1,0
NBAPT521001-BLK2,SI,0,19
NBAPT521001-BLK,SI,1,11
NBASH521002-BLK4,NO,1,11
NBASH521002-BLK3,NO,1,11
NBASH521002-BLK2,NO,1,11
NBASH521002-ROY,NO,1,11
NBASH521002-YEL,NO,1,11
NBASH521002-BLK,SI,1,0
NBASH521001-BLK4,NO,1,0
NBASH521001-GRY,NO,1,0
NBASH521001-BLK3,NO,1,0
NBASH521001-BLU,NO,1,0
NBASH521001-BLK2,NO,1,0
NBASH521001-BLK,NO,1,0
NBAHD521003-BLK3,NO,1,0
NBAHD521003-GRY,NO,1,0
NBAHD521003-BLK2,NO,1,0
NBAHD521002-BLU,SI,0,14
NBAHD521002-BLK2,SI,2,29
NBAHD521002-PUR,SI,0,17
NBAHD521002-BLK,SI,20,20
NBAHD521001-BLK6,SI,0,0
NBAHD521001-ROY,SI,2,8
NBAHD521001-BLK5,SI,0,0
NBAHD521001-BLK4,SI,0,0
NBAHD521001-BLK3,SI,15,1
NBAHD521001-BLK2,SI,19,2
NBAHD521001-YEL,SI,7,7
NBAHD521001-RED,SI,20,5
NBAHD521001-BLK,SI,23,0
NBATS520400-WHT,SI,36,0
NBATS520400-GRY,SI,28,3
NBATS521000-BLU,SI,0,0
NBATS521000-RED3,SI,17,0
NBATS521000-BLK5,SI,10,11
NBATS521000-BLK4,SI,0,0
NBATS521000-RED2,SI,0,0
NBATS521000-GRN,SI,10,11
NBATS521000-GRY,SI,38,0
NBATS521000-BLK3,SI,48,0
NBATS521000-BLK2,SI,40,0
NBATS521000-WHT,SI,30,0
NBATS521000-RED,SI,62,0
NBATS521000-BLK,SI,77,11
NBATS521000-YEL,SI,79,0
NBAETS521900-WHT,NO,79,0
NBAETT521904-BLK,NO,79,0
NBAETS521908-RED,NO,79,0
NBAETT521903-YEL,NO,79,0
NBAETS521901-BLK,NO,79,0
NBAETT521903-RED,NO,79,0
NBAETT521905-BLK,NO,79,0
NBAESH521906-BLK,NO,79,0
NBAETS521900-BLK,NO,79,0
NBAETS521900-PUR,NO,79,0
NBAETS521902-RED,NO,79,0
NBAETS521901-WHT,NO,79,0
NBAETS521900-RED,NO,79,0
NBAETS521902-BLK,NO,79,0
NBAETS521901-BLK2,NO,79,0
NBAJK521001-BLU,NO,79,0
03120101,NO,79,0
03050212,NO,79,0
03050213,NO,79,0
830T01-060,NO,79,0
03090016,NO,79,0
03090017,NO,79,0
ETPSPV2215-090,NO,79,0
GG-105-T,NO,79,0
STTSH522201K-BLK,NO,79,0
STTHD522211K-BLU,NO,79,0
PCSO52202-BLK,NO,79,0
LCPPJ52201-BLK,NO,79,0
11235U-060,NO,79,0
STTHD522210K-BLK,NO,79,0
STTTS522210K-BLK,NO,79,0
STTSH522202K-BLK,NO,79,0
STTJP522205K-BLK,NO,79,0
STTHD522209K-BLK,NO,79,0
MLBBK523105-NVY,NO,79,0
STTJP522206K-BLU,NO,79,0
STTSH522202K-GRY,NO,79,0
STTSH522203K-BLU,NO,79,0
STTTS522211K-BLK,NO,79,0
STTSH622202K-WHT,NO,79,0
STTTS522211K-NVY,NO,79,0
STTSH622203K-NVY,NO,79,0
STTTS522212K-NVY,NO,79,0
STTTS522212K-WHT,NO,79,0
STTTS522213K-GRY,NO,79,0
STTTS522213K-NVY,NO,79,0
STTTT622201-PNK,NO,79,0
STTTS522214K-WHT,NO,79,0
26890U-LPF,NO,79,0
STTHD622204K-NVY,NO,79,0
STTHD622203K-NVY,NO,79,0
STTCT622203K-WHT,NO,79,0
STTCT622205K-NVY,NO,79,0
STTTS622202K-WHT,NO,79,0
STTSH622202K-NVY,NO,79,0
STTPT622204K-NVY,NO,79,0
STTPT622203K-NVY,NO,79,0
30808U-JP5,NO,79,0
30867U-U56,NO,79,0
30870U-FCL,NO,79,0
30866U-090,NO,79,0
26890U-LPB,NO,79,0
NBAJK521001-BLK2,NO,79,0
NBAJK521001-BLK,NO,79,0
L955158629525Q,NO,79,0
T5484586301A5BB,NO,79,0
T5484586301A5CB,NO,79,0
825597003,NO,79,0
85480PA5CB,NO,79,0
85483PA5EB,NO,79,0
V5493P586303A5NB,NO,79,0
P5495A5NB,NO,79,0
WL5481586285045,NO,79,0
WL54815862854HM,NO,79,0
WL956586286045,NO,79,0
ML486P586288A5KB,NO,79,0
ML503P586292A5MB,NO,79,0
ML97P586290A5FB,NO,79,0
JL549P586291012,NO,79,0
GF937Y07459Z0Q,NO,79,0
GF934Y08113Z0Q,NO,79,0
GT18HY08113001,NO,79,0
NBAJP62175-BLK,NO,79,0
NBASW62177-BLK,NO,79,0
NBAJP62177-BLK,NO,79,0
GT18HY08113023,NO,79,0
GF934Y08113100,NO,79,0
GF89HY067941IC,NO,79,0
M22708HC,NO,79,0
M2270TUM,NO,79,0
W5683P586172AAWB,NO,79,0
GF937Y07459001,NO,79,0
GF934586180Z0Q,NO,79,0
GT19Y061455EC,NO,79,0
GF89HY06794BKC,NO,79,0
GF88HY06794BKC,NO,79,0
GT17HY08113MUO,NO,79,0
GT23HY07718029,NO,79,0
GT23H586239003,NO,79,0
GT23H586239045,NO,79,0
GT19Y06145WHC,NO,79,0
GT19Y061451IC,NO,79,0
GT19Y06145BKC,NO,79,0
GT19Y061452WC,NO,79,0
W5671586140Z0Q,NO,79,0
B1534SDT7,NO,79,0
M85257L,NO,79,0
B73797L,NO,79,0
W5682G586167UN6,NO,79,0
NBAPT521591-BLK,NO,79,0
NBAPT521592-BLK,NO,79,0
NBAPT521593-BLK,NO,79,0
NBAPT521594-BLK,NO,79,0
NBAFB523105-BLK,NO,79,0
NBABK523103-BLK3,SI,0,0
FIJS322209-YEL2,SI,0,0
FIJS322209-RED3,SI,0,0
FIJS322209-YEL3,SI,0,0
FIJS322209-RED4,SI,0,0
FIJS322209-RED5,SI,0,0
FIJS322209-WHT4,SI,0,0
FIJS322209-NVY2,SI,0,0
NBASL52035-BLK,SI,1,0
NBASL52112-BLK,SI,0,0
CHB006-0/B,NO,0,0
CHB600-HED,NO,0,0
CHB302-SCA,NO,0,0
CHB302-NVY,NO,0,0
GT22HY07718806,NO,0,0
GF567Y08113023,NO,0,0
GT18H58641725Q,NO,0,0
GT18H586417100,NO,0,0
GF934586413RC7,NO,0,0
GF934586413100,NO,0,0
GF934Y0811394H,NO,0,0
87294407Z32003,NO,0,0
GF68Y06145BYC,NO,0,0
GF69Y06145WHC,NO,0,0
GF69Y06145NYC,NO,0,0
GF70Y080691IC,NO,0,0
T1919S551280A1HA,NO,0,0
GF68Y08300WHC,NO,0,0
GF70Y08069NYC,NO,0,0
GF68Y080692WC,NO,0,0
GF70Y06819WHC,NO,0,0
GF70Y068191IC,NO,0,0
GF70Y06819BKC,NO,0,0
GF70Y06819NYC,NO,0,0
GF70Y06819QQC,NO,0,0
GF68Y06819NYC,NO,0,0
T438G550258WEH,NO,0,0
GF70Y082051IC,NO,0,0
NFLTS52036-BLK,NO,0,0
GF70Y08205BKC,NO,0,0
W5667G5507811P1,NO,0,0
W5667G550781QQC,NO,0,0
GF68Y082061IC,NO,0,0
W5667G55078157F,NO,0,0
W5667G586170001,NO,0,0
GF68Y08206BKC,NO,0,0
S051055114674,NO,0,0
S05105511463HA,NO,0,0
S05105511462YW,NO,0,0
GF68Y08209QQC,NO,0,0
S29746VO,NO,0,0
GF68Y08116WHC,NO,0,0
GF68Y08116QQC,NO,0,0
GF68Y068195F4,NO,0,0
GF68Y068191PR,NO,0,0
GT19Y08298BKC,NO,0,0
GT19Y08298WHC,NO,0,0
V876015512643DK,NO,0,0
HH0543551452AAUB,NO,0,0
HH0543551451003,NO,0,0
GT599Y08297026,NO,0,0
S2316SY08296003,NO,0,0
GT19Y08321BYC,NO,0,0
L9551586293045,NO,0,0
NBAFB523105-BLK2,NO,0,0
NBABK523105-BLK,NO,0,0
NBATS323119-BLK1,SI,0,0
NBATS623107-BLK1,SI,0,0
NBAHD623118-GRY,SI,0,0
NBAHD623118-PUR,SI,0,0
NBASW623114-BLK,SI,0,0
NBASW623114-PUR,SI,0,0
NBATS623107-BLK,SI,0,0
NBATS323116-BLK1,SI,0,0
NBAJP323106-NVY1,SI,0,0
NBATS623107-BGE1,SI,0,0
NBASH623105-PUR,SI,0,0
UNLASB522214-LHB,SI,0,0
UNLASB522204-NVY,SI,0,0
UNFLSB522209-NVY,SI,0,0
CHB302-087,NO,0,0
CHB302-BLK,NO,0,0
UNFLTS522203-BLK,SI,0,0
UNFLSH522204-NVY,SI,0,0
UNFLSH522202-GRY,SI,0,0
UNFLTS522203-ORG,SI,0,0
UNFLTS522205-BLK,SI,0,0
UNFLTS522205-WHT,SI,0,0
UNFLTS522207-BLK,SI,0,0
UNFLTS522207-WHT,SI,0,0
UNFLTS522208-ORG,SI,0,0
UNFLTS522208-BLU,SI,0,0
UNLATS522203-BLK,SI,0,0
UNLATS522203-BLU,SI,0,0
UNLATS522203-WHT,SI,0,0
CHB000-SCA,NO,0,0
CHB006-OD0,NO,0,0
UNLATS522206-BLK,SI,0,0
UNLATS522206-GRY,SI,0,0
UNLASW522203-WHT,SI,0,0
UNFLSH522204-BLU,SI,0,0
SOPPJ52202-NVY,SI,32,0
PSGTS52218P-BLK,NO,32,0
660PONBV22-PSGM,NO,32,0
PSGTS52218P-BLU,NO,32,0
PSGTS52218P-WHT2,NO,32,0
GT949586144UN6,NO,32,0
GF857Y061452UC,NO,32,0
GF569549302045,NO,32,0
B692048X,NO,32,0
WL4399550312003,NO,32,0
WL4399550312LVV,NO,32,0
029GY07038023,NO,32,0
029GY07038100,NO,32,0
029GY07038001,NO,32,0
029GY07038040,NO,32,0
B1428001,NO,32,0
WM143586206003,NO,32,0
ML7489586005LVV,NO,32,0
GF857Y06145RL7,NO,32,0
GF857Y06145N5J,NO,32,0
WL2445493022UC,NO,32,0
WL7274550777806,NO,32,0
WL7274550777003,NO,32,0
WL7274550777N5J,NO,32,0
WL5748550316N5J,NO,32,0
CH1244421,NO,32,0
CH1245001,NO,32,0
CH1279410,NO,32,0
CH1279650,NO,32,0
CH1180116,NO,32,0
CH1181001,NO,32,0
NBATS52101-BLK,NO,32,0
NBATS52102-BLK,NO,32,0
NBATS52102-RED,NO,32,0
NBATS52105-PUR,NO,32,0
NBATS52106-BLK,NO,32,0
GF937Y07459RC7,NO,32,0
GF937Y07459023,NO,32,0
GT18H586138Q5R,NO,32,0
W5950P49T,NO,32,0
W5950P1LJ,NO,32,0
GT18H586138SUC,NO,32,0
NBATS52108-BLK,NO,32,0
NBATS52108-RED,NO,32,0
NBATS52109-BLK,NO,32,0
NBATS52110-PUR,NO,32,0
UNLAJS522201-WHT,SI,0,0
UNLAHD522203-BLK,SI,0,0
UNLASW522202-NVY,SI,0,0
UNLATS522205-NVY,SI,0,0
UNLATS522205-GRY,SI,0,1
UNLASW522202-BLK,SI,0,0
UNFLTS522206-GRY,SI,0,0
UNFLTS522206-NVY,SI,0,0
PSGTS52218P-WHT,NO,0,0
PSGTS52218P-BLU2,NO,0,0
PSGTS52218P-BLK2,NO,0,0
PSGTS52218P-BLK3,NO,0,0
PSGTS52218P-BLU3,NO,0,0
PSGTS52220P-BLU3,NO,0,0
PSGTS52220P-BLU,NO,0,0
PSGTS52220P-BLU2,NO,0,0
UNLATS522208-BLK,SI,0,0
UNLASW622203-BLU,SI,0,0
UNLATS522208-WHT,SI,0,0
UNLASH522201-NVY,SI,0,0
UNLASH522201-BLK,SI,0,0
UNFLSW522202-GRY,SI,0,0
UNFLSW522202-BLK,SI,0,2
UNLAPT522202-BLK,SI,0,0
UNLAPT522202-NVY,SI,0,0
UNLASB622201-LHB,SI,0,0
NBAHD5212137-RED,NO,0,0
NBASW5212143-RED,NO,0,0
NBAHD5212145-BLK,NO,0,0
NBAHD5212146-NVY,NO,0,0
NBAHD5212147-BLK,NO,0,0
NBAHD5212148-BLK,NO,0,0
NBAHD5212149-RED,NO,0,0
NBAPT5212150-BLK,NO,0,0
NBAPT5212151-BLK,NO,0,0
26888U-LPK,NO,0,0
26888U-LPG,NO,0,0
26874U-LP9,NO,0,0
26877U-LPC,NO,0,0
26876U-LPA,NO,0,0
26877U-42X,NO,0,0
26885U-LPJ,NO,0,0
26882U-LPH,NO,0,0
26882U-LPL,NO,0,0
26874U-677,NO,0,0
26913U-LCR,NO,0,0
PACSO522203K-BLK,NO,0,0
PACSO522202K-BLK,NO,0,0
PACSO522204K-NVY,NO,0,0
MLBJK523101-WHT,SI,0,2
MLBJS523110-BLK1,SI,0,0
MLBHD523109-NVY,SI,0,19
MLBJS523102-WHT,SI,0,0
MLBJS523101-BLK,SI,0,0
MLBHD623111-NVY,SI,0,0
MLBSW523104-NVY1,SI,0,10
MLBSW523104-BLK1,SI,0,0
MLBJS523106-RED,SI,0,0
UMJS523103-BLK,NO,0,0
UMJS523103-NVY,NO,0,0
MLBHD623114-WHT,SI,0,0
MLBTS520207-BLK3,SI,0,29
UNCASB522204-BUR,SI,0,0
UNCATS522201-BLK,SI,0,0
UNHVSW522202-GRY,SI,0,0
UNGTSB522202-NVY,SI,0,0
UNGTHD522202-NVY,SI,0,0
UNLSSH522203-PUR,SI,0,0
UNYLTS522203-BLU,SI,0,0
UNYLTS522203-WHT,SI,0,0
UNLSHD522201-PUR,SI,0,0
UNLSHD522201-GRY,SI,0,0
UNGTHD522202-NVY2,SI,0,0
UNLSTS522201-GRY,SI,0,0
UNLSTS522201-BLK,SI,0,0
UNGTTS522206-LBLU,SI,0,0
UNGTTS522206-BLK,SI,0,0
UNCATS522201-WHT,SI,0,0
UNCACT622204-WHT,SI,0,0
GDTS52108-WHT,NO,0,0
NASPT52104-DGRY,NO,0,0
NASPT52104-BLK,SI,12,0
NASPT52105-GRY,SI,1,0
NASSW52103-BLU,NO,1,0
NASSW52103-GRY,SI,0,0
NASHD52104-BLK,SI,5,0
NASHD52104-GRY,SI,3,0
MLBSO2101-BLU2,SI,8,0
MLBSO2101-BLU,SI,6,0
MLBSO2101-NVY4,SI,21,0
MLBSO2101-NVY3,SI,3,0
MLBSO2101-NVY2,NO,3,0
MLBSO2101-NVY,SI,0,0
MLBPJ52102-NVY,SI,2,0
MLBPJ52102-WHT,SI,7,0
MLBSW62105-BLK3,SI,2,0
MLBSW62105-NVY2,SI,0,0
MLBSW62105-BLK,SI,1,0
MLBSW62105-NVY,NO,1,0
MLBSW62105-GRY,SI,1,0
MLBPT62141-BLU,SI,1,2
MLBPT62141-RED,SI,1,0
MLBPT62141-NVY,SI,0,2
MLBSH62139-NVY3,SI,1,0
30866U-U56,NO,1,0
11235U-DH6,NO,1,0
30809U-JP5,NO,1,0
STTJP522205K-GRY,NO,1,0
MLBFF20745-WHT2,SI,0,0
MLBJK522201-NVY,SI,12,5
MLBJK522201-WHT,SI,18,0
CPBASICBS23-RED,NO,18,0
MLBFF518402-NVY2,SI,0,0
UNGTTS522204-NVY,SI,0,0
UNGTTS522205-GRY,SI,0,0
CPBASICBS23-NVY,NO,0,0
CPRIPS5PS23-BLK,NO,0,0
CP3DBALLS23-BLK,NO,0,0
CP3DBALLS23-PET,NO,0,0
CPBASICBS23-WHT,NO,0,0
CPBASICBS23-BLK,NO,0,0
CPBASICFS23-PET,NO,0,0
CPBASICFS23-GRY,NO,0,0
CPRIPS5PS23-BUR,NO,0,0
CPTRUCKMS23-NVY,NO,0,0
CPTRUCKMS23-WHT,NO,0,0
NASSL52202-BLK,SI,69,0
CP3DBALLS23-GRY,NO,69,0
MLBLS52201-WHT,NO,69,0
UNLSTS522203-NVY,SI,0,0
UNLSTS522203-PUR,SI,0,0
UNLSTS522203-WHT,SI,0,0
UNLSTS522208-NVY,SI,0,0
UNLSTS522208-YLW,SI,0,0
UNYLTS522201-NVY,SI,0,0
UNYLTS522201-WHT,SI,0,0
UNYLTS522205-BLK,SI,0,0
UNYLTS522205-WHT,SI,0,0
UNYLTS522206-GRY,SI,0,0
UNYLTS522206-NVY,SI,0,0
UNGTSH522201-GRY,SI,0,0
UNGTSH522201-NVY,SI,0,0
UNLSSH522202-GRY,SI,0,0
UNLSSH522203-NVY,SI,0,0
BCSB32106-RED,SI,6,0
UNCACT622203-GRY,SI,0,0
UNCAHD522201-GRY,SI,0,0
UNHVPT522202-BLK,SI,0,0
UNLSPT522201-PUR,SI,0,0
UNLSPT522201-GRY,SI,0,0
UNHVSB622201-RED,SI,0,0
UNHVSB622203-DEN,SI,0,0
UNLSSB622201-YEL,SI,0,0
UNYLTS622203-GRY,SI,0,0
UNYLSB622201-NVY,SI,0,0
UNYLTS622201-NVY,SI,0,0
UNYLTS622201-BLK,SI,0,0
UNYLSW622203-WHT,SI,0,0
81898U-096,NO,0,0
81898U-EH6,NO,0,0
81898U-FC6,NO,0,0
81898U-K95,NO,0,0
81898U-LNH,NO,0,0
81898U-LNU,NO,0,0
81898U-N84,NO,0,0
81899U-090,NO,0,0
81899U-096,NO,0,0
81899U-EH6,NO,0,0
81899U-FC6,NO,0,0
81899U-N84,NO,0,0
81900U-090,NO,0,0
81900U-096,NO,0,0
MLBTS52107-WHT,NO,0,0
MLBTS52107-BLK,NO,0,0
MLBTS52108-BLU,NO,0,0
NBAPT5212152-BLK,NO,0,0
NBAPT5212153-BLK,NO,0,0
NBAPT5212154-NVY,NO,0,0
NBAPT52121555-BLK,NO,0,0
NBATS32101-BLK,NO,0,0
NBATS32102-BLK,NO,0,0
NBATS32102-RED,NO,0,0
NBATS32105-PUR,NO,0,0
NBATS32108-RED,NO,0,0
NBATS32110-PUR,NO,0,0
NBATS32110-BLK,NO,0,0
NBATS519108-BLKCOP,NO,0,0
NBATS519111-YELCOP,NO,0,0
NBATS52001-BLKCOP,NO,0,0
NBACT62101-YEL,NO,0,0
NBACT62102-BLK,NO,0,0
NBACT62108-RED,NO,0,0
NBACT62113-PUR,NO,0,0
NBACT62115-BLK,NO,0,0
NBATS62126-BLK,NO,0,0
NBATS62127-BLK,NO,0,0
NBATS62138-BLK,NO,0,0
NBATS62139-RED,NO,0,0
NBAHD62150-PUR,NO,0,0
NBAHD62158-BLK,NO,0,0
NBAHD62163-BLK,NO,0,0
NBAJP62163-BLK,NO,0,0
NBAHD62164-BLK,NO,0,0
NBAJP62164-BLK,NO,0,0
NBASW62175-BLK,NO,0,0
NBASW62183-GRY,NO,0,0
NBAJP62183-GRY,SI,2,0
NBATS52110-BLK,NO,2,0
NBATS52112-BLU,NO,2,0
NBATS52112-NVY,NO,2,0
NBATS52115-BLK,NO,2,0
NBATS52119-BLK,NO,2,0
NBATS52114-BLK,NO,2,0
NBASW521207-BLK,NO,2,0
NBASW521208-PUR,NO,2,0
NBASW521209-BLU,NO,2,0
NBASW521210-BLK,NO,2,0
NBASW521211-GRY,NO,2,0
NBASW521213-RED,NO,2,0
CH1216009,NO,2,0
CH1216012,NO,2,0
NBASW521214-BLK,NO,2,0
MLBTS52112-NVY,NO,2,0
MLBTS52113-BLU,NO,2,0
MLBTS52117-BLU,NO,2,0
MLBTS52118-NVY,NO,2,0
MLBTS52119-NVY,NO,2,0
MLBTS52122-BLK,NO,2,0
MLBPL52126-NVY,NO,2,0
MLBPL52127-NVY,NO,2,0
MLBPL52128-BLU,NO,2,0
MLBSH52129-BLK,NO,2,0
MLBSH52129-NVY,NO,2,0
MLBSH52130-BLK,NO,2,0
MLBSH52130-BLU,NO,2,0
MLBSH52131-NVY,NO,2,0
MLBHD52180-GRY,NO,2,0
MLBHD52182-RED,NO,2,0
MLBHD52184-GRY,NO,2,0
MLBJS52149-NVY,NO,2,0
MLBJS52150-RED,NO,2,0
MLBJS52151-BLU,NO,2,0
MLBTS32107-NVY,NO,2,0
MLBTS32107-WHT,NO,2,0
MLBTS32107-BLK,NO,2,0
MLBTS32108-BLU,SI,2,0
MLBTS32109-NVY,NO,2,0
MLBTS32109-RED,SI,2,0
MLBTS32110-BLU,SI,0,0
MLBTS32111-NVY,SI,0,0
MLBTS32112-NVY,NO,0,0
MLBTS32112-WHT,NO,0,0
MLBTS32113-BLU,NO,0,0
MLBTS32115-NVY,SI,0,0
MLBSH32129-NVY,NO,0,0
MLBSH32129-BLK,NO,0,0
MLBJS319445-WHT,NO,0,0
MLBJS319446-NVY,NO,0,0
MLBJS319448-BLU,NO,0,0
BCJS52101-RED,NO,0,0
BCJS52101-BLK,NO,0,0
BCJS52103-NVY,NO,0,0
BCSH32103-NVY,SI,4,0
BCSB52101-NVY,NO,4,0
BCSB52105-NVY,NO,4,0
BCJS32101-RED,SI,5,0
BCJS32103-NVY,NO,5,0
BCSH32104-NVY,SI,0,0
JVSH52101-BLK,NO,0,0
CH1181410,NO,0,0
CH1279920,NO,0,0
NBASW521215-NVY,NO,0,0
CH1313009,NO,0,0
CH1313020,NO,0,0
NBASW521216-GRY,NO,0,0
CH1211013,NO,0,0
CH1211451,NO,0,0
NBAHD521189-RED,NO,0,0
CH1245012,NO,0,0
CH1279016,NO,0,0
NBAHD521190-PUR,NO,0,0
NBAHD521191-BLU,NO,0,0
NBAHD521192-GRN,NO,0,0
NBAHD521194-BLK,NO,0,0
NBABN52101-BLK,NO,0,0
NBABN52102-PUR,NO,0,0
NBABN52103-NVY,SI,1,0
NBABN52104-BLK,SI,8,0
NBASH52185-BLK,NO,8,0
NBASH52186-PUR,NO,8,0
NBAJK52197-BLK,NO,8,0
NBAJK52198-BLK,NO,8,0
NBAPT521103-BLK,NO,8,0
NBAPT521104-BLK,NO,8,0
NBAPT521107-BLK,NO,8,0
NBATS521180-YEL,NO,8,0
NBATT521159-BLK,NO,8,0
NBATT521160-YEL,NO,8,0
NBATT521162-BLU,NO,8,0
NBASW5212118-BLK,NO,8,0
NBASW5212119-BLK,NO,8,0
NBASW5212120-BLU,NO,8,0
NBASW5212121-BLK,NO,8,0
NBASW5212122-BLK,NO,8,0
NBAHD52133-BLK,NO,8,0
NBAHD52134-PUR,NO,8,0
NBAHD52135-BLK,NO,8,0
NBAHD52136-BLU,NO,8,0
NBAHD52137-BLK,NO,8,0
NBASW5212126-BLK,NO,8,0
NBAHD5212132-BLK,NO,8,0
NBAHD5212133-BLK,NO,8,0
NBAHD5212135-BLK,NO,8,0
NBAHD5212136-BLK,NO,8,0
NBAPT32139-BLK,NO,8,0
NBAPT32140-PUR,NO,8,0
NBAPT32141-BLK,NO,8,0
UFSB52104-RED,NO,8,0
UFSB52103-NVY,NO,8,0
UFSB52105-BLU,NO,8,0
UFSB52106-RED,NO,8,0
NBATT62188-YEL,NO,8,0
NBATT62189-BLK,NO,8,0
NBARJ62101-BLK,NO,8,0
NBARJ62102-BLK,NO,8,0
NFLTS52119-NVY,NO,8,0
NFLHD52101-RED,NO,8,0
NFLHD52102-BLK,NO,8,0
NFLHD52103-BLK,NO,8,0
NFLHD52105-BLK,NO,8,0
NFLHD52109-BLK,NO,8,0
NFLPT52101-NVY,NO,8,0
NBATS52059-BLK,NO,8,0
NBATS520188-BLK,NO,8,0
NBATS52172-RED,NO,8,0
NBATS52178-BLK,NO,8,0
NBAHD521141-RED,NO,8,0
NBAHD521143-GRY,NO,8,0
NBAJK521147-RED,NO,8,0
NBAJK521150-GRY,SI,1,0
NBAPT521153-BLK,NO,1,0
NBAPT521155-BLK,NO,1,0
CH1216421,NO,1,0
CH1216605,NO,1,0
CH3013001,NO,1,0
CH3013105,NO,1,0
CH1087030,NO,1,0
CH1273001,NO,1,0
CH1273920,NO,1,0
CH1313041,NO,1,0
CH1313410,NO,1,0
CH1284002,NO,1,0
CH1284604,NO,1,0
CH1314001,NO,1,0
CH1314041,NO,1,0
CH1314610,NO,1,0
CH1316001,NO,1,0
CHF1000310,NO,1,0
CHF1000421,NO,1,0
CHF1010681,NO,1,0
CHF1010920,NO,1,0
CM2-0027001,NO,1,0
CM2-0027411,NO,1,0
NBAHD32135-BLK,NO,1,0
NBAPT3212214-BLK,NO,1,0
NBATS320151-BLK,NO,1,0
NBAHD32133-BLK,NO,1,0
NBAHD321189-RED,NO,1,0
NBAHD32134-PUR,NO,1,0
EU1011-BRA-CHA,NO,1,0
3454TG-WHITE,NO,1,0
3454TG-MULTI,NO,1,0
EU1011-BRA-GRH,NO,1,0
3456TG-WHITE,NO,1,0
3461TG-WHITE,NO,1,0
EU1011-BRA-NVY,NO,1,0
EU1011-BRA-OLI,NO,1,0
EU1012-BRA-GRHBL,NO,1,0
EU1012-BRA-GRHBU,NO,1,0
EU1012-BRA-GRHNV,NO,1,0
EU1012-NYKNIC-GRH,NO,1,0
VK08Z-BRA-BRNGRN,NO,1,0
VK08Z-BRA-BRNGRY,NO,1,0
4625Q1,NO,1,0
7893QT,NO,1,0
1828QF,NO,1,0
NBA-VF55Z-CHACHOR,NO,1,0
NE18Z-2TLABLOG-BL,NO,1,0
NBA-VI06Z-VANGRIZ,NO,1,0
NE18Z-BRA-GRHBLK,NO,1,0
NE18Z-BRA-MINBLK,NO,1,0
NE18Z-BRA-NVYNVY,NO,1,0
NE18Z-2TNLABEL-NVY,NO,1,0
NE18Z-2TNLABEL-GRY,NO,1,0
NE18Z-BRA-OWHT,NO,1,0
NE18Z-2TNLABEL-RED,NO,1,0
NE18Z-BRA-ROYBLK,NO,1,0
NA80Z-BOSTONCELTI,NO,1,0
NA80Z-CHIBUL-BLK,NO,1,0
NA80Z-DETPISTONS,NO,1,0
NA80Z-GSWARRIORS,NO,1,0
NA80Z-LALAKE-BLK,NO,1,0
NA80Z-MIAH-BLK,NO,1,0
NA80Z-NYKNICKS,NO,1,0
NA80Z-BRONET-BLK,NO,1,0
NA80Z-CLECAV-NVY,NO,1,0
NA80Z-OAKCIT-BLU,NO,1,0
VQ66Z-BRA-GRY,NO,1,0
VQ64Z-BRONET-GRY,NO,1,0
VQ64Z-CHAHOR-GRY,NO,1,0
VQ64Z-CHIBUL-GRY,NO,1,0
VQ64Z-CLECAV-GRY,NO,1,0
VQ64Z-GOLWAR-GRY,NO,1,0
VQ64Z-LALAKE-GRY,NO,1,0
VQ64Z-MIAHEA-GRY,NO,1,0
VQ64Z-NYKNIC-GRY,NO,1,0
VQ64Z-SASPUR-GRY,NO,1,0
EU822-BRA-BLK,NO,1,0
EU822-BRA-BUR,NO,1,0
EU822-BRA-NVY,NO,1,0
EU822-BRA-WHT,NO,1,0
EU822-LAGALA-ROY,NO,1,0
EU822-NYCFC-BLK,NO,1,0
EU822-BRONET-BLK,NO,1,0
EU822-CHIBUL-BLK,NO,1,0
EU822-CLECAV-BUR,NO,1,0
EU822-GOLWAR-ROY,NO,1,0
EU822-LALAKE-BLK,NO,1,0
EU822-MIAHEA-RED,NO,1,0
EU822-NYKNIC-GRY,NO,1,0
EU822-ANHDUC-BLK,NO,1,0
VR33Z-LAGALA-GRH,NO,1,0
VR33Z-NYBULL-GRH,NO,1,0
VP92Z-CHAHOR-GRH,NO,1,0
VP92Z-MIAHEA-GRH,NO,1,0
VP92Z-TORRAP-GRH,NO,1,0
VP92Z-VANGRI-GRH,NO,1,0
VP91Z-BOSCEL-GRH,NO,1,0
VP91Z-BRONET-GRH,NO,1,0
VP91Z-CHIBUL-GRH,NO,1,0
VP91Z-CLECAV-GRH,NO,1,0
VP91Z-GOLWAR-GRH,NO,1,0
VP91Z-LACLIP-GRH,NO,1,0
VP91Z-LALAKE-GRH,NO,1,0
VP91Z-NYKNIC-GRH,NO,1,0
VP91Z-OAKCIT-GRH,NO,1,0
VP91Z-SASPUR-GRH,NO,1,0
VP93Z-BOSBRU-GRH,NO,1,0
EU910-BRA-BLK,NO,1,0
VC96Z-BRONET-BLK,NO,1,0
VC96Z-CHAHOR-PUR,NO,1,0
VC96Z-CHIBUL-RED,NO,1,0
VC96Z-CLECAV-BUR,NO,1,0
VC96Z-GOLWAR-ROY,NO,1,0
VC96Z-LALAKE-BLK,NO,1,0
VC96Z-MIAHEA-RED,NO,1,0
VC96Z-NYKNIC-ROY,NO,1,0
VC96Z-SASPUR-BLK,NO,1,0
VC96Z-TORRAP-RED,NO,1,0
EU849-BRA-BLK,NO,1,0
EU880-BRONET-WHT,NO,1,0
EU880-CHIBUL-WHT,NO,1,0
EU880-CLECAV-WHT,NO,1,0
EU880-GOLWAR-WHT,NO,1,0
EU880-LALAKE-WHT,NO,1,0
EU880-MIAHEA-WHT,NO,1,0
EU880-NYKNIC-WHT,NO,1,0
EU880-SASPUR-WHT,NO,1,0
EU880-ANHDUC-WHT,NO,1,0
EU828-BRA-BLK,NO,1,0
EU828-BRA-GRY,NO,1,0
EU828-BRA-NVY,NO,1,0
EU828-BRONET-BLK,NO,1,0
EU828-CHIBUL-BLK,NO,1,0
EU828-GOLWAR-ROY,NO,1,0
EU828-MIAHEA-BLK,NO,1,0
NA80Z-NOTDAM-NVY,NO,1,0
EU863-BRA-BLK,NO,1,0
EU863-BOSCEL-BLK,NO,1,0
EU863-BRONET-BLK,NO,1,0
EU863-CHAHOR-BLK,NO,1,0
EU863-CHIBUL-BLK,NO,1,0
EU863-CLECAV-BLK,NO,1,0
EU863-GOLWAR-BLK,NO,1,0
EU863-LACLIP-BLK,NO,1,0
EU863-LALAKE-BLK,NO,1,0
EU863-MIAHEA-BLK,NO,1,0
EU863-NYKNIC-BLK,NO,1,0
EU863-OAKCIT-BLK,NO,1,0
EU863-SASPUR-BLK,NO,1,0
EU863-TORRAP-BLK,NO,1,0
EU863-ANHDUC-BLK,NO,1,0
EU863-CHIBLA-BLK,NO,1,0
VQ75Z-BRA-BLK,NO,1,0
VQ75Z-BRA-RED,NO,1,0
VQ75Z-BRA-STN,NO,1,0
VQ75Z-BRA-WHT,NO,1,0
VQ73Z-BOSCEL-GRE,NO,1,0
VQ73Z-BRONET-BLK,NO,1,0
VQ73Z-CHIBUL-RED,NO,1,0
VQ73Z-GOLWAR-BLU,NO,1,0
VQ73Z-LALAKE-PUR,NO,1,0
VQ73Z-MIAHEA-BLK,NO,1,0
EU855-BRA-BLK,NO,1,0
JVSB52102-BLK,NO,1,0
BCSB32105-NVY,SI,1,0
BCSH52104-NVY,NO,1,0
JVJS32101-BLK,NO,1,0
JVJS32104-BLK,SI,0,0
JVSH32101-BLK,NO,0,0
BCTS52104-NVY,NO,0,0
BCTS52105-NVY,NO,0,0
BCTS52105-NVY3,NO,0,0
MGJS52101-BLK,NO,0,0
BCSH52105-NVY,NO,0,0
BCHD52103-NVY,NO,0,0
BCPT52103-NVY,NO,0,0
BCHD52101-RED,NO,0,0
BCHD32103-NVY,NO,0,0
BCPT52102-NVY,NO,0,0
JVTS52117-WHT,NO,0,0
JVTS52106-BLK,NO,0,0
JVTS52106-WHT,NO,0,0
JVHD52110-GRY,NO,0,0
BCSH32105-NVY,SI,2,0
BCPT32103-NVY,NO,2,0
BCTS32105-NVY,NO,2,0
BCTS32105-RED,SI,0,0
JVTS32117-BLK,SI,0,0
JVTS32117-WHT,SI,0,0
JVTS32106-BLK,NO,0,0
JVTS32106-WHT,SI,0,0
MLBHD52101-NVY,NO,0,0
MLBHD32180-GRY,NO,0,0
MLBHD32184-GRY,NO,0,0
MLBPT32174-NVY,NO,0,0
ESJS32104-NVY,NO,0,0
ESJS32105-BLK,NO,0,0
MLBPT32175-BLU,NO,0,0
83622T,NO,0,0
83623T,NO,0,0
47337T  (10-13),NO,0,0
MVBF3152SM001,NO,0,0
MVBF3152SM002,NO,0,0
MVBF3152AV002,NO,0,0
MVBF3152MC001,NO,0,0
MVBX3152SM001-NVY,NO,0,0
MVBX3152SM002-BLU,NO,0,0
MVBX3152AV001-GRY,NO,0,0
47337T  (9-11),NO,0,0
MCSB5161MG001,NO,0,0
EU886-BRONET-BLK,NO,0,0
EU886-CHAHOR-BLK,NO,0,0
EU886-CHIBUL-BLK,NO,0,0
EU886-CLECAV-BLK,NO,0,0
EU886-GOLWAR-BLK,NO,0,0
EU886-LALAKE-BLK,NO,0,0
EU886-MIAHEA-BLK,NO,0,0
EU886-PHIL76-BLK,NO,0,0
EU912-BRA-GRHBLK,NO,0,0
EU912-LAGALA-GRH,NO,0,0
EU912-NYBULL-GRH,NO,0,0
EU912-NYCFC-GRH,NO,0,0
EU912-CHAHOR-GRH,NO,0,0
EU912-CLECAV-GRH,NO,0,0
EU912-BOSCEL-GRH,NO,0,0
EU912-BRONET-GRH,NO,0,0
EU912-CHIBUL-GRH,NO,0,0
EU912-GOLWAR-GRH,NO,0,0
EU912-LALAKE-GRH,NO,0,0
EU912-MIAHEA-GRH,NO,0,0
EU912-NYKNIC-GRH,NO,0,0
EU912-OAKCIT-GRH,NO,0,0
VR34Z-NYBULL-GRH,NO,0,0
VQ69Z-BRONET-GRH,NO,0,0
VQ69Z-CHAHOR-GRH,NO,0,0
VQ69Z-CHIBUL-GRY,NO,0,0
VQ69Z-CLECAV-GRH,NO,0,0
VQ69Z-GOLWAR-GRH,NO,0,0
VQ69Z-LALAKE-GRH,NO,0,0
VQ69Z-SASPUR-GRH,NO,0,0
NT78Z-GOLWAR-BLK,NO,0,0
NL99Z-BOSCEL-BLK,NO,0,0
NT78Z-CHAHOR-BLK,NO,0,0
NL99Z-CHIBUL-BLK,NO,0,0
NL99Z-CHIBUL-RED,NO,0,0
EU911-BRA-GRY,NO,0,0
VQ71Z-BOSCEL-GRY,NO,0,0
VQ71Z-BRONET-GRY,NO,0,0
VQ71Z-CHIBUL-GRY,NO,0,0
VQ71Z-GOLWAR-GRY,NO,0,0
VQ71Z-LALAKE-GRY,NO,0,0
VQ71Z-MIAHEA-GRY,NO,0,0
VQ71Z-NYKNIC-GRY,NO,0,0
VQ46Z-BOSCEL-GRE,NO,0,0
VQ46Z-BRONET-GRY,NO,0,0
VQ46Z-CHIBUL-RED,NO,0,0
VQ46Z-GOLWAR-BLU,NO,0,0
VQ46Z-MIAHEA-GRY,NO,0,0
VQ46Z-SASPUR-GRY,NO,0,0
EU824-BRONET-BLK,NO,0,0
EU824-CHIBUL-BLK,NO,0,0
EU824-CLECAV-BUR,NO,0,0
EU824-GOLWAR-ROY,NO,0,0
EU824-MIAHEA-BLK,NO,0,0
EU856-BRA-BLK,NO,0,0
EU884-BRONET-BLK,NO,0,0
EU884-CHAHOR-BLK,NO,0,0
EU884-CHIBUL-BLK,NO,0,0
EU884-CLECAV-BLK,NO,0,0
EU884-GOLWAR-BLK,NO,0,0
EU884-LACLIP-BLK,NO,0,0
EU884-LALAKE-BLK,NO,0,0
EU884-MIAHEA-BLK,NO,0,0
EU884-NYKNIC-BLK,NO,0,0
EU884-SASPUR-BLK,NO,0,0
VQ74Z-PITPEN-BLK,NO,0,0
VQ73Z-LACLIP-RED,NO,0,0
VQ74Z-CHIBLA-RED,NO,0,0
VQ74Z-SANSHA-BLK,NO,0,0
VQ73Z-SASPUR-BLK,NO,0,0
VQ74Z-DETRED-RED,NO,0,0
VQ73Z-TORRAP-RED,NO,0,0
VQ69Z-OAKCIT-GRH,NO,0,0
VQ69Z-TORRAP-GRH,NO,0,0
VQ70Z-DETRED-GRH,NO,0,0
EU1082-BALTBUL-RED,NO,0,0
EU1082-BALTBUL-ROY,NO,0,0
141AZ-BTE-5SWARR,NO,0,0
122AZ-926-9MNBRA,NO,0,0
120AZ-926-5BULLS,NO,0,0
120AZ-926-5CELTI,NO,0,0
120AZ-926-5BNETS,NO,0,0
SWTS317102-BLK,NO,0,0
SWTS317102-WHT,NO,0,0
120AZ-926-5WARRI,NO,0,0
RMST317101-NVY,NO,0,0
RMST317101-PUR,NO,0,0
120AZ-926-5ROCKE,NO,0,0
RMST317101-WHT,NO,0,0
RMJS517107-PUR,NO,0,0
120AZ-926-5OKCIT,NO,0,0
RMJS517107-WHT,NO,0,0
RMJS517107-NVY,NO,0,0
120AZ-926-5TRAIL,NO,0,0
120AZ-926-5SPURS,NO,0,0
NL15Z-TSC-5BULLS,NO,0,0
NL15Z-TPC-5BULLS,NO,0,0
NL15Z-TPC-5CAVAL,NO,0,0
NL15Z-TSC-5NUGGE,NO,0,0
NL15Z-TPC-5NUGGE,NO,0,0
NL15Z-TPC-5LAKER,NO,0,0
NL15Z-TSC-5MLAKE,NO,0,0
NL15Z-TSC-5TIMBE,NO,0,0
NL15Z-TSC-5SPURS,NO,0,0
NL15Z-TPC-5SPURS,NO,0,0
NL15Z-TSC-5JAZZ,NO,0,0
NL15Z-TSC-5VGRIZ,NO,0,0
NL15Z-TPC-5VGRIZ,NO,0,0
NT78Z-TPC-5BNETS,NO,0,0
NT78Z-TSC-5BNETS,NO,0,0
NT78Z-TPC-5BULLS,NO,0,0
NT78Z-TSC-5BULLS,NO,0,0
NT78Z-TPC-5CAVAL,NO,0,0
NT78Z-TSC-5WARRI,NO,0,0
NT78Z-TSC-5LAKER,NO,0,0
NT78Z-TSC-5HEAT,NO,0,0
NT78Z-TPC-5TIMBE,NO,0,0
NT78Z-TSC-5TIMBE,NO,0,0
NT78Z-TSC-5OKCIT,NO,0,0
NT78Z-TSC-5TRAIL,NO,0,0
NT78Z-TPC-5SPURS,NO,0,0
NT78Z-TSC-5SPURS,NO,0,0
NT78Z-TPC-5RAPTO,NO,0,0
NT78Z-TSC-5RAPTO,NO,0,0
NL15Z-TSC-5CAVAL,NO,0,0
NL15Z-TSC-5PISTO,NO,0,0
NL15Z-TPC-5PISTO,NO,0,0
NL15Z-TPC-5WARRI,NO,0,0
NL15Z-TSC-5ROCKE,NO,0,0
NL15Z-TPC-5ROCKE,NO,0,0
NL15Z-TSC-5TRAIL,NO,0,0
NL15Z-TPC-5TRAIL,NO,0,0
NL15Z-TSC-5SCLIP,NO,0,0
NL15Z-TPC-5SCLIP,NO,0,0
NT78Z-TPC-5HAWKS,NO,0,0
NT78Z-TSC-5HAWKS,NO,0,0
NT78Z-TPC-5CELTI,NO,0,0
NT78Z-TSC-5CELTI,NO,0,0
NT78Z-TSC-5CAVAL,NO,0,0
NT78Z-TPC-5PISTO,NO,0,0
NT78Z-TPC-5PACER,NO,0,0
NT78Z-TSC-5PACER,NO,0,0
NT78Z-TPC-5HEAT,NO,0,0
NT78Z-TPC-5OKCIT,NO,0,0
NT78Z-TPC-5TRAIL,NO,0,0
NT78Z-TPC-5WIZAR,NO,0,0
NT78Z-TSC-5WIZAR,NO,0,0
NL15Z-TSC-5CELTI,NO,0,0
NL15Z-TPC-5CELTI,NO,0,0
NL15Z-TSC-5WARRI,NO,0,0
NT78Z-TPC-5SUNS,NO,0,0
NT78Z-TSC-5SUNS,NO,0,0
NL15Z-TPC-5SWARR,NO,0,0
NL15Z-TSC-5RAPTO,NO,0,0
NL15Z-TPC-5RAPTO,NO,0,0
NL15Z-TSC-5LAKER,NO,0,0
NL15Z-TPC-5HEAT,NO,0,0
NL15Z-TPC-5TIMBE,NO,0,0
NL15Z-TPC-5JAZZ,NO,0,0
NT78Z-TSC-5PISTO,NO,0,0
NT78Z-TPC-5WARRI,NO,0,0
NT78Z-TPC-5ROCKE,NO,0,0
NT78Z-TSC-5ROCKE,NO,0,0
NT78Z-TSC-5CLIPP,NO,0,0
NT78Z-TPC-5LAKER,NO,0,0
NT78Z-TPC-576ERS,NO,0,0
NT78Z-TSC-576ERS,NO,0,0
NZ979-TPC-5BULLS,NO,0,0
NZ979-TSC-5BULLS,NO,0,0
NZ979-TPC-5WARRI,NO,0,0
NZ979-TSC-5WARRI,NO,0,0
NZ979-TPC-5TRAIL,NO,0,0
NZ979-TSC-5TRAIL,NO,0,0
NZ979-TPC-5SPURS,NO,0,0
NZ979-TSC-5SPURS,NO,0,0
NZ979-TPC-5VGRIZ,NO,0,0
NZ979-TSC-5VGRIZ,NO,0,0
NL99Z-TPC-5BNETS,NO,0,0
NL99Z-TSC-5BNETS,NO,0,0
NL99Z-TPC-5BULLS,NO,0,0
NL99Z-TSC-5BULLS,NO,0,0
NL99Z-TPC-5CAVAL,NO,0,0
NL99Z-TSC-5CAVAL,NO,0,0
NL99Z-TSC-5WARRI,NO,0,0
NL99Z-TPC-5ROCKE,NO,0,0
NL99Z-TSC-5ROCKE,NO,0,0
NL99Z-TPC-5LAKER,NO,0,0
NL99Z-TPC-5TIMBE,NO,0,0
NL99Z-TSC-5TIMBE,NO,0,0
NL99Z-TPC-5KNICK,NO,0,0
NL99Z-TSC-5KNICK,NO,0,0
NL99Z-TSC-576ERS,NO,0,0
NL99Z-TPC-5SUNS,NO,0,0
NL99Z-TPC-5TRAIL,NO,0,0
NL99Z-TSC-5TRAIL,NO,0,0
NL99Z-TSC-5KINGS,NO,0,0
NL99Z-TPC-5SPURS,NO,0,0
NL99Z-TSC-5SPURS,NO,0,0
NL99Z-TPC-5RAPTO,NO,0,0
NZ980-TPC-7BRUIN,NO,0,0
NZ980-TSC-7BRUIN,NO,0,0
NZ980-TPC-7BAMER,NO,0,0
NZ980-TSC-7BAMER,NO,0,0
NZ980-TSC-7REDWI,NO,0,0
NZ980-TSC-7WHALE,NO,0,0
NZ980-TPC-7SENAT,NO,0,0
NZ980-TSC-7SENAT,NO,0,0
NZ980-TSC-7FLYER,NO,0,0
NZ980-TPC-7PENGU,NO,0,0
NZ979-TPC-5BULLE,NO,0,0
NZ979-TSC-5BULLE,NO,0,0
NZ979-TSC-5CELTI,NO,0,0
NZ979-TPC-5HEAT,NO,0,0
NZ979-TSC-5HEAT,NO,0,0
NZ979-TPC-5MAGIC,NO,0,0
NZ979-TSC-5MAGIC,NO,0,0
NZ979-TPC-5WBULL,NO,0,0
NZ979-TSC-5WBULL,NO,0,0
NL99Z-TSC-5CELTI,NO,0,0
UFSB52102-RED,NO,0,0
UFSB52101-BLK,NO,0,0
UFTS52108-BLU,NO,0,0
UFTS52114-BLU,NO,0,0
UFTS52111-WHT,NO,0,0
RMSB05161RM002,NO,0,0
RMSB05161RM003,NO,0,0
RMSB05161RM001,NO,0,0
RMSB03161RM001,NO,0,0
RMSB03161RM003,NO,0,0
RMSB05161RM004,NO,0,0
RMSB03161RM004,NO,0,0
RMSB05161RM008,NO,0,0
RMSB03161RM008,NO,0,0
RMSB05161RM009,NO,0,0
LFSB5161S7003,NO,0,0
RMSB05161RM010,NO,0,0
RMSB03161RM010,NO,0,0
RMSB05161RM011,NO,0,0
RMSB03161RM011,NO,0,0
RMSB05161RM018,NO,0,0
LFSB5161S7005,NO,0,0
RMSB05161RM012,NO,0,0
RMSB05161RM013,NO,0,0
LFSB5161S7007,NO,0,0
LFSB5161S7008,NO,0,0
RMSB05161RM015,NO,0,0
RMSB05161RM016,NO,0,0
LFSB5161S7002,NO,0,0
LFSB5161S7006,NO,0,0
4746QT,NO,0,0
4561Q1,NO,0,0
1774QH,NO,0,0
5660QQ,NO,0,0
7789QF,NO,0,0
7210QT,NO,0,0
1771YT,NO,0,0
47446D,NO,0,0
47446D  (10-13),NO,0,0
47555T-WHT,NO,0,0
47555T-WTE,NO,0,0
47555T-95B,NO,0,0
47555T-95C,NO,0,0
50509T-BLC,NO,0,0
50509T BLK,NO,0,0
50509T WTE,NO,0,0
50509T WHT,NO,0,0
50509T 95B,NO,0,0
50509T 95C,NO,0,0
47460T (9-11),NO,0,0
47460T (10-13),NO,0,0
EU901-CLECAV-BLK,NO,0,0
EU901-BRONET-BLK,NO,0,0
EU901-CHIBUL-BLK,NO,0,0
EU901-GOLWAR-BLK,NO,0,0
EU901-LALAKE-BLK,NO,0,0
EU901-MIAHEA-BLK,NO,0,0
EU901-BRA-BLK,NO,0,0
NE18Z-BRA-BRED,NO,0,0
NE18Z-BRA-BREDBLK,NO,0,0
NBA-VF55Z-NYKNICK,NO,0,0
NBA-VF55Z-OKCITY,NO,0,0
NE18Z-BRA-BLKBLK,NO,0,0
MCSB5161MG002,NO,0,0
MCSB5161MG003,NO,0,0
MCSB5161AV004,NO,0,0
MVSB5161AV006,NO,0,0
MVSB5161AV004,NO,0,0
MVSB5161AV005,NO,0,0
MVSB5161AV010,NO,0,0
MVSB5161AV011,NO,0,0
MVSB5161HK001,NO,0,0
1387FT,NO,0,0
MLBJT519427-BLU,NO,0,0
MLBHD52102-NVY,NO,0,0
MLBHD52103-BLU,NO,0,0
ESJS52101-ROY,NO,0,0
ESJS52102-WHT,NO,0,0
ESJS52103-ROY,NO,0,0
ESJS52104-WHT,NO,0,0
ESJK52101-ROY,NO,0,0
ESPT52101-NVY,NO,0,0
ESPL52101-NVY,NO,0,0
ESPL52101-BLK,NO,0,0
FFFPQ4,NO,0,0
4522FT,NO,0,0
6670FF,NO,0,0
4622FK,NO,0,0
5360FH,NO,0,0
1977F1,NO,0,0
1978F1,NO,0,0
1978F2,NO,0,0
5361FH,NO,0,0
7627FT,NO,0,0
1668FH,NO,0,0
4395FQ,NO,0,0
A1112T,NO,0,0
A1096T,NO,0,0
A1098T,NO,0,0
A1102T,NO,0,0
A1105T,NO,0,0
A1108T,NO,0,0
A1109T,NO,0,0
1998FH,NO,0,0
AGJK52116-BLK,NO,0,0
MUNJK52116-BLK,NO,0,0
OLJK52116-BLK,NO,0,0
AGJS52101-BLK,NO,0,0
AGJS52103-NVY,NO,0,0
AGJS52102-ORG,NO,0,0
NBA-VF55Z-BRONET,NO,0,0
NL99Z-TPC-5KINGS,NO,0,0
NZ979-TPC-5CHORN,NO,0,0
NZ979-TSC-5CHORN,NO,0,0
NL99Z-TPC-5PISTO,NO,0,0
NL99Z-TSC-5PISTO,NO,0,0
NL99Z-TPC-5WARRI,NO,0,0
NL99Z-TSC-5CLIPP,NO,0,0
NL99Z-TPC-5CLIPP,NO,0,0
NL99Z-TPC-5HEAT,NO,0,0
NL99Z-TSC-5HEAT,NO,0,0
NL99Z-TPC-5PELIC,NO,0,0
NL99Z-TSC-5PELIC,NO,0,0
NL99Z-TPC-5OKCIT,NO,0,0
NL99Z-TSC-5OKCIT,NO,0,0
NL99Z-TPC-576ERS,NO,0,0
NL99Z-TSC-5RAPTO,NO,0,0
NL99Z-TPC-5WIZAR,NO,0,0
NL99Z-TSC-5WIZAR,NO,0,0
NZ979-TPC-5CELTI,NO,0,0
NZ979-TPC-5BUCKS,NO,0,0
NZ979-TSC-576ERS,NO,0,0
NL99Z-TPC-5CELTI,NO,0,0
NL99Z-TPC-5MAGIC,NO,0,0
NL99Z-TSC-5MAGIC,NO,0,0
117AZ-MTC-5MAGIC,NO,0,0
117AZ-013-576ERS,NO,0,0
117AZ-005-5JAZZ,NO,0,0
117AZ-013-5JAZZ,NO,0,0
117AZ-MTC-5JAZZ,NO,0,0
116AZ-005-5HAWKS,NO,0,0
116AZ-013-5HAWKS,NO,0,0
116AZ-MTC-5HAWKS,NO,0,0
116AZ-MTC-5CELTI,NO,0,0
116AZ-MTC-5BNETS,NO,0,0
116AZ-005-5CLIPP,NO,0,0
116AZ-013-5CLIPP,NO,0,0
116AZ-005-5LAKER,NO,0,0
116AZ-013-5LAKER,NO,0,0
116AZ-005-5HEAT,NO,0,0
116AZ-013-5HEAT,NO,0,0
116AZ-005-5OKCIT,NO,0,0
116AZ-013-5OKCIT,NO,0,0
116AZ-005-5WIZAR,NO,0,0
116AZ-013-5WIZAR,NO,0,0
116AZ-MTC-5WIZAR,NO,0,0
117AZ-MTC-5TRAIL,NO,0,0
117AZ-013-5SPURS,NO,0,0
116AZ-005-5MAVER,NO,0,0
116AZ-013-5MAVER,NO,0,0
116AZ-MTC-5MAVER,NO,0,0
116AZ-005-5PISTO,NO,0,0
116AZ-013-5PISTO,NO,0,0
116AZ-MTC-5PISTO,NO,0,0
116AZ-005-5GRIZZ,NO,0,0
116AZ-013-5GRIZZ,NO,0,0
116AZ-MTC-5GRIZZ,NO,0,0
116AZ-005-5TIMBE,NO,0,0
116AZ-013-5TIMBE,NO,0,0
117AZ-005-5NNETS,NO,0,0
117AZ-013-5NNETS,NO,0,0
117AZ-MTC-5NNETS,NO,0,0
117AZ-005-5SCLIP,NO,0,0
116AZ-005-5CHOR1,NO,0,0
116AZ-013-5CHOR1,NO,0,0
116AZ-MTC-5CHOR1,NO,0,0
116AZ-005-5PACER,NO,0,0
116AZ-013-5PACER,NO,0,0
116AZ-MTC-5PACER,NO,0,0
116AZ-MTC-5KNICK,NO,0,0
116AZ-005-5MAGIC,NO,0,0
116AZ-013-5MAGIC,NO,0,0
111AZ-MTC-5BNETS,NO,0,0
111AZ-MTC-5BULLS,NO,0,0
111AZ-MTC-5CAVAL,NO,0,0
111AZ-MTC-5WARRI,NO,0,0
111AZ-MTC-5TIMBE,NO,0,0
111AZ-MTC-5SPURS,NO,0,0
112AZ-MTC-5HAWKS,NO,0,0
112AZ-MTC-5CAVAL,NO,0,0
112AZ-MTC-5NUGGE,NO,0,0
112AZ-MTC-5WARRI,NO,0,0
112AZ-MTC-5MAGIC,NO,0,0
112AZ-MTC-576ERS,NO,0,0
112AZ-MTC-5SWARR,NO,0,0
112AZ-MTC-5VGRIZ,NO,0,0
111AZ-MTC-5HAWKS,NO,0,0
111AZ-MTC-5CELTI,NO,0,0
111AZ-MTC-5MAVER,NO,0,0
111AZ-MTC-5NUGGE,NO,0,0
111AZ-MTC-5PISTO,NO,0,0
111AZ-MTC-5PACER,NO,0,0
111AZ-MTC-5OKCIT,NO,0,0
111AZ-MTC-5MAGIC,NO,0,0
111AZ-MTC-576ERS,NO,0,0
111AZ-MTC-5WIZAR,NO,0,0
112AZ-MTC-5BULLS,NO,0,0
112AZ-MTC-5KNICK,NO,0,0
112AZ-MTC-5TRAIL,NO,0,0
112AZ-MTC-5SPURS,NO,0,0
111AZ-MTC-5TRAIL,NO,0,0
111AZ-MTC-5RAPTO,NO,0,0
112AZ-MTC-5CELTI,NO,0,0
112AZ-MTC-5CLIPP,NO,0,0
112AZ-MTC-5LAKER,NO,0,0
112AZ-MTC-5NETS,NO,0,0
112AZ-MTC-5NNETS,NO,0,0
111AZ-MTC-5CHOR1,NO,0,0
111AZ-MTC-5ROCKE,NO,0,0
111AZ-MTC-5LAKER,NO,0,0
111AZ-MTC-5KINGS,NO,0,0
QA32Z-FAS-5BULLS,NO,0,0
QA32Z-FAS-5CAVAL,NO,0,0
QA32Z-FAS-5WARRI,NO,0,0
QA32Z-FAS-5HEAT,NO,0,0
129AZ-FAS-5CAVAL,NO,0,0
129AZ-FAS-5HAWKS,NO,0,0
129AZ-FAS-5CELTI,NO,0,0
129AZ-FAS-5BULLS,NO,0,0
129AZ-FAS-5PISTO,NO,0,0
129AZ-FAS-576ERS,NO,0,0
129AZ-FAS-5SPURS,NO,0,0
129AZ-FAS-5SCLIP,NO,0,0
128AZ-FAS-5BNETS,NO,0,0
128AZ-FAS-5BULLS,NO,0,0
128AZ-FAS-5CAVAL,NO,0,0
128AZ-FAS-5MAVER,NO,0,0
128AZ-FAS-5WARRI,NO,0,0
128AZ-FAS-5ROCKE,NO,0,0
128AZ-FAS-5PACER,NO,0,0
128AZ-FAS-5TIMBE,NO,0,0
128AZ-FAS-5TRAIL,NO,0,0
128AZ-FAS-5SPURS,NO,0,0
128AZ-FAS-5RAPTO,NO,0,0
116AZ-005-5PELIC,NO,0,0
116AZ-013-5PELIC,NO,0,0
116AZ-MTC-5PELIC,NO,0,0
VY80Z-005-5BULLS,NO,0,0
NZ979-TPC-5MAVER,NO,0,0
NZ979-TSC-5MAVER,NO,0,0
NZ979-TPC-5LAKER,NO,0,0
NZ979-TSC-5LAKER,NO,0,0
NZ979-TPC-5NJAZZ,NO,0,0
NZ979-TSC-5NJAZZ,NO,0,0
NZ979-TPC-576ERS,NO,0,0
NL99Z-TPC-5HAWKS,NO,0,0
NL99Z-TSC-5HAWKS,NO,0,0
NL99Z-TSC-5LAKER,NO,0,0
NL99Z-TSC-5SUNS,NO,0,0
NJ16Z-MTC-5BULLS,NO,0,0
NJ16Z-MTC-5LAKER,NO,0,0
NJ16Z-MTC-5TRAIL,NO,0,0
NJ16Z-MTC-5SPURS,NO,0,0
NJ16Z-MTC-5SUPER,NO,0,0
NJ16Z-MTC-5VGRIZ,NO,0,0
NM04Z-MTC-5BNETS,NO,0,0
NM04Z-WTE-5BNETS,NO,0,0
NM04Z-MTC-5BULLS,NO,0,0
NM04Z-WTE-5BULLS,NO,0,0
NM04Z-MTC-5CAVAL,NO,0,0
NM04Z-WTE-5WARRI,NO,0,0
NM04Z-WTE-5LAKER,NO,0,0
NM04Z-WTE-5HEAT,NO,0,0
NM04Z-MTC-5TIMBE,NO,0,0
NM04Z-WTE-5TIMBE,NO,0,0
NM04Z-WTE-5OKCIT,NO,0,0
NM04Z-WTE-5TRAIL,NO,0,0
NM04Z-MTC-5SPURS,NO,0,0
NM04Z-WTE-5SPURS,NO,0,0
NM04Z-WTE-5RAPTO,NO,0,0
NJ16Z-MTC-5BULLE,NO,0,0
NJ16Z-MTC-5CELTI,NO,0,0
NJ16Z-MTC-5WARRI,NO,0,0
NJ16Z-MTC-5MLAKE,NO,0,0
NJ16Z-MTC-5KNICK,NO,0,0
NJ16Z-MTC-5MAGIC,NO,0,0
NJ16Z-MTC-576ERS,NO,0,0
NM04Z-MTC-5HAWKS,NO,0,0
NM04Z-WTE-5HAWKS,NO,0,0
NM04Z-MTC-5CELTI,NO,0,0
NM04Z-WTE-5CELTI,NO,0,0
NM04Z-WTE-5CAVAL,NO,0,0
NM04Z-MTC-5PISTO,NO,0,0
NM04Z-WTE-5PISTO,NO,0,0
NM04Z-MTC-5WARRI,NO,0,0
NM04Z-MTC-5ROCKE,NO,0,0
NM04Z-WTE-5ROCKE,NO,0,0
NM04Z-MTC-5CLIPP,NO,0,0
NM04Z-WTE-5CLIPP,NO,0,0
NM04Z-MTC-5LAKER,NO,0,0
NM04Z-WTE-5PELIC,NO,0,0
NM04Z-MTC-5MAGIC,NO,0,0
NM04Z-WTE-5MAGIC,NO,0,0
NJ16Z-MTC-5RAPTO,NO,0,0
NM04Z-MTC-5RAPTO,NO,0,0
NJ16Z-MTC-5BRAVE,NO,0,0
NJ16Z-MTC-5CHORN,NO,0,0
NJ16Z-MTC-5HEAT,NO,0,0
NJ16Z-MTC-5JAZZ,NO,0,0
NM04Z-MTC-5MAVER,NO,0,0
NM04Z-WTE-5MAVER,NO,0,0
NM04Z-WTE-5KNICK,NO,0,0
NM04Z-MTC-5TRAIL,NO,0,0
NT78Z-TPC-5CHOR1,NO,0,0
NM04Z-MTC-5GRIZZ,NO,0,0
VY80Z-005-5CAVAL,NO,0,0
VY80Z-005-5WARRI,NO,0,0
VY80Z-005-5LAKER,NO,0,0
VY80Z-005-5HEAT,NO,0,0
VY80Z-005-5TRAIL,NO,0,0
VY80Z-005-5SPURS,NO,0,0
VY80Z-005-5SWARR,NO,0,0
VY80Z-005-5RAPTO,NO,0,0
VY79Z-FAS-5CELTI,NO,0,0
VY79Z-FAS-5BNETS,NO,0,0
VY79Z-FAS-5CHOR1,NO,0,0
VY79Z-FAS-5BULLS,NO,0,0
VY79Z-FAS-5CAVAL,NO,0,0
VY79Z-FAS-5PISTO,NO,0,0
VY79Z-FAS-5WARRI,NO,0,0
VY79Z-FAS-5ROCKE,NO,0,0
VY79Z-FAS-5PACER,NO,0,0
VY79Z-FAS-5LAKER,NO,0,0
VY79Z-FAS-5GRIZZ,NO,0,0
VY79Z-FAS-5HEAT,NO,0,0
VY79Z-FAS-5BUCKS,NO,0,0
VY79Z-FAS-5TIMBE,NO,0,0
VY79Z-FAS-5KNICK,NO,0,0
VY79Z-FAS-5OKCIT,NO,0,0
VY79Z-FAS-5MAGIC,NO,0,0
VY79Z-FAS-576ERS,NO,0,0
VY79Z-FAS-5SUNS,NO,0,0
VY79Z-FAS-5TRAIL,NO,0,0
VY79Z-FAS-5KINGS,NO,0,0
VY79Z-FAS-5SPURS,NO,0,0
VY79Z-FAS-5RAPTO,NO,0,0
125AZ-BLK-9MNBRA,NO,0,0
123AZ-GTE-5BULLS,NO,0,0
123AZ-GTE-5WARRI,NO,0,0
123AZ-GTE-5BNETS,NO,0,0
123AZ-GTE-5CAVAL,NO,0,0
123AZ-GTE-5SPURS,NO,0,0
123AZ-GTE-5RAPTO,NO,0,0
145AZ-CAM-5CELTI,NO,0,0
145AZ-CAM-5BNETS,NO,0,0
145AZ-CAM-5BULLS,NO,0,0
145AZ-CAM-5CAVAL,NO,0,0
145AZ-CAM-5WARRI,NO,0,0
145AZ-CAM-5BUCKS,NO,0,0
145AZ-CAM-5TIMBE,NO,0,0
145AZ-CAM-5KNICK,NO,0,0
145AZ-CAM-576ERS,NO,0,0
145AZ-CAM-5KINGS,NO,0,0
VQ69Z-MIAHEA-GRH,NO,0,0
VQ69Z-ORLMAG-GRH,NO,0,0
VQ70Z-FLOPAN-GRH,NO,0,0
VQ69Z-LACLIP-GRH,NO,0,0
VQ69Z-NYKNIC-GRH,NO,0,0
VQ70Z-VANCAN-GRH,NO,0,0
NE18Z-2TLABLOG-BLK,NO,0,0
NE18Z-BRA-GRH,NO,0,0
NA80Z-ORLMAGIC,NO,0,0
NA80Z-SANANTSPURS,NO,0,0
NA80Z-TORONTORAPT,NO,0,0
NA80Z-VANGRIZZLIES,NO,0,0
NA80Z-BOSCOL-BLK,NO,0,0
ND12Z-BOSBRU-BLK,NO,0,0
ND12Z-COLAVA-BLU,NO,0,0
ND12Z-DETRED-RED,NO,0,0
ND12Z-LAKING-BLK,NO,0,0
ND12Z-MONCAN-BLU,NO,0,0
ND12Z-MONMAR-BLK,NO,0,0
NM04Z-WTE-5GRIZZ,NO,0,0
NM04Z-MTC-5PELIC,NO,0,0
NM04Z-MTC-5KNICK,NO,0,0
NM04Z-MTC-576ERS,NO,0,0
NM04Z-WTE-576ERS,NO,0,0
161AZ-MTC-5CELTI,NO,0,0
161AZ-MTC-5CHORN,NO,0,0
161AZ-MTC-5BULLS,NO,0,0
161AZ-MTC-5WARRI,NO,0,0
161AZ-MTC-5LAKER,NO,0,0
161AZ-MTC-5HEAT,NO,0,0
161AZ-MTC-5SPURS,NO,0,0
161AZ-MTC-5SWARR,NO,0,0
161AZ-MTC-5JAZZ,NO,0,0
161AZ-MTC-5CAVAL,NO,0,0
161AZ-MTC-5ROCKE,NO,0,0
117AZ-005-5HAWKS,NO,0,0
117AZ-013-5HAWKS,NO,0,0
117AZ-MTC-5HAWKS,NO,0,0
117AZ-005-5BULLE,NO,0,0
117AZ-013-5BULLE,NO,0,0
117AZ-005-5CELTI,NO,0,0
117AZ-013-5CELTI,NO,0,0
117AZ-MTC-5CELTI,NO,0,0
117AZ-005-5CHORN,NO,0,0
117AZ-005-5BULLS,NO,0,0
117AZ-013-5BULLS,NO,0,0
117AZ-MTC-5BULLS,NO,0,0
117AZ-005-5CAVAL,NO,0,0
117AZ-005-5WARRI,NO,0,0
117AZ-013-5WARRI,NO,0,0
117AZ-MTC-5WARRI,NO,0,0
117AZ-005-5LAKER,NO,0,0
117AZ-005-5HEAT,NO,0,0
117AZ-MTC-5HEAT,NO,0,0
117AZ-005-5TIMBE,NO,0,0
117AZ-013-5TIMBE,NO,0,0
117AZ-MTC-5KNICK,NO,0,0
117AZ-005-576ERS,NO,0,0
117AZ-MTC-576ERS,NO,0,0
117AZ-005-5TRAIL,NO,0,0
117AZ-013-5TRAIL,NO,0,0
117AZ-005-5SPURS,NO,0,0
117AZ-MTC-5SPURS,NO,0,0
117AZ-005-5SWARR,NO,0,0
117AZ-013-5SWARR,NO,0,0
117AZ-MTC-5SWARR,NO,0,0
117AZ-005-5RAPTO,NO,0,0
117AZ-013-5RAPTO,NO,0,0
117AZ-005-5VGRIZ,NO,0,0
117AZ-MTC-5VGRIZ,NO,0,0
117AZ-MTC-5WBULL,NO,0,0
116AZ-005-5CELTI,NO,0,0
116AZ-013-5CELTI,NO,0,0
116AZ-005-5BNETS,NO,0,0
116AZ-013-5BNETS,NO,0,0
116AZ-005-5BULLS,NO,0,0
116AZ-013-5BULLS,NO,0,0
116AZ-MTC-5BULLS,NO,0,0
116AZ-005-5CAVAL,NO,0,0
116AZ-013-5CAVAL,NO,0,0
116AZ-MTC-5CAVAL,NO,0,0
116AZ-005-5WARRI,NO,0,0
116AZ-013-5WARRI,NO,0,0
116AZ-MTC-5WARRI,NO,0,0
116AZ-005-5ROCKE,NO,0,0
116AZ-013-5ROCKE,NO,0,0
ND12Z-PITPEN-BLK,NO,0,0
ND12Z-SJS-TEA-BLK,NO,0,0
EU833-BRA-BRED,NO,0,0
EU833-BRA-GRY,NO,0,0
EU833-BRA-NVY,NO,0,0
EU833-BRA-RED,NO,0,0
EU833-BRA-BLK,NO,0,0
EU832-BOSCEL-BLK,NO,0,0
EU832-BRONET-BLK,NO,0,0
EU832-CHIBUL-BLK,NO,0,0
EU832-CHIBUL-RED,NO,0,0
EU832-CLECAV-BUR,NO,0,0
EU832-GOLWAR-ROY,NO,0,0
EU832-LACLIP-GRY,NO,0,0
EU832-LALAKE-BLK,NO,0,0
EU832-MIAHEA-BUR,NO,0,0
EU832-NYKNIC-ROY,NO,0,0
EU832-ANHDUC-BLK,NO,0,0
EU832-CHIBLA-BLK,NO,0,0
EU841-LALAKE-BLK,NO,0,0
EU841-ANHDUC-BLK,NO,0,0
EU841-CLECAV-BLK,NO,0,0
EU841-TORRAP-BLK,NO,0,0
EU841-NYKNIC-BLK,NO,0,0
EU841-CHIBUL-BLK,NO,0,0
EU841-MIAHEA-BLK,NO,0,0
EU841-BRONET-BLK,NO,0,0
EU841-GOLWAR-BLK,NO,0,0
EU914-BRA-BLK,NO,0,0
EU914-BRA-NVY,NO,0,0
EY16Z-BRA-RED,NO,0,0
EY12Z-BOSCEL-GRE,NO,0,0
EY12Z-BRONET-GRY,NO,0,0
EY12Z-CHIBUL-BLK,NO,0,0
EY12Z-MIAHEA-BLK,NO,0,0
EY13Z-GOLWAR-BLU,NO,0,0
EU827-BRA-BUR,NO,0,0
AGJS52110-BLK,NO,0,0
AGJS52110-BLU,NO,0,0
AGJS52110-GRY,NO,0,0
AGJS52111-BLK,NO,0,0
AGJS52104-NVY,NO,0,0
AGJS52104-GRN,NO,0,0
AGJS32110-BLK,NO,0,0
ALJS32110-WHT,NO,0,0
MUNJS32101-RED,NO,0,0
OLJS32101-WHT,NO,0,0
OLJS32102-RED,NO,0,0
OLJS32103-BLK,NO,0,0
ALJS52101-WHT,NO,0,0
ALJS52101B-WHT,NO,0,0
1980FF,NO,0,0
4318FH,NO,0,0
MCTS317114-NVY,NO,0,0
MCTS317114-WHT,NO,0,0
MCTS317115-WHT,NO,0,0
MCTS317116-BLK,NO,0,0
MCTS317116-WHT,NO,0,0
MCTS317101-BLK,NO,0,0
MCTS317101-WHT,NO,0,0
BCST317102-NVY,NO,0,0
BCST317102-PUR,NO,0,0
BCJS517107-NVY,NO,0,0
MCTS317103-NVY,NO,0,0
MCTS317103-WHT,NO,0,0
MCTS317104-WHT,NO,0,0
MCTS317105-RED,NO,0,0
MCTS317105-WHT,NO,0,0
MCTS317105-NVY,NO,0,0
FFXN68,NO,0,0
FFXF46,NO,0,0
FFXF68,NO,0,0
1388FT,NO,0,0
4015FS,NO,0,0
6547FQ,NO,0,0
6548FH,NO,0,0
7201FT,NO,0,0
A1101T,NO,0,0
A1110T,NO,0,0
A1111T,NO,0,0
F7433T,NO,0,0
FFXC24,NO,0,0
FFXC26,NO,0,0
FFXC46,NO,0,0
EU827-BRA-NVY,NO,0,0
EU826-ORLMAG-BLK,NO,0,0
EU826-TORRAP-BLK,NO,0,0
EU826-BRONET-BLK,NO,0,0
EU826-CHIBUL-BLK,NO,0,0
EU826-CLECAV-BLK,NO,0,0
EU826-GOLWAR-BLK,NO,0,0
EU826-LALAKE-BLK,NO,0,0
EU826-MIAHEA-BLK,NO,0,0
EU826-NYKNIC-BLK,NO,0,0
EU826-SASPUR-BLK,NO,0,0
EU826-ANHDUC-BLK,NO,0,0
EU913-CHAHOR-GRY,NO,0,0
EU913-CHIBUL-GRY,NO,0,0
EU827-BRA-GRY,NO,0,0
Y477Z-CHIBUL-GRY,NO,0,0
EU879-NBAEAST-BLK,NO,0,0
EU879-NBAWEST-BLK,NO,0,0
EU879-NHLEAST-BLK,NO,0,0
EU879-NHLWEST-BLK,NO,0,0
EU841-LAKING-BLK,NO,0,0
EU841-BRA-BLK,NO,0,0
VQ84Z-SASPUR-GRY,NO,0,0
VQ84Z-CHIBUL-RED,NO,0,0
VQ84Z-LACLIP-RED,NO,0,0
VQ84Z-CLECAV-BUR,NO,0,0
VQ84Z-NYKNIC-BLU,NO,0,0
VQ91Z-TORRAP-GRY,NO,0,0
VQ91Z-PORTRA-GRY,NO,0,0
VQ91Z-ATLHAW-GRY,NO,0,0
VQ91Z-SASPUR-GRY,NO,0,0
VQ91Z-CHIBUL-GRY,NO,0,0
VQ96Z-CHIBUL-RED,NO,0,0
VQ96Z-CLECAV-BUR,NO,0,0
VQ96Z-DETPIS-BLU,NO,0,0
VQ96Z-GOLWAR-RYL,NO,0,0
VQ96Z-LACLIP-RED,NO,0,0
VQ96Z-NYKNIC-BLU,NO,0,0
VQ96Z-SASPUR-GRH,NO,0,0
VR25Z-BRA-BLK,NO,0,0
VR25Z-BRA-WHT,NO,0,0
VP95Z-CHIBUL-BLK,NO,0,0
VP95Z-CHIBUL-WHT,NO,0,0
VP95Z-CLECAV-BLK,NO,0,0
VP95Z-CLECAV-WHT,NO,0,0
VP95Z-INDPAC-BLK,NO,0,0
VP95Z-INDPAC-WHT,NO,0,0
9798GF,NO,0,0
FFXC68,NO,0,0
FFXF24,NO,0,0
FFXF26,NO,0,0
6319FT,NO,0,0
FFXM24,NO,0,0
4747FT,NO,0,0
FFXM26,NO,0,0
FFXM46,NO,0,0
FFXM68,NO,0,0
FFXN24,NO,0,0
FFXN26,NO,0,0
FFXN46,NO,0,0
FFXP24,NO,0,0
FFXP26,NO,0,0
FFXP46,NO,0,0
FFXP68,NO,0,0
GFXS24,NO,0,0
GFXS26,NO,0,0
GFXS46,NO,0,0
GFXS68,NO,0,0
6584FE,NO,0,0
7456G1,NO,0,0
F1209M,NO,0,0
4655FU,NO,0,0
4647FU,NO,0,0
4648FU,NO,0,0
5409FD,NO,0,0
9401FU,NO,0,0
4512FH,NO,0,0
4513FH,NO,0,0
5912FT,NO,0,0
5917AV,NO,0,0
4511FH,NO,0,0
F1328T,NO,0,0
F8277T,NO,0,0
4269FT,NO,0,0
4847FT,NO,0,0
F5259D,NO,0,0
9849FD,NO,0,0
7873FV,NO,0,0
7884FT,NO,0,0
A8137T,NO,0,0
9636GT,NO,0,0
MCTS317106-WHT,NO,0,0
MCTS317106-NVY,NO,0,0
MCTS317106-RED,NO,0,0
VP95Z-SASPUR-BLK,NO,0,0
VP95Z-SASPUR-WHT,NO,0,0
VQ98Z-ATLHAW-WHT,NO,0,0
VQ98Z-BOSCEL-WHT,NO,0,0
VQ98Z-BRONET-WHT,NO,0,0
VQ98Z-CHAHOR-WHT,NO,0,0
VQ98Z-CHIBUL-WHT,NO,0,0
VQ99Z-CHIBUL-WHT,NO,0,0
VQ98Z-CLECAV-WHT,NO,0,0
VQ99Z-CLECAV-WHT,NO,0,0
VQ98Z-GOLWAR-WHT,NO,0,0
VQ98Z-HOUROC-WHT,NO,0,0
VQ99Z-INDPAC-WHT,NO,0,0
VQ98Z-INDPAC-WHT,NO,0,0
VQ99Z-NYKNIC-WHT,NO,0,0
VQ99Z-NYNETS-WHT,NO,0,0
VQ99Z-PORTRA-WHT,NO,0,0
VQ98Z-PORTRA-WHT,NO,0,0
VQ99Z-TORRAP-WHT,NO,0,0
VQ98Z-TORRAP-WHT,NO,0,0
VQ99Z-VANGRI-WHT,NO,0,0
EU499-BRA-CHABLK,NO,0,0
EU706-BRA-GRY,NO,0,0
VK08Z-BRA-BRN,NO,0,0
VK13Z-BRA-FOR,NO,0,0
VK54Z-BRA-BLK,NO,0,0
EU697-BRA-CHA,NO,0,0
EU700-BRA-FLO,NO,0,0
EU701-BRA-BLK,NO,0,0
EU702-BRA-WHT,NO,0,0
EU703-BRA-BLK,NO,0,0
EU704-BRA-BLK,NO,0,0
EU705-BRA-GRY,NO,0,0
EU707-BRA-BLK,NO,0,0
EU708-BRA-BLK,NO,0,0
EU710-BRA-BLK,NO,0,0
EU711-BRA-GRY,NO,0,0
EU712-BRA-BLK,NO,0,0
EU758-BRA-BLK,NO,0,0
EU762-BRA-BLK,NO,0,0
4616Q1,NO,0,0
4624Q2,NO,0,0
4617Q1,NO,0,0
VQ84Z-GOLWAR-BLU,NO,0,0
1768YT,NO,0,0
4352YH,NO,0,0
7499YE,NO,0,0
4342QH,NO,0,0
7501QE,NO,0,0
5112YH,NO,0,0
116AZ-MTC-5ROCKE,NO,0,0
116AZ-MTC-5CLIPP,NO,0,0
116AZ-MTC-5LAKER,NO,0,0
116AZ-MTC-5HEAT,NO,0,0
116AZ-005-5BUCKS,NO,0,0
116AZ-MTC-5TIMBE,NO,0,0
116AZ-005-5KNICK,NO,0,0
116AZ-013-5KNICK,NO,0,0
116AZ-MTC-5OKCIT,NO,0,0
116AZ-005-5TRAIL,NO,0,0
116AZ-013-5TRAIL,NO,0,0
116AZ-MTC-5TRAIL,NO,0,0
116AZ-005-5SPURS,NO,0,0
116AZ-013-5SPURS,NO,0,0
116AZ-MTC-5SPURS,NO,0,0
116AZ-005-5RAPTO,NO,0,0
116AZ-013-5RAPTO,NO,0,0
116AZ-MTC-5RAPTO,NO,0,0
119AZ-013-7BAMER,NO,0,0
119AZ-MTC-7BAMER,NO,0,0
119AZ-005-7HAWKS,NO,0,0
119AZ-013-7HAWKS,NO,0,0
119AZ-MTC-7HAWKS,NO,0,0
119AZ-005-7REDWI,NO,0,0
119AZ-013-7REDWI,NO,0,0
119AZ-MTC-7REDWI,NO,0,0
119AZ-005-7MAROO,NO,0,0
119AZ-013-7MAROO,NO,0,0
119AZ-MTC-7MAROO,NO,0,0
119AZ-005-7SENAT,NO,0,0
119AZ-MTC-7SENAT,NO,0,0
119AZ-005-7PENGU,NO,0,0
119AZ-013-7PENGU,NO,0,0
119AZ-MTC-7PENGU,NO,0,0
119AZ-005-7MAPLE,NO,0,0
119AZ-013-7MAPLE,NO,0,0
119AZ-MTC-7MAPLE,NO,0,0
117AZ-013-5CAVAL,NO,0,0
117AZ-MTC-5CAVAL,NO,0,0
117AZ-005-5ROCKE,NO,0,0
117AZ-013-5ROCKE,NO,0,0
117AZ-MTC-5ROCKE,NO,0,0
117AZ-005-5PACER,NO,0,0
117AZ-013-5PACER,NO,0,0
117AZ-MTC-5PACER,NO,0,0
117AZ-005-5CLIPP,NO,0,0
117AZ-013-5CLIPP,NO,0,0
117AZ-MTC-5CLIPP,NO,0,0
117AZ-013-5LAKER,NO,0,0
117AZ-MTC-5LAKER,NO,0,0
117AZ-013-5HEAT,NO,0,0
117AZ-005-5KNICK,NO,0,0
117AZ-013-5KNICK,NO,0,0
117AZ-005-5MAGIC,NO,0,0
117AZ-013-5MAGIC,NO,0,0
NL15Z-BOSCEL-GRE,NO,0,0
NL15Z-CHIBUL-RED,NO,0,0
NL15Z-CHIBUL-WHT,NO,0,0
NL15Z-CLECAV-BUR,NO,0,0
NL15Z-CLECAV-YEL,NO,0,0
NL15Z-GOLWAR-BLU,NO,0,0
NL15Z-GOLWAR-YEL,NO,0,0
NL15Z-HOUROC-BLU,NO,0,0
NL15Z-LALAKE-BLK,NO,0,0
NL15Z-LALAKE-PUR,NO,0,0
NL15Z-MIAHEA-ORA,NO,0,0
NL15Z-MIAHEA-RED,NO,0,0
EU1082-CHIBULL-BLK,NO,0,0
EU1082-CHIBULL-GRE,NO,0,0
EU1082-CHIBULL-RED,NO,0,0
5354YT,NO,0,0
5039YT,NO,0,0
5092YZ,NO,0,0
5092YT,NO,0,0
1517YT,NO,0,0
5093YT,NO,0,0
EU1011-BRA-BLK,NO,0,0
EU1011-BRA-BUR,NO,0,0
LFJS3162SW001-BLK,NO,0,0
LFJS3162SW001-BL2,NO,0,0
EU930-BRA-BLK,NO,0,0
EU930-BRA-BUR,NO,0,0
EU930-BRA-CHA,NO,0,0
EU930-BRA-GRH,NO,0,0
EU930-BRA-NVY,NO,0,0
EU930-BRA-OLI,NO,0,0
EU937-CHIBUL-BLKRE,NO,0,0
EU937-CHIBUL-WHTR,NO,0,0
EU941-BRA-BLK,NO,0,0
EU941-BRA-GRH,NO,0,0
EU941-BRA-NVY,NO,0,0
EU941-BRONET-GRH,NO,0,0
EU941-CHIBUL-BLK,NO,0,0
EU941-CLECAV-NVY,NO,0,0
EU941-GOLWAR-ROY,NO,0,0
EU941-MIAHEA-RED,NO,0,0
LFJS3162SW003-MGR,NO,0,0
LFJS3162SW003-BLK,NO,0,0
EU942-BRONET-BLKGL,NO,0,0
2084DG-BLACK,NO,0,0
2084DG-WHITE-GREY,NO,0,0
EU942-CHIBUL-REDGL,NO,0,0
LFJS3162SW004-NVY,NO,0,0
LFJS3162SW004-WHT,NO,0,0
EU942-CLECAV-NVYGL,NO,0,0
2085DG-WHITE,NO,0,0
2085DG-BLACK,NO,0,0
EU942-GOLWAR-RYLGL,NO,0,0
2087DG-WHITE,NO,0,0
3397TG-WHITE,NO,0,0
EU942-MIAHEA-WHTGL,NO,0,0
EU946-BRA-BLK,NO,0,0
EU946-BRA-NVY,NO,0,0
EU946-BRONET-GRH,NO,0,0
EU946-CHIBUL-BLK,NO,0,0
EU946-CLECAV-BUR,NO,0,0
EU946-GOLWAR-NVY,NO,0,0
EU955-ANHDUC-BLKGR,NO,0,0
EU955-BOSBRU-BLKGR,NO,0,0
EU955-BOSCEL-BLKGR,NO,0,0
EU955-BRONET-BLKGR,NO,0,0
EU955-CHIBLA-BLKGR,NO,0,0
EU955-CHIBUL-BLKGR,NO,0,0
EU955-CLECAV-BLKGR,NO,0,0
EU955-GOLWAR-BLKGR,NO,0,0
EU955-LALAKE-BLKGR,NO,0,0
EU955-NYBULL-BLKGR,NO,0,0
EU955-SASPUR-BLKGR,NO,0,0
EU956-BOSCEL-GRHGR,NO,0,0
EU956-BRONET-NVYRE,NO,0,0
EU956-CHIBLA-BLKRE,NO,0,0
EU956-CHIBUL-WHTRE,NO,0,0
EU956-CLECAV-BLUBL,NO,0,0
EU956-DETRED-RYLRE,NO,0,0
NL15Z-SASPUR-BLK,NO,0,0
NL15Z-SASPUR-GRY,NO,0,0
NL99Z-ATLHAW-BLK,NO,0,0
NL99Z-ATLHAW-RED,NO,0,0
NL99Z-BOSCEL-GRE,NO,0,0
NL99Z-BRONET-BLK,NO,0,0
NL99Z-BRONET-WHT,NO,0,0
NL99Z-CHAHOR-TEA,NO,0,0
NL99Z-CLECAV-BUR,NO,0,0
NL99Z-CLECAV-YEL,NO,0,0
NL99Z-DALMAV-NVY,NO,0,0
NL99Z-DETPIS-BLU,NO,0,0
NL99Z-DETPIS-RED,NO,0,0
NL99Z-GOLWAR-ROY,NO,0,0
NL99Z-GOLWAR-YEL,NO,0,0
NL99Z-HOUROC-GRY,NO,0,0
NL99Z-HOUROC-RED,NO,0,0
NL99Z-LACLIP-BLU,NO,0,0
NL99Z-LACLIP-RED,NO,0,0
NL99Z-LALAKE-BLK,NO,0,0
NL99Z-LALAKE-PUR,NO,0,0
NL99Z-MIAHEA-BLK,NO,0,0
NL99Z-MIAHEA-BUR,NO,0,0
NL99Z-MILBUC-BLK,NO,0,0
NL99Z-NEWPEL-RED,NO,0,0
NL99Z-NYKNIC-BLK,NO,0,0
NL99Z-NYKNIC-ROY,NO,0,0
NL99Z-PHIL76-BLU,NO,0,0
NL99Z-PHIL76-RED,NO,0,0
NL99Z-PORTRA-BLK,NO,0,0
NL99Z-PORTRA-RED,NO,0,0
NL99Z-SASPUR-BLK,NO,0,0
NL99Z-SASPUR-GRY,NO,0,0
NL99Z-TORRAP-BLK,NO,0,0
NL99Z-TORRAP-RED,NO,0,0
NM04Z-ATLHAW-WHTRE,NO,0,0
NM04Z-BOSCEL-GREBL,NO,0,0
NM04Z-BOSCEL-WHTGR,NO,0,0
NM04Z-BRONET-BLKWH,NO,0,0
NM04Z-BRONET-WHTBL,NO,0,0
NM04Z-CHAHOR-PURTE,NO,0,0
NM04Z-CHAHOR-WHT,NO,0,0
NM04Z-CHIBUL-REDBL,NO,0,0
NM04Z-CHIBUL-WHTRE,NO,0,0
NM04Z-CLECAV-BURBL,NO,0,0
NM04Z-CLECAV-WHTBU,NO,0,0
NM04Z-DALMAV-NVYBL,NO,0,0
NM04Z-DALMAV-WHTNV,NO,0,0
NM04Z-DENNUG-BLUNV,NO,0,0
NM04Z-DENNUG-WHTBL,NO,0,0
NM04Z-DETPIS-BLURE,NO,0,0
NM04Z-DETPIS-WHTBL,NO,0,0
NM04Z-GOLWAR-BLUYE,NO,0,0
NM04Z-GOLWAR-WHTBL,NO,0,0
NM04Z-HOUROC-REDBL,NO,0,0
NM04Z-HOUROC-WHTRE,NO,0,0
NM04Z-INDPAC-NVYYE,NO,0,0
NM04Z-INDPAC-WHTNV,NO,0,0
NM04Z-LACLIP-BLURE,NO,0,0
NM04Z-LACLIP-WHTRE,NO,0,0
NM04Z-LALAKE-WHTYE,NO,0,0
NM04Z-LALAKE-YELPU,NO,0,0
NM04Z-MEMGRI-WHT,NO,0,0
NM04Z-MIAHEA-BUR,NO,0,0
NM04Z-MIAHEA-WHT,NO,0,0
NM04Z-MILBUC-WHTGR,NO,0,0
NM04Z-MINTIM-BLUBL,NO,0,0
EU956-GOLWAR-NVYOR,NO,0,0
EU956-LACLIP-BLUOR,NO,0,0
EU956-LALAKE-WHTBL,NO,0,0
EU956-MEMGRI-TEABL,NO,0,0
EU956-MIAHEA-BLKPI,NO,0,0
EU956-NYKNIC-NVYRE,NO,0,0
EU956-OAKCIT-GRHBU,NO,0,0
EU956-PHIFLY-REDRY,NO,0,0
EU956-PITPEN-BLUBL,NO,0,0
EU956-PORTRA-GREBL,NO,0,0
EU956-SASPUR-BLKTE,NO,0,0
EU956-TORRAP-BLUG,NO,0,0
EU957-BRA-GRYBL,NO,0,0
EU957-BRONET-GRHBL,NO,0,0
EU957-CHIBLA-GRHBL,NO,0,0
EU957-CHIBUL-GRHBL,NO,0,0
EU957-CLECAV-GRHBL,NO,0,0
EU957-GOLWAR-GRHBL,NO,0,0
EU957-LALAKE-GRYBL,NO,0,0
EU957-MIAHEA-GRYBL,NO,0,0
EU957-NYKNIC-GRYBL,NO,0,0
EU957-SASPUR-GRYBL,NO,0,0
EU964-CHIBUL-BLK,NO,0,0
GAS022-CLECAV-NVY,NO,0,0
NE18Z-BRA-BLKGRH,NO,0,0
NE18Z-BRA-BURBLK,NO,0,0
NE18Z-BRA-NVYBLK,NO,0,0
NE18Z-BRA-NVYGRH,NO,0,0
NJ16Z-BOSCEL-KEL,NO,0,0
NJ16Z-CHIBUL-RED,NO,0,0
NJ16Z-CLECAV-ROY,NO,0,0
NJ16Z-GOLWAR-BLU,NO,0,0
NJ16Z-LALAKE-PUR,NO,0,0
NJ16Z-MIAHEA-BLK,NO,0,0
NJ16Z-SASPUR-BLK,NO,0,0
NL15Z-BOSCEL-BLK,NO,0,0
VU01Z-BRONET-GRY,NO,0,0
VU01Z-CHIBUL-GRY,NO,0,0
VU01Z-CLECAV-GRY,NO,0,0
VU01Z-GOLWAR-GRY,NO,0,0
VU01Z-LACLIP-GRH,NO,0,0
VU01Z-LALAKE-GRH,NO,0,0
VU01Z-MIAHEA-GRY,NO,0,0
VU01Z-NYKNIC-GRH,NO,0,0
VU01Z-SASPUR-GRH,NO,0,0
VU02Z-SACLIP-GRH,NO,0,0
VU02Z-SASPUR-GRH,NO,0,0
VU03Z-BOSBRU-GRH,NO,0,0
VU04Z-PITPEN-GRH,NO,0,0
VU06Z-BOSCEL-BLK,NO,0,0
VU06Z-CHAHOR-BLK,NO,0,0
VU06Z-CHIBUL-BLK,NO,0,0
VU06Z-CLECAV-BLK,NO,0,0
VU06Z-GOLWAR-BLK,NO,0,0
VU06Z-HOUROC-BLK,NO,0,0
VU06Z-LACLIP-BLK,NO,0,0
VU15Z-BOSCEL-GRE,NO,0,0
VU15Z-BRONET-BLK,NO,0,0
VU15Z-CHIBUL-BLK,NO,0,0
VU15Z-CHIBUL-RED,NO,0,0
VU15Z-CLECAV-BUR,NO,0,0
VU15Z-MIAHEA-BUR,NO,0,0
VU16Z-CHIBUL-BLK,NO,0,0
VU16Z-LALAKE-GRH,NO,0,0
VU81Z-ATLHAW-RED,NO,0,0
VU81Z-BOSCEL-GRE,NO,0,0
VU81Z-BRONET-BLK,NO,0,0
VU81Z-CHIBUL-RED,NO,0,0
VU81Z-CLECAV-BUR,NO,0,0
VU81Z-DENNUG-BLU,NO,0,0
VU81Z-GOLWAR-ROY,NO,0,0
VU81Z-HOUROC-RED,NO,0,0
VU81Z-LACLIP-RED,NO,0,0
VU81Z-LALAKE-YEL,NO,0,0
VU81Z-MIAHEA-BLK,NO,0,0
VU81Z-NYKNIC-ROY,NO,0,0
VU81Z-ORLMAG-BLU,NO,0,0
VU81Z-SASPUR-BLK,NO,0,0
VU81Z-TORRAP-RED,NO,0,0
VU82Z-CHIBUL-BLK,NO,0,0
VU82Z-DETPIS-RED,NO,0,0
VU82Z-MINLAK-BLU,NO,0,0
VU82Z-SACKIN-RED,NO,0,0
VU82Z-SASPUR-BLK,NO,0,0
VU83Z-CHIBLA-BLK,NO,0,0
VU86Z-BRONET-WHTBL,NO,0,0
VU86Z-CHIBUL-WHTRE,NO,0,0
VU86Z-CLECAV-WHTBU,NO,0,0
VU86Z-GOLWAR-WHTRY,NO,0,0
VU86Z-MIAHEA-WHTBL,NO,0,0
VU86Z-SASPUR-WHTBL,NO,0,0
VU87Z-CHIBUL-WHTBL,NO,0,0
VU91Z-BRA-BLU,NO,0,0
VU91Z-BRA-GRE,NO,0,0
VU91Z-BRA-NVY,NO,0,0
VU91Z-BRA-RED,NO,0,0
VV16Z-BOSCEL-GREBL,NO,0,0
VV16Z-BRONET-BLKGR,NO,0,0
VV16Z-CHIBUL-REDBL,NO,0,0
VV16Z-CLECAV-BURNV,NO,0,0
VV16Z-GOLWAR-RYLYE,NO,0,0
VV16Z-MIAHEA-BURBL,NO,0,0
VV16Z-SASPUR-BLKGR,NO,0,0
VV17Z-NYRANG-BLURE,NO,0,0
VV17Z-PITPEN-BLKST,NO,0,0
VV18Z-NYBULL-REDNV,NO,0,0
VV32Z-CHIBUL-BLK,NO,0,0
VV32Z-CLECAV-BUR,NO,0,0
VV33Z-GOLWAR-BLK,NO,0,0
VV33Z-PHIL76-BLK,NO,0,0
VV34Z-CHIBLA-BLK,NO,0,0
VV52Z-BRA-BLK,NO,0,0
VV52Z-BRA-GRH,NO,0,0
VV52Z-BRA-NVY,NO,0,0
VV52Z-BRA-RED,NO,0,0
3057TF-WHITE,NO,0,0
LFSH3162SW001-BLK,NO,0,0
LFSH3162SW001-BL2,NO,0,0
3476DF-MULTI,NO,0,0
LFSH3162SW003-MDR,NO,0,0
LFSH3162SW003-BLK,NO,0,0
3476DF-BLACK,NO,0,0
LFSH3162SW004-WHT,NO,0,0
LFSH3162SW004-NVY,NO,0,0
3479DF-BLACK,NO,0,0
LFSH3162SW005-NVY,NO,0,0
LFSH3162SW005-HGR,NO,0,0
3479DF-WHITE,NO,0,0
LFSH3162SW006-BLK,NO,0,0
LFTS3162S7003-BLK,NO,0,0
3606TF-WHITE,NO,0,0
3615TF-WHITE,NO,0,0
LFTS3162S7003-NVY,NO,0,0
LFTS3162S7007-HGR,NO,0,0
NM04Z-NEWPEL-NVYWH,NO,0,0
NM04Z-NEWPEL-WHTNV,NO,0,0
NM04Z-NYKNIC-BLUOR,NO,0,0
NM04Z-NYKNIC-WHTBL,NO,0,0
NM04Z-OAKCIT-BLUBL,NO,0,0
NM04Z-OAKCIT-WHTBL,NO,0,0
NM04Z-ORLMAG-WHTNV,NO,0,0
NM04Z-PHIL76-BLURE,NO,0,0
NM04Z-PHIL76-WHTBL,NO,0,0
NM04Z-PHOSUN-PUROR,NO,0,0
NM04Z-PHOSUN-WHTOR,NO,0,0
NM04Z-PORTRA-BLKRE,NO,0,0
NM04Z-PORTRA-WHTRE,NO,0,0
NM04Z-SACKIN-PURBL,NO,0,0
NM04Z-SACKIN-WHTPU,NO,0,0
NM04Z-SASPUR-BLKGR,NO,0,0
NM04Z-SASPUR-WHTBL,NO,0,0
NM04Z-TORRAP-GRYBL,NO,0,0
NM04Z-TORRAP-WHTRE,NO,0,0
NM04Z-WASWIZ-REDNV,NO,0,0
NT78Z-ATLHAW-BLK,NO,0,0
NT78Z-ATLHAW-RED,NO,0,0
NT78Z-BOSCEL-BLK,NO,0,0
NT78Z-BOSCEL-GRE,NO,0,0
NT78Z-BRONET-BLK,NO,0,0
NT78Z-BRONET-WHT,NO,0,0
NT78Z-CHIBUL-BLK,NO,0,0
NT78Z-CHIBUL-RED,NO,0,0
NT78Z-CLECAV-BUR,NO,0,0
NT78Z-CLECAV-NVY,NO,0,0
NT78Z-GOLWAR-BLU,NO,0,0
NT78Z-HOUROC-RED,NO,0,0
NT78Z-INDPAC-BLK,NO,0,0
NT78Z-LACLIP-RED,NO,0,0
NT78Z-LALAKE-BLK,NO,0,0
NT78Z-LALAKE-YEL,NO,0,0
NT78Z-MIAHEA-BLK,NO,0,0
NT78Z-MIAHEA-BUR,NO,0,0
NT78Z-MINTIM-BLK,NO,0,0
NT78Z-NYKNIC-BLK,NO,0,0
NT78Z-NYKNIC-BLU,NO,0,0
NT78Z-PHIL76-RED,NO,0,0
NT78Z-PHIL76-ROY,NO,0,0
NT78Z-PORTRA-BLK,NO,0,0
NT78Z-PORTRA-RED,NO,0,0
NT78Z-SASPUR-BLK,NO,0,0
NT78Z-SASPUR-TEA,NO,0,0
NT78Z-TORRAP-BLK,NO,0,0
NT78Z-TORRAP-RED,NO,0,0
NT78Z-WASWIZ-NVY,NO,0,0
NT78Z-WASWIZ-RED,NO,0,0
NT80Z-ANHDUC-BLK,NO,0,0
NT80Z-PITPEN-BLK,NO,0,0
NT80Z-WASCAP-RED,NO,0,0
NT81Z-ANHDUC-BLK,NO,0,0
NT81Z-NYRANG-NVY,NO,0,0
NT81Z-WASCAP-NVY,NO,0,0
NZ979-ATLHAW-RED,NO,0,0
NZ979-BALBUL-BLU,NO,0,0
NZ979-BALBUL-RED,NO,0,0
NZ979-BOSCEL-BLK,NO,0,0
NZ979-BOSCEL-GRE,NO,0,0
NZ979-BUFBRA-BLK,NO,0,0
NZ979-CHAHOR-PUR,NO,0,0
NZ979-CHAHOR-TEA,NO,0,0
NZ979-CHIBUL-BLK,NO,0,0
NZ979-CHIBUL-RED,NO,0,0
NZ979-CLECAV-ORA,NO,0,0
NZ979-CLECAV-ROY,NO,0,0
NZ979-DENNUG-RED,NO,0,0
NZ979-DETPIS-BLU,NO,0,0
NZ979-DETPIS-RED,NO,0,0
NZ979-GOLWAR-YEL,NO,0,0
NZ979-GSWAR-BLU,NO,0,0
NZ979-HOUROC-RED,NO,0,0
NZ979-INDPAC-NVY,NO,0,0
NZ979-LALAKE-PUR,NO,0,0
NZ979-LALAKE-YEL,NO,0,0
NZ979-MIAHEA-BLK,NO,0,0
NZ979-MIAHEA-RED,NO,0,0
NZ979-MINTIM-BLU,NO,0,0
NZ979-NYKNIC-BLU,NO,0,0
NZ979-NYKNICK-BLK,NO,0,0
NZ979-NYNETS-RED,NO,0,0
NZ979-PHIL76-BLU,NO,0,0
NZ979-PHIL76-RED,NO,0,0
NZ979-PORTRA-BLK,NO,0,0
NZ979-PORTRA-RED,NO,0,0
NZ979-SASPUR-BLK,NO,0,0
NZ979-SASPUR-TEA,NO,0,0
NZ979-TORRAP-PUR,NO,0,0
NZ979-TORRAP-RED,NO,0,0
NZ979-UTAJAZ-BLK,NO,0,0
NZ979-WASBUL-RED,NO,0,0
NZ979-WASBUL-WHT,NO,0,0
V093Z-BOSCEL-WHTGR,NO,0,0
V095Z-BOSCEL-WHTGR,NO,0,0
V097Z-BOSCEL-GRYGR,NO,0,0
V098Z-BOSCEL-BLKGR,NO,0,0
VO59Z-BRONET-GRHBL,NO,0,0
VO59Z-CHIBUL-GRHRE,NO,0,0
VO59Z-CLECAV-GRHBU,NO,0,0
VO59Z-GOLWAR-GRHB,NO,0,0
VO59Z-LALAKE-GRHPU,NO,0,0
VO59Z-SASPUR-GRHBL,NO,0,0
VP01Z-DETPIS-RYLNV,NO,0,0
VP02Z-DETPIS-WHTRY,NO,0,0
VP03Z-DETPIS-ROY,NO,0,0
VP04Z-DETPIS-ROY,NO,0,0
VP05Z-DETPIS-WHT,NO,0,0
VP21Z-CHIBLA-RED,NO,0,0
VP22Z-CHIBLA-WHTBL,NO,0,0
VP24Z-PITPEN-BLKYE,NO,0,0
LFST3162SW001-NVY,NO,0,0
LFST3162SW002-ORG,NO,0,0
RMSB05162RM006-WHT,NO,0,0
RMSB05162RM006-NVY,NO,0,0
RMSB05162RM006-BLK,NO,0,0
RMSB05162RM007-WHT,NO,0,0
RMSB05162RM007-BLK,NO,0,0
RMSB05162RM007-GRY,NO,0,0
RMSB05162RM008-NVY,NO,0,0
RMSB05162RM008-BLK,NO,0,0
RMSB03162RM005-BLK,NO,0,0
RMSB03162RM005-ROY,NO,0,0
RMSB03162RM005-WHT,NO,0,0
RMSB03162RM006-WHT,NO,0,0
RMSB03162RM006-NVY,NO,0,0
RMSB03162RM006-BLK,NO,0,0
RMSB03162RM007-WHT,NO,0,0
LFSB5162SW002-BLK,NO,0,0
LFSB5162SW003-NVY,NO,0,0
LFSB5162S7001-GRY,NO,0,0
LFSB5162S7003-BLK,NO,0,0
LFTS3162S7007-NVY,NO,0,0
RMJS5162RM06-WHT,NO,0,0
RMJS5162RM06-BLK,NO,0,0
LFTS3162S7008-BLK,NO,0,0
RMJS5162RM06-NVY,NO,0,0
RMJS5162RM07-WHT,NO,0,0
LFTS3162S7008-RED,NO,0,0
RMJS5162RM07-BLK,NO,0,0
RMJS5162RM07-SPR,NO,0,0
LFTS3162S7010-BLK,NO,0,0
RMJS5162RM09-WHT,NO,0,0
RMJS5162RM09-BLK,NO,0,0
LFTS3162S7010-RED,NO,0,0
RMJS5162RM09-NVY,NO,0,0
RMJS5162RM011-WHT,NO,0,0
LFTS3162S7014-WHT,NO,0,0
LFTS3162S7014-NVY,NO,0,0
LFTS3162S7016-MGR,NO,0,0
LFTS3162S7016-WHT,NO,0,0
LFJK3162SW001-BLK,NO,0,0
LFJK3162SW003-MGR,NO,0,0
LFJK3162SW004-BLK,NO,0,0
LFPT3162SW001-BLK,NO,0,0
LFPT3162SW002-MGR,NO,0,0
RMJS5162RM011-BLK,NO,0,0
RMJS5162RM12-BLK,NO,0,0
RMJS5162RM12-WHT,NO,0,0
RMJS5162RM12-NVY,NO,0,0
RMJK5162RM003-WHT,NO,0,0
RMJK5162RM003-NVY,NO,0,0
RMJK5162RM003-BLK,NO,0,0
RMJK5162RM004-WHT,NO,0,0
RMJK5162RM004-BLK,NO,0,0
RMJK5162RM004-NVY,NO,0,0
RMPT5162RM002-BLK,NO,0,0
RMPT5162RM002-SPR,NO,0,0
RMPT5162RM002-NV2,NO,0,0
RMPT5162RM002-NVY,NO,0,0
RMSH5162RM005-NVY,NO,0,0
RMSH5162RM005-MGR,NO,0,0
RMSH5162RM006-NVY,NO,0,0
RMSH5162RM006-BLK,NO,0,0
RMSH5162RM007-NVY,NO,0,0
RMSH5162RM007-BLK,NO,0,0
RMJS3162RM006-BLK,NO,0,0
RMJS3162RM006-NVY,NO,0,0
RMJS3162RM009-WHT,NO,0,0
RMJS3162RM009-NVY,NO,0,0
RMJS3162RM12-BLK,NO,0,0
RMJS3162RM12-WHT,NO,0,0
RMJS3162RM12-NVY,NO,0,0
RMSH3162RM005-MGR,NO,0,0
RMSH3162RM005-NVY,NO,0,0
RMSH3162RM006-BLK,NO,0,0
RMSH3162RM006-NVY,NO,0,0
RMPT3162RM002-NVY,NO,0,0
RMPL05162RM010-NVY,NO,0,0
LFST3162SW003-BRN,NO,0,0
RMPL05162RM010-WHT,NO,0,0
RMJS3162RM006-WHT,NO,0,0
Y1284A,NO,0,0
LFPJ3162SW001-NVY,NO,0,0
LFPJ3162SW002-WHT,NO,0,0
LFPJ3162SW004-WHT,NO,0,0
LFPJ3162SW005-WHT,NO,0,0
LFPJ3162SW006-WHT,NO,0,0
LFPJ3162SW007-WHT,NO,0,0
LFSB5162SW001-BLK,NO,0,0
LFSB5162SW012-BLK,NO,0,0
LFSB5162SW011-BLK,NO,0,0
LFSB5162SW010-RED,NO,0,0
LFSB5162SW014,NO,0,0
LFSB5162SW009,NO,0,0
LFSB5162SW013-BLK,NO,0,0
LFSB5162SW008,NO,0,0
LFSB5162SW006,NO,0,0
LFSB5162SW005,NO,0,0
EU537-CHAHOR-NBA,NO,0,0
EU537-NYKNICKS-NBA,NO,0,0
EU537-ORLMAGIC-NBA,NO,0,0
EU537-SASPURS-NBA,NO,0,0
EU537-LAKING-NHL,NO,0,0
EU537-NYRANGE-NHL,NO,0,0
EU537-ANADUCKS-NHL,NO,0,0
EU544-BRA-BLUE,NO,0,0
EU693-CHAHOR-HWC,NO,0,0
EU693-NYKNIC-NHL,NO,0,0
EU693-NYRANG-NHL,NO,0,0
EU693-BRA-BLK,NO,0,0
EU501-LALAKERS-NBA,NO,0,0
EU501-ANADUCKS-NHL,NO,0,0
EU501-LAKINGS-NHL,NO,0,0
EU501-NYRANGE-NHL,NO,0,0
EU520-BRA-BLK,NO,0,0
EU520-BRA-RED,NO,0,0
EU520-BRA-GREY,NO,0,0
EU525-LALAKERS-NBA,NO,0,0
EU525-MIAHEAT-NBA,NO,0,0
RMBK05161RM001-BLK,NO,0,0
RMBK05161RM001-NVY,NO,0,0
RMBK05161RM002-BLK,NO,0,0
RMBK05161RM002-NVY,NO,0,0
RMBK05161RM003-GRY,NO,0,0
RMBK05161RM003-NVY,NO,0,0
RMDB05161RM001-BLK,NO,0,0
RMDB05161RM001-NVY,NO,0,0
RMJK05161RM001-BLK,NO,0,0
RMJK05161RM001-WHT,NO,0,0
RMJK05161RM002-FBL,NO,0,0
RMJK05161RM002-NVY,NO,0,0
RMJS03161RM001-BLK,NO,0,0
RMJS03161RM001-NVY,NO,0,0
RMJS03161RM001-WHT,NO,0,0
RMJS03161RM004-BLK,NO,0,0
RMJS03161RM004-NVY,NO,0,0
RMJS03161RM005-BLK,NO,0,0
RMJS03161RM005-NVY,NO,0,0
RMJS03161RM005-WHT,NO,0,0
RMJS05161RM001-BLK,NO,0,0
RMJS05161RM001-NVY,NO,0,0
RMJS05161RM001-WHT,NO,0,0
RMJS05161RM002-CGR,NO,0,0
RMJS05161RM002-NVY,NO,0,0
RMJS05161RM002-WHT,NO,0,0
RMJS05161RM003-BLK,NO,0,0
RMJS05161RM003-NVY,NO,0,0
RMJS05161RM003-WHT,NO,0,0
RMJS05161RM004-BLK,NO,0,0
RMJS05161RM004-CGR,NO,0,0
RMJS05161RM004-NVY,NO,0,0
RMJS05161RM005-BLK,NO,0,0
RMJS05161RM005-NVY,NO,0,0
RMJS05161RM005-WHT,NO,0,0
RMMB05161RM001-BLK,NO,0,0
RMMB05161RM001-NVY,NO,0,0
RMMB05161RM001-WHT,NO,0,0
RMMB05161RM002-BLK,NO,0,0
RMMB05161RM002-GRY,NO,0,0
RMMB05161RM002-NVY,NO,0,0
RMPL03161RM006-NVY,NO,0,0
RMPL03161RM006-WHT,NO,0,0
RMPL03161RM008-FBL,NO,0,0
RMPL03161RM008-NVY,NO,0,0
RMPL03161RM009-NVY,NO,0,0
RMPL03161RM009-WHT,NO,0,0
RMPL05161RM006-NVY,NO,0,0
RMPL05161RM006-WHT,NO,0,0
RMPL05161RM007-NVY,NO,0,0
RMPL05161RM007-WHT,NO,0,0
RMPL05161RM008-FBL,NO,0,0
RMPL05161RM008-NVY,NO,0,0
RMPL05161RM009-NVY,NO,0,0
RMPL05161RM009-WHT,NO,0,0
RMPT05161RM001-BLK,NO,0,0
RMPT05161RM001-FBL,NO,0,0
RMPT05161RM001-NVY,NO,0,0
RMSH03161RM001-BLK,NO,0,0
RMSH03161RM001-CGR,NO,0,0
RMSH03161RM001-FBL,NO,0,0
RMSH03161RM001-NVY,NO,0,0
RMSH03161RM002-BLK,NO,0,0
RMSH03161RM002-NVY,NO,0,0
RMSH03161RM004-BLK,NO,0,0
RMSH03161RM004-NVY,NO,0,0
RMSH03161RM004-RGR,NO,0,0
RMSH05161RM001-BLK,NO,0,0
RMSH05161RM001-CGR,NO,0,0
RMSH05161RM001-FBL,NO,0,0
RMSH05161RM001-NVY,NO,0,0
RMSH05161RM002-BLK,NO,0,0
RMSH05161RM002-NVY,NO,0,0
RMSH05161RM004-RGR,NO,0,0
RMTS03161RM020-BLK,NO,0,0
RMTS03161RM020-NVY,NO,0,0
RMTS03161RM020-RGR,NO,0,0
RMTS03161RM021-BLK,NO,0,0
RMTS03161RM021-NVY,NO,0,0
RMTS03161RM021-RGR,NO,0,0
RMTS03161RM022-BLK,NO,0,0
RMTS03161RM022-NVY,NO,0,0
RMTS03161RM022-WHT,NO,0,0
RMTS03161RM024-BLK,NO,0,0
RMTS03161RM024-NVY,NO,0,0
RMTS03161RM024-WHT,NO,0,0
RMTS03161RM025-NVY,NO,0,0
RMTS03161RM025-RGR,NO,0,0
RMTS03161RM025-WHT,NO,0,0
RMTS05161RM022-BLK,NO,0,0
RMTS05161RM022-NVY,NO,0,0
RMTS05161RM022-WHT,NO,0,0
RMTS05161RM024-BLK,NO,0,0
RMTS05161RM024-NVY,NO,0,0
RMTS05161RM024-WHT,NO,0,0
RMTS05161RM025-NVY,NO,0,0
RMTS05161RM025-RGR,NO,0,0
RMTS05161RM025-WHT,NO,0,0
EU525-ANADUCKS-NHL,NO,0,0
EU789-BOSCEL-BLK,NO,0,0
EU545-BRA-WHT,NO,0,0
EU557-MIAHEA-NBA,NO,0,0
EU557-NYKNICS-NBA,NO,0,0
EU557-ORLMAGIC-NBA,NO,0,0
EU668-BRA-WHT,NO,0,0
EU668-BRA-NVY,NO,0,0
EU668-BRA-BUR,NO,0,0
EU668-BRA-GREY,NO,0,0
EU515-NYKNICKS-NBA,NO,0,0
EU515-ORLMAGIC-NBA,NO,0,0
EU503-BRONETS,NO,0,0
EU503-LACLIPPERS,NO,0,0
EU503-OKCTHUNDERS,NO,0,0
EU724-BRONETS-NBA,NO,0,0
EU724-LOGOMAN-NBA,NO,0,0
EU694-BRONET-WHT,NO,0,0
EU694-SASPUR-WHT,NO,0,0
EU700-BRA-FLOTAN,NO,0,0
EU789-LALAKE-BLK,NO,0,0
EU789-SASPUR,NO,0,0
7906YD,NO,0,0
EU529-BRONET-BLK,NO,0,0
7907YD,NO,0,0
4943YD,NO,0,0
EU529-MIAHEA-BLK,NO,0,0
EU545-BRA-BLK,NO,0,0
VV16Z-OAKCIT-BLU,NO,0,0
EU1001-UTAJAZ-DE,NO,0,0
EU545-BRA-GREYMARL,NO,0,0
EU1001-SASPUR-DE,NO,0,0
EU1001-SACKIN-DE,NO,0,0
EU545-BRA-BUR,NO,0,0
EU1001-ORLMAG-DE,NO,0,0
EU1001-OAKCIT-DE,NO,0,0
EU545-BRA-NVY,NO,0,0
CSBL-HD16-01,NO,0,0
CSBL-HD16-02,NO,0,0
EU336-BRA-BLK,NO,0,0
EU336-BRA-CAM,NO,0,0
EU784-BRA-GRHBLK,NO,0,0
NL99Z-NYKNICS-BLK,NO,0,0
NL99Z-SASPURS-BLK,NO,0,0
NM04Z-LACLIP-BLU,NO,0,0
NM04Z-SASPUR-BLK,NO,0,0
NM04Z-DETPIS-BLU,NO,0,0
EU494-BOSCEL-GRH,NO,0,0
EU494-CHIBUL-GRH,NO,0,0
EU494-LALAKE-GRH,NO,0,0
EU494-CHAHOR-GRH,NO,0,0
EU494-MIAHEA-GRH,NO,0,0
EU496-BOSCEL-GRE,NO,0,0
EU496-BRONET-BLK,NO,0,0
EU496-CHIBUL-BUR,NO,0,0
EU496-CHIBUL-BLK,NO,0,0
EU496-CLECAV-BUR,NO,0,0
EU496-LALAKE-BLU,NO,0,0
EU496-MIAHEA-CHA,NO,0,0
EU496-ANHDUC-CHA,NO,0,0
EU496-GEOHOY-GRY,NO,0,0
EU496-SASPUR-TEA,NO,0,0
EU496-NOTDAM-NVY,NO,0,0
EU526-BRA-BLK,NO,0,0
EU691-BRA-BLK,NO,0,0
EU691-CHIBUL-RED,NO,0,0
EU691-NYKNIC-BLU,NO,0,0
EU691-PHIL76-BLK,NO,0,0
EU691-LAKING-BLK,NO,0,0
EU691-NYRANG-BLUS,NO,0,0
EU726-BRONET-GRY,NO,0,0
EU726-LALAKE-GRY,NO,0,0
EU726-NYKNIC-GRY,NO,0,0
EU726-SASPUR-GRY,NO,0,0
EU726-CHIBUL-GRY,NO,0,0
EU726-CLECAV-GRY,NO,0,0
EU726-MIAHEA-GRY,NO,0,0
VJ52Z-BRA-CRM,NO,0,0
VI10Z-BRONET-CRM,NO,0,0
VI10Z-CHIBUL-CRM,NO,0,0
VI10Z-LALAKE-CRM,NO,0,0
VI10Z-MIAHEA-CRM,NO,0,0
VI10Z-NYKNIC-CRM,NO,0,0
EU864-BRA-BLK,NO,0,0
EU865-BRA-BLK,NO,0,0
VJ66Z-CHIBUL-LBLU,NO,0,0
VJ66Z-SASPUR-LBLU,NO,0,0
VJ67Z-NYKNIC-GRN,NO,0,0
VJ70Z-BRA-BLU,NO,0,0
VJ70Z-BRA-GRE,NO,0,0
VJ70Z-BRA-PIN,NO,0,0
VK66Z-BRONET-GRY,NO,0,0
VK66Z-CHAHOR-PUR,NO,0,0
VK66Z-CHIBUL-BLK,NO,0,0
VK66Z-CLECAV-YEL,NO,0,0
VK66Z-LALAKE-YEL,NO,0,0
VK66Z-MIAHEA-BLK,NO,0,0
VK66Z-NYKNIC-ROY,NO,0,0
VI11Z-BOSCEL-WHT,NO,0,0
VI11Z-BRONET-WHT,NO,0,0
VI11Z-CLECAV-WHT,NO,0,0
VI11Z-LALAKE-WHT,NO,0,0
VI11Z-MIAHEA-WHT,NO,0,0
VI11Z-NYKNIC-WHT,NO,0,0
VI13Z-CLECAV-BUR,NO,0,0
VI13Z-MIAHEA-BLK,NO,0,0
EU783-CHAHOR-BLK,NO,0,0
EU783-MIAHEA-BLK,NO,0,0
EU783-OAKCIT-BLK,NO,0,0
EU783-PORTRA-BLK,NO,0,0
EU783-SACKIN-BLK,NO,0,0
EU783-WASWIZ-BLK,NO,0,0
EU783-INDPAC-BLK,NO,0,0
EU783-LALAKE-BLK,NO,0,0
EU783-NYKNIC-BLK,NO,0,0
EU1001-NYKNIC-DE,NO,0,0
EU1001-MINTIM-DE,NO,0,0
CSBL-HD16CRVD-01,NO,0,0
CSBL-HD16CRVD-02,NO,0,0
CSBL-HD16CRVD-03,NO,0,0
WL-CAYHD16CRVD-07,NO,0,0
WL-CAYHD16CRVD-01,NO,0,0
WL-CAYHD16CRVD-02,NO,0,0
CL-CAYHD16CRVD-02,NO,0,0
WL-CAY-HD16-01,NO,0,0
WL-CAY-HD16-03,NO,0,0
CL-CAY-HD16-01,NO,0,0
WL-CAY-HD16-02,NO,0,0
WL-CAY-HD16-04,NO,0,0
CLASSIC-CAYSU16-01,NO,0,0
CLASSIC-CAYSU16-02,NO,0,0
CL-CAY-HD16-03,NO,0,0
CLASS-CAYAW16-02,NO,0,0
CLASS-CAYSU16-06,NO,0,0
CLASS-CAYSU16-08,NO,0,0
KW14Z-GOLWAR-GRY,NO,0,0
KW14Z-CHIBUL-GRY,NO,0,0
EZ16Z-SASPUR-GRY,NO,0,0
EZ16Z-GOLWAR-BLK,NO,0,0
EZ16Z-CLECAV-NVY,NO,0,0
EZ16Z-CHIBUL-BLK,NO,0,0
EU1076-LAKING-GR,NO,0,0
EU954-VANCAN-GRY,NO,0,0
EU954-SANSHA-GRY,NO,0,0
EU954-PITPEN-GRY,NO,0,0
EU954-LAKING-GRY,NO,0,0
EU954-DETRED-GRY,NO,0,0
EU954-CHIBLA-GRY,NO,0,0
145VZ-CLECAV-BUR,NO,0,0
146VZ-CLECAV-NVY,NO,0,0
VV09Z-NYKNIC-BLK,NO,0,0
147VZ-CLECAV-BUR,NO,0,0
147VZ-CLECAV-NVY,NO,0,0
VV09Z-MIAHEA-BLK,NO,0,0
VV09Z-GOLWAR-BLK,NO,0,0
EU954-CHAHOR-GRY,NO,0,0
EU954-BRONET-GRY,NO,0,0
EU954-BOSCEL-GRY,NO,0,0
EU954-ATLHAW-GRY,NO,0,0
EU954-NYBULL-GRY,NO,0,0
EU954-LAGALA-GRY,NO,0,0
EU954-VANGRI-GRY,NO,0,0
EU954-HOUROC-GRY,NO,0,0
EU954-BRA-GRYRED,NO,0,0
EU954-BRA-GRYBLU,NO,0,0
EU954-BRA-GRYBLK,NO,0,0
VV22Z-MONMAR-BUR,NO,0,0
VV22Z-LAKING-GRY,NO,0,0
VV22Z-BOSBRU-BLK,NO,0,0
VV21Z-SANSHA-BLK,NO,0,0
VV21Z-PITPEN-BLK,NO,0,0
VV19Z-TORRAP-BLK,NO,0,0
VV19Z-SASPUR-BLK,NO,0,0
VV19Z-OAKCIT-BLK,NO,0,0
VV19Z-NYKNIC-BLK,NO,0,0
VV19Z-MIAHEA-BLK,NO,0,0
VV19Z-LALAKE-BLK,NO,0,0
VV19Z-GOLWAR-BLK,NO,0,0
VV19Z-CLECAV-BLK,NO,0,0
VV19Z-CHIBUL-BLK,NO,0,0
VV19Z-BRONET-BLK,NO,0,0
VV19Z-BOSCEL-BLK,NO,0,0
VV23Z-NYBULL-BLK,NO,0,0
VV25Z-ANHDUC-BLK,NO,0,0
VV24Z-TORRAP-RED,NO,0,0
VV24Z-SASPUR-BLK,NO,0,0
VV24Z-NYKNIC-RYL,NO,0,0
VV24Z-MIAHEA-BLK,NO,0,0
VV24Z-GOLWAR-RYL,NO,0,0
VV24Z-CLECAV-NVY,NO,0,0
VV24Z-CHIBUL-BLK,NO,0,0
VV24Z-BOSCEL-GRE,NO,0,0
EU1001-CHIBLA-DE,NO,0,0
EU1001-MIAHEA-DE,NO,0,0
EU1001-GOLWAR-DE,NO,0,0
EU1001-CHIBUL-DE,NO,0,0
EU1001-BRONET-DE,NO,0,0
VV23Z-LAGALA-BLK,NO,0,0
EU1001-TORRAP-DE,NO,0,0
EU1001-CLECAV-DE,NO,0,0
VU78Z-TORRAP-BLK,NO,0,0
VU78Z-SASPUR-BLK,NO,0,0
VU78Z-PORTRA-GRY,NO,0,0
VU78Z-LACLIP-BLU,NO,0,0
VU78Z-GOLWAR-BLU,NO,0,0
VU78Z-CLECAV-BUR,NO,0,0
VU78Z-CHIBUL-BLK,NO,0,0
VU78Z-BRONET-BLK,NO,0,0
VV39Z-NYCFC-CRMG,NO,0,0
VV39Z-NYBULL-CRM,NO,0,0
VV39Z-NEREVO-CRM,NO,0,0
VV39Z-MONIMP-CRM,NO,0,0
VV39Z-CHIFIR-CRM,NO,0,0
VV28Z-VANGRI-BLK,NO,0,0
VV28Z-UTAJAZ-BLK,NO,0,0
VV28Z-TORRAP-BLK,NO,0,0
VV28Z-SASPUR-BLK,NO,0,0
VV28Z-SACKIN-GRY,NO,0,0
VV28Z-MINLAK-BLU,NO,0,0
VV28Z-GOLWAR-BLK,NO,0,0
VV28Z-CLECAV-BUR,NO,0,0
VV28Z-CHIBUL-BLK,NO,0,0
VV28Z-CHAHOR-BLK,NO,0,0
VV37Z-GOLWAR-CRM,NO,0,0
VV37Z-CLECAV-CRM,NO,0,0
MCTS317107-WHT,NO,0,0
MCTS317107-NVY,NO,0,0
MCTS317109-BLK,NO,0,0
MCTS317109-WHT,NO,0,0
BCJS517107-PUR,NO,0,0
UMBK5171001-BLK,NO,0,0
BCJS517103-NVY,NO,0,0
BCJS517104-NVY,NO,0,0
BCJS517104-NV2,NO,0,0
BCJS517105-NVY,NO,0,0
BCJS517105-PUR,NO,0,0
BCJS517105-NV2,NO,0,0
BCSH517101-NVY,NO,0,0
BCSH517104-NVY,NO,0,0
6683GD,NO,0,0
F2968Z,NO,0,0
4421FD,NO,0,0
6686GD,NO,0,0
6685GD,NO,0,0
9973GT,NO,0,0
9974GT,NO,0,0
7263GD,NO,0,0
F2968D,NO,0,0
7249FZ,NO,0,0
7452GT,NO,0,0
4296FZ,NO,0,0
7249FT,NO,0,0
9635GT,NO,0,0
FFFPQ1,NO,0,0
FFFPQ2,NO,0,0
6900YZ,NO,0,0
4421FZ,NO,0,0
F2756T,NO,0,0
1001FD,NO,0,0
4184FZ,NO,0,0
7180FD,NO,0,0
5220FZ,NO,0,0
6901YT,NO,0,0
6506GT,NO,0,0
6507GT,NO,0,0
5226FT,NO,0,0
6309FT,NO,0,0
6539FD,NO,0,0
6541FT,NO,0,0
FFFPQ3,NO,0,0
DSBR03161JA001,NO,0,0
DSBR03161MK001,NO,0,0
VV37Z-CHIBUL-CRM,NO,0,0
VV27Z-GOLWAR-BLU,NO,0,0
VV27Z-CLECAV-NVY,NO,0,0
VV27Z-CHIBUL-BLK,NO,0,0
VV30Z-NYISLA-BLU,NO,0,0
VV30Z-MONMAR-BUR,NO,0,0
VV30Z-LAKING-BLK,NO,0,0
VV30Z-DETRED-RED,NO,0,0
VV30Z-CALFLA-RED,NO,0,0
VV30Z-BROAME-BLU,NO,0,0
VV39Z-TOROFC-CRM,NO,0,0
VV53Z-PCS-BLK,NO,0,0
VV53Z-LOA-BLK,NO,0,0
VV53Z-LBA-BLK,NO,0,0
VV53Z-GIN-BLK,NO,0,0
VV53Z-CPK-BLK,NO,0,0
VV53Z-CAN-BLK,NO,0,0
VV53Z-AS1-BLK,NO,0,0
VV53Z-AQ2-BLK,NO,0,0
VV53Z-SCR-BLK,NO,0,0
VV53Z-SGT-BLK,NO,0,0
VV53Z-TAR-BLK,NO,0,0
VV53Z-VIG-BLK,NO,0,0
VU93Z-TORRAP-GRY,NO,0,0
VU93Z-SASPUR-GRY,NO,0,0
VU93Z-SACKIN-GRY,NO,0,0
VU93Z-NYNETS-GRY,NO,0,0
VU93Z-NYKNIC-GRY,NO,0,0
VU93Z-HOUROC-GRY,NO,0,0
VU93Z-GOLWAR-GRY,NO,0,0
VU93Z-CLECAV-GRY,NO,0,0
VU93Z-CHIBUL-GRY,NO,0,0
VU93Z-CHAHOR-GRY,NO,0,0
VU93Z-BOSCEL-GRY,NO,0,0
VU93Z-BALBUL-GRH,NO,0,0
VU93Z-ATLHAW-GRH,NO,0,0
VU12Z-PITPEN-BLK,NO,0,0
VU12Z-PHIFLY-BLK,NO,0,0
VU12Z-OTTSEN-BLK,NO,0,0
VU12Z-LAKING-BLK,NO,0,0
VU12Z-DETRED-RED,NO,0,0
VU12Z-CHIBLA-BLK,NO,0,0
VU12Z-CALGOL-GRE,NO,0,0
VU12Z-CALFLA-RED,NO,0,0
VU12Z-BROAME-RYL,NO,0,0
VU12Z-BOSBRU-BLK,NO,0,0
VU12Z-ATLFLA-RED,NO,0,0
MCPJ03161MG001-NVY,NO,0,0
MCPJ03161SM002-NVY,NO,0,0
MCPJ03161SM002-RED,NO,0,0
MCTS03162CM002-RED,NO,0,0
MCTS03162CM002-NVY,NO,0,0
MCTS03162CM002-WHT,NO,0,0
MCTS03162CM003-NVY,NO,0,0
MCTS03162CM003-WHT,NO,0,0
MCTS03162HK002-NVY,NO,0,0
MCTS03162HK002-WHT,NO,0,0
MCTS03162I001-RED,NO,0,0
MCTS03162I001-NVY,NO,0,0
MCTS03162TH003-NVY,NO,0,0
MCTS03162TH003-WHT,NO,0,0
MCTS03162TH004-NVY,NO,0,0
MCTS03162TH004-WHT,NO,0,0
MCTS03162SM001-RED,NO,0,0
MCTS03162SM001-NVY,NO,0,0
MCTS03162SM001-WHT,NO,0,0
MCTS03162SM002-RED,NO,0,0
MCTS03162SM002-NVY,NO,0,0
MCTS03162SM002-WHT,NO,0,0
MCTS03162SM004-RED,NO,0,0
MCTS03162SM004-NVY,NO,0,0
MCTS03162SM004-WHT,NO,0,0
MCTS03162SM005-RED,NO,0,0
MCTS03162SM005-BLU,NO,0,0
MCTS03162SM005-WHT,NO,0,0
MCSH3162SM002-RED,NO,0,0
MCSH3162MG001-RED,NO,0,0
MCSH3162MG001-NVY,NO,0,0
MCSH3162MG001-BLU,NO,0,0
MCSH3162MG001-BLK,NO,0,0
MCSH3162MG002-BLU,NO,0,0
MCSH3162MG002-NVY,NO,0,0
MCPJ03161CM003-NVY,NO,0,0
MCPJ03161CM003-GRY,NO,0,0
MCPJ03161I001-GRY,NO,0,0
MCPJ03161I001-WHT,NO,0,0
MCPJ03161MG001-BLU,NO,0,0
BCJS5162BC001-PUR,NO,0,0
BCJS5162BC002-NVY,NO,0,0
MCPJ03161CM001-BLU,NO,0,0
MCPJ03161CM001-NVY,NO,0,0
BCJS5162BC001-NVY,NO,0,0
BCJS5162BC001-BLK,NO,0,0
BCJS5162BC002-GRN,NO,0,0
BCJS5162BC002-PUR,NO,0,0
BCJS5162BC003-RED,NO,0,0
BCJS5162BC003-NVY,NO,0,0
BCSH5162BC001-BLK,NO,0,0
BCSH5162BC001-NVY,NO,0,0
BCSH5162BC001-PUR,NO,0,0
BCSH5162BC003-NVY,NO,0,0
BCSH5162BC003-BLK,NO,0,0
BCJK5162BC001-NVY,NO,0,0
BCJK5162BC001-BLK,NO,0,0
BCJK5162BC001-PUR,NO,0,0
BCJK5162BC002-RED,NO,0,0
BCPT5162BC001-NVY,NO,0,0
BCPT5162BC001-BLK,NO,0,0
BCPT5162BC001-PUR,NO,0,0
BCJS3162BC001-NVY,NO,0,0
BCJS3162BC001-BLK,NO,0,0
BCJS3162BC002-NVY,NO,0,0
BCJS3162BC002-GRN,NO,0,0
BCJS3162BC002-PUR,NO,0,0
BCJS3162BC003-RED,NO,0,0
BCJS3162BC003-NVY,NO,0,0
BCSH3162BC001-BLK,NO,0,0
BCSH3162BC001-NVY,NO,0,0
BCSH3162BC001-PUR,NO,0,0
BCSH3162BC003-NVY,NO,0,0
BCSH3162BC003-BLK,NO,0,0
BCPL5162BC001-RED,NO,0,0
MCPJ03161TH002-NVY,NO,0,0
FFFPQ5,NO,0,0
MCPJ03161TH002-BLU,NO,0,0
FFFPQ6,NO,0,0
F1300A,NO,0,0
MCPJ03161HK001-NVY,NO,0,0
4897FA,NO,0,0
F1360A,NO,0,0
MCPJ03161HK001-GRY,NO,0,0
4626FA,NO,0,0
MCPJ03161DD001-GRY,NO,0,0
BCJS3162BC003-PUR,NO,0,0
7894FD,NO,0,0
MCPJ03161MG002-NVY,NO,0,0
MCPJ03161MG002-GRY,NO,0,0
6673FH,NO,0,0
7200FD,NO,0,0
1795FH,NO,0,0
1789FT,NO,0,0
1979FF,NO,0,0
4319FH,NO,0,0
4320FH,NO,0,0
F2865T,NO,0,0
4627F1,NO,0,0
4532FH,NO,0,0
4510FT,NO,0,0
F58302,NO,0,0
F58301,NO,0,0
4316FH,NO,0,0
6198FH,NO,0,0
7140FF,NO,0,0
4220FT,NO,0,0
7828QF,NO,0,0
6509GT,NO,0,0
7264GF,NO,0,0
7454GT,NO,0,0
9797GF,NO,0,0
9796GF,NO,0,0
4654FU,NO,0,0
5171FU,NO,0,0
82005D,NO,0,0
82008A,NO,0,0
82209D,NO,0,0
22143T,NO,0,0
47560T BLK,NO,0,0
47560T BLC,NO,0,0
47560T WHT,NO,0,0
47560T WTE,NO,0,0
47450T,NO,0,0
MVBX3152MC003-BLK,NO,0,0
MVBX3152AV002-BLU,NO,0,0
MVBX3152MC002-BLU,NO,0,0
47869D  (10-13),NO,0,0
47869D  (9-11),NO,0,0
47872T  (10-13),NO,0,0
47872T  (9-11),NO,0,0
BCJS3162BC001-PUR,NO,0,0
BCSB3162BC002-NVY,NO,0,0
BCSB3162BC002-BLU,NO,0,0
BCSB3162BC002-BLK,NO,0,0
BCSB3162BC003-NVY,NO,0,0
BCSB3162BC003-BLU,NO,0,0
BCSB3162BC003-BLK,NO,0,0
BCSB3162BC004-NVY,NO,0,0
BCSB3162BC004-BLK,NO,0,0
BCSB3162BC005-NVY,NO,0,0
BCSB3162BC005-RED,NO,0,0
BCSB3162BC006-BLK,NO,0,0
BCSB3162BC006-NVY,NO,0,0
BCSB3162BC007-NVY,NO,0,0
BCSB3162BC008-NVY,NO,0,0
BCSB5162BC005-NVY,NO,0,0
BCSB5162BC005-RED,NO,0,0
BCSB5162BC002-NVY,NO,0,0
BCSB5162BC002-BLU,NO,0,0
BCSB5162BC002-BLK,NO,0,0
BCSB5162BC007-NVY,NO,0,0
BCSB5162BC004-NVY,NO,0,0
BCSB5162BC004-BLK,NO,0,0
BCSB5162BC006-BLK,NO,0,0
BCSB5162BC003-NVY,NO,0,0
BCSB5162BC003-BLU,NO,0,0
MCPJ03161SM001-RED,NO,0,0
MCPJ03161SM001-BLU,NO,0,0
MCPJ03161TH001-NVY,NO,0,0
MCPJ03161TH001-GRY,NO,0,0
MCPJ03161CM002-BLU,NO,0,0
MCPJ03161CM002-MGR,NO,0,0
BCPL5162BC001-NVY,NO,0,0
BCJS5162BC003-PUR,NO,0,0
DSBR04161DJ001,NO,0,0
DSBR04161FZ001,NO,0,0
DSBR04161MN001,NO,0,0
DSBR04161PS001,NO,0,0
MCSH3161MG003-BLK,NO,0,0
MCSH3161MG003-BLU,NO,0,0
MCSH3161MG003-NVY,NO,0,0
MCSH3161SM003-BLK,NO,0,0
MCSH3161SM003-NVY,NO,0,0
MCSH3161SM003-RED,NO,0,0
MCTS3161CM001-NVY,NO,0,0
MCTS3161CM001-RED,NO,0,0
MCTS3161CM001-WHT,NO,0,0
MCTS3161CM002-NVY,NO,0,0
MCTS3161CM002-RED,NO,0,0
MCTS3161CM003-NVY,NO,0,0
MCTS3161CM003-RED,NO,0,0
MCTS3161CM004-BLK,NO,0,0
MCTS3161CM004-NVY,NO,0,0
MCTS3161CM005-NVY,NO,0,0
DSCC03161CA001,NO,0,0
DSSS03161CA001,NO,0,0
DSSS04161FZ001,NO,0,0
MCSH3161CM003-BLK,NO,0,0
MCTS3161CM005-RED,NO,0,0
MCTS3161I001-BLK,NO,0,0
MCTS3161I001-RED,NO,0,0
MCTS3161MG001-NVY,NO,0,0
MCTS3161MG001-RED,NO,0,0
MCTS3161MG001-WHT,NO,0,0
MCTS3161MG002-NVY,NO,0,0
MCTS3161MG002-RED,NO,0,0
4627FA,NO,0,0
MVSB3162CM002-BLU,NO,0,0
4629FA,NO,0,0
7895FD,NO,0,0
7897FD,NO,0,0
7904FD,NO,0,0
MCSB5162MG001-BLK,NO,0,0
MCSB5162CM001-WHT,NO,0,0
MVSB5162CM002-NVY,NO,0,0
MVSB5162I001-RED,NO,0,0
MVSB3162CM002-NVY,NO,0,0
MVSB3162I001-RED,NO,0,0
MVSB3162SM001-BLK,NO,0,0
MCSB3162SM002-RED,NO,0,0
MVSB3162CM003-BLK,NO,0,0
MVSB3162I002-RED,NO,0,0
MVSB3162I003-RED,NO,0,0
MVSB3162AV002-BLK,NO,0,0
MVSB3162AV003-NVY,NO,0,0
MVSB3162AV007-WHT,NO,0,0
F4154O,NO,0,0
F15001,NO,0,0
MCSH3161CM003-BLU,NO,0,0
MCSH3161CM003-NVY,NO,0,0
MCTS3161MG002-WHT,NO,0,0
MCTS3161MG003-BLK,NO,0,0
MCTS3161MG003-NVY,NO,0,0
BCSB5162BC003-BLK,NO,0,0
BCSB5162BC008-NVY,NO,0,0
DSSB3162CA001-RED,NO,0,0
DSSB3162CA002-RED,NO,0,0
DSSB3162CA004-RED,NO,0,0
DSSB3162MK001-BLU,NO,0,0
DSSB3162MK002-NVY,NO,0,0
DSSB3162MK004-NVY,NO,0,0
DSSB3162MK005-GRY,NO,0,0
DSSB4162SO002-PUR,NO,0,0
DSSB4162FZ001-PUR,NO,0,0
DSSB4162FZ002-PUR,NO,0,0
DSSB4162FZ003-PUR,NO,0,0
DSSB4162FZ004-PUR,NO,0,0
DSSB3162MK003-NVY,NO,0,0
DSSB3162CA003-RED,NO,0,0
DSSB4162MN001-PUR,NO,0,0
DSSB4162MN002-PNK,NO,0,0
DSSB4162SO001-PUR,NO,0,0
DSSB4162SO003-PUR,NO,0,0
DSBK03161CA001,NO,0,0
DSBK04161DJ001,NO,0,0
DSBK04161FZ001,NO,0,0
DSBR03161CA001,NO,0,0
MCTS3161MG003-WHT,NO,0,0
MCTS3161SM001-BLK,NO,0,0
MCTS3161SM001-RED,NO,0,0
MCTS3161SM001-WHT,NO,0,0
MCTS3161SM002-BLK,NO,0,0
MCTS3161SM002-RED,NO,0,0
MCTS3161SM003-BLK,NO,0,0
MCTS3161SM003-NVY,NO,0,0
MCTS3161SM003-RED,NO,0,0
MCTS3161SM004-BLK,NO,0,0
MCTS3161SM004-NVY,NO,0,0
MCTS3161SM004-RED,NO,0,0
MVBK03161AV001,NO,0,0
MVBR0316AV001,NO,0,0
MVCC03161AV001,NO,0,0
F1306D,NO,0,0
G4082D,NO,0,0
G4083D,NO,0,0
G4084D,NO,0,0
G4103D,NO,0,0
81900U-EH6,NO,0,0
81900U-FC6,NO,0,0
81900U-K95,NO,0,0
81900U-LNH,NO,0,0
81900U-N84,NO,0,0
ACHD5232001-GRY,NO,0,0
ACTS5232004-WHT,NO,0,0
UNHVTS622202-NVY,SI,0,0
UNGTSW622202-BLK,SI,0,0
UNHVTS622203-WHT,SI,0,0
UNHVCT622202-GRY,SI,0,0
UNHVCT622203-BEI,SI,0,0
UNHVCT622202-RED,SI,0,0
UNHVCT622202-WHT,SI,0,0
UNLSSW522201-NVY,SI,0,0
UNHVSW522202-RED,SI,0,0
UNHVSW522202-BLK,SI,0,0
UNHVPT622201-GRY,SI,0,0
UNCASW622201-TEAL,SI,0,0
UNCASW622201-RED,SI,0,0
UNCASW622201-GRY,SI,0,0
UNHVSW622202-RED,SI,0,0
UNHVSW622202-BEI,SI,0,0
UNHVSW622202-GRY,SI,0,0
UNYLSW622201-WHT,SI,0,0
UNYLSW622201-NVY,SI,0,0
UNYLSW622201-GRY,SI,0,0
UNYLSH622201-GRY,SI,0,0
UNYLSB522213-BLK,SI,0,0
UNYLSB522209-BLU,SI,0,0
UNYLPT622201-NVY,SI,0,0
UNYLCT622203-NVY,SI,0,0
UNYLCT622202-NVY,SI,0,0
UNYLCT622201-WHT,SI,0,0
UNYLCT622201-NVY,SI,0,0
UNHVSB522208-RED,SI,0,0
UNYLCT622201-GRY,SI,0,0
UNGTTS522205-OWHT,SI,0,0
UNLSSB522209-PUR,SI,0,0
UNGTTS522204-OWHT,NO,0,0
BCCA523101-BLK,SI,0,0
BCCA523106-DGRY,SI,0,0
UNHVSB522202-RED,SI,0,0
UNHVSB522206-BLK,SI,0,0
UNYLTS522201-BLK,SI,0,0
UNYLTS522202-WHT,SI,0,0
UNHVTS522204-RED,SI,0,0
UNHVPT522202-GRY,SI,0,0
UNHVTS522203-BLK,SI,0,0
UNHVTS522201-BLK,SI,0,0
UNHVTS522203-GRY,SI,0,0
UNHVTS522202-GRY,SI,0,0
UNGTTS522205-WHT,NO,0,0
UNHVHD522201-BLK,SI,0,0
UNHVHD522201-GRY,SI,0,0
UNCAHD522201-BLK2,SI,0,0
UNCAHD522201-BLK,SI,0,0
UNGTCT622202-WHT,SI,0,0
UNYLSW522202-GRY,SI,0,0
UNYLSW522202-NVY,SI,0,0
UNHVTS522204-BLK,SI,0,0
UNHVTS522204-WHT,SI,0,0
UNHVSH522201-GRY,SI,0,0
UNGTSW622201-GRY,SI,0,0
UNHVSH522201-WIN,SI,0,0
UNHVTS522203-RED,SI,0,0
UNHVTS522201-WIN,SI,0,0
UNGTSW622201-WHT,SI,0,0
UNHVTS522202-RED,SI,0,0
UNYLSW522203-NVY,SI,0,0
UNGTTS522204-WHT,SI,0,0
UNYLTS522207-WHT,SI,0,0
UNCASH522201-RED,SI,0,0
UNCASH522201-BLK,SI,0,0
UNCATS522202-RED,SI,0,0
UNCATS522202-WHT,SI,0,0
UNYLTS522208-BLK,SI,0,0
UNYLTS522209-BLU,SI,0,0
UNGTTS522202-WHT,SI,0,0
UNYLJK522201-NVY2,SI,0,0
UNYLHD522204-GRY,SI,0,0
UNYLJK522203-BLK,SI,0,0
UNHVJK522202-GRY,SI,0,0
UNGTPT622202-BLK,SI,0,0
UNGTTS522203-GRY,SI,0,0
UNLSHD522202-NVY,SI,0,0
UNYLHD522202-WHT,SI,0,0
UNCAPT622201-RED,SI,0,0
UNGTCT622201-GRY,SI,0,0
MCSH3161MG001-BLK,NO,0,0
MCSH3161MG001-BLU,NO,0,0
MCSH3161MG001-NVY,NO,0,0
OLBK2222-BLK,NO,0,0
OLMU2218-BLK,NO,0,0
AGTS52202-ORG,NO,0,0
OLSPB2221-BLK,NO,0,0
AGTS52201-BLK,NO,0,0
OLHTS52201-BLK,NO,0,0
OLSPB2220-BLK,NO,0,0
OLMU2219-BLK,NO,0,0
OLBC2221-BLK,NO,0,0
AGTS52202-BLK,NO,0,0
OLMB2222-BLK,NO,0,0
OLBL2223-WHT,NO,0,0
OLJS52280-WHT,NO,0,0
OLHTS52202-BLK,NO,0,0
OLHHD52201-WHT,NO,0,0
OLHTS52204-WHT,NO,0,0
ALTS52201-BLK,NO,0,0
ALTS52202-WHT,NO,0,0
21256U-LN5,NO,0,0
21256U-LN6,NO,0,0
21258U-LN5,NO,0,0
21312U-356,NO,0,0
66207U-263,NO,0,0
66199U-038,NO,0,0
66251U-13U,NO,0,0
66199U-060,NO,0,0
66199U-13V,NO,0,0
66199U-263,NO,0,0
66199U-AG9,NO,0,0
66211U-LK5,NO,0,0
66211U-LKA,NO,0,0
66211U-LKE,NO,0,0
66281U-060,NO,0,0
66281U-263,NO,0,0
66207U-13V,NO,0,0
66284U-060,NO,0,0
66284U-7RA,NO,0,0
66284U-LKB,NO,0,0
66108U-060,NO,0,0
66251U-FL3,NO,0,0
66202U-060,NO,0,0
21149U-LQ3,NO,0,0
21151U-DDS,NO,0,0
21151U-LQ3,NO,0,0
21196U-LN5,NO,0,0
21196U-LN6,NO,0,0
65352U-LKC,NO,0,0
21310U-0V6,NO,0,0
66282U-060,NO,0,0
21311U-KDB,NO,0,0
66282U-LKB,NO,0,0
66232U-LL7,NO,0,0
66209U-060,NO,0,0
66209U-263,NO,0,0
66247U-060,NO,0,0
66247U-263,NO,0,0
66200U-060,NO,0,0
66206U-060,NO,0,0
66206U-263,NO,0,0
66206U-LKB,NO,0,0
21280U-LMN,NO,0,0
21282U-LMN,NO,0,0
81082U-FZ9,NO,0,0
21300U-LMZ,NO,0,0
21302U-LMH,NO,0,0
21302U-LMZ,NO,0,0
21304U-LMH,NO,0,0
21304U-LMZ,NO,0,0
55364U-LSX,NO,0,0
55364U-LKM,NO,0,0
81857U-LMN,NO,0,0
55362U-1AP,NO,0,0
81857U-LP4,NO,0,0
55362U-6U8,NO,0,0
81865U-LMN,NO,0,0
55362U-LSY,NO,0,0
81865U-LP4,NO,0,0
55333U-060,NO,0,0
81867U-LMN,NO,0,0
55333U-LKJ,NO,0,0
55333U-Y70,NO,0,0
81868U-LMN,NO,0,0
81897U-090,NO,0,0
81897U-096,NO,0,0
81897U-EH6,NO,0,0
81897U-FC6,NO,0,0
81897U-LNH,NO,0,0
81897U-N84,NO,0,0
81898U-090,NO,0,0
CPBITONS23-RED,NO,0,0
CPBITONS23-CYA,NO,0,0
CPBITONS23-PUR,NO,0,0
CPRHINOS23-NVY,NO,0,0
CPRHINOS23-BLK,NO,0,0
CPRHINOS23-GRY,NO,0,0
CPRRHINOS23-NVY,NO,0,0
CPRRHINOS23-BLK,NO,0,0
CPRRHINOS23-GRY,NO,0,0
CPRBITONS23-RED,NO,0,0
CPRBITONS23-PUR,NO,0,0
CPRBITONS23-CYA,NO,0,0
ALTS52204-LBL,NO,0,0
ALTS52204-BGE,NO,0,0
ALHD52201-BGE,NO,0,0
MUNTS52202-BLK,NO,0,0
MUNTS52203-RED,NO,0,0
VU12Z-ANHDUC-PUR,NO,0,0
LFTS3162RO001-BLU,NO,0,0
LFTS3162RO001-DGR,NO,0,0
LFTS3162RO002-BLK,NO,0,0
LFTS3162RO002-MGR,NO,0,0
LFTS3162RO002-RED,NO,0,0
LFTS3162RO003-BLK,NO,0,0
LFTS3162RO004-MGR,NO,0,0
LFTS3162RO004-BLK,NO,0,0
LFTS3162RO004-WHT,NO,0,0
LFTS3162RO005-BLK,NO,0,0
LFTS3162RO006-BLK,NO,0,0
LFTS3162RO007-BLK,NO,0,0
LFTS3162RO008-DGR,NO,0,0
LFTS3162RO008-WHT,NO,0,0
LFPJ3162RO001-BLK,NO,0,0
LFPJ3162RO002-NVY,NO,0,0
LFPJ3162RO003-BLK,NO,0,0
LFPJ3162RO004-NVY,NO,0,0
LFPJ3162RO005-NVY,NO,0,0
RMPJ3162RM001-SPR,NO,0,0
RMPJ3162RM001-NVY,NO,0,0
RMPJ3162RM003-WHT,NO,0,0
RMPJ3162RM003-GRY,NO,0,0
LFTS3162RO003-RED,NO,0,0
RMSB03162RM005-NVY,NO,0,0
CL-CAY-HD16-02,NO,0,0
CLASS-CAY-SU16-08,NO,0,0
CL-CAY-HD16-04,NO,0,0
VV09Z-CLECAV-BLK,NO,0,0
EU493-LACLIPPERS,NO,0,0
EU557-LALAKERS,NO,0,0
VV09Z-CHIBUL-BLK,NO,0,0
EU695-BRONETS,NO,0,0
EU724-LALAKERS-NBA,NO,0,0
EU954-TORRAP-GRY,NO,0,0
EU724-NYKNICKS-NBA,NO,0,0
VP96Z-BRONETS-BLAC,NO,0,0
EU954-SASPUR-GRY,NO,0,0
VP96Z-TORRAP-RED,NO,0,0
VP96Z-GOLDENWARRIO,NO,0,0
EU954-OAKCIT-GRY,NO,0,0
EU954-NYKNIC-GRY,NO,0,0
EU954-MIAHEA-GRY,NO,0,0
EU954-MEMGRI-GRY,NO,0,0
EU954-LALAKE-GRY,NO,0,0
EU954-LACLIP-GRY,NO,0,0
EU954-GOLWAR-GRY,NO,0,0
EU954-CLECAV-GRY,NO,0,0
EU954-CHIBUL-GRY,NO,0,0
RMSB05162RM001-BLK,NO,0,0
RMSB05162RM001-NVY,NO,0,0
RMSB05162RM005-NVY,NO,0,0
RMSB05162RM007-NVY,NO,0,0
RMSB05162RM005-BLK,NO,0,0
RMSB05162RM005-ROY,NO,0,0
RMSB05162RM005-WHT,NO,0,0
NFLWR323101-BLK,SI,0,0
NBAETS522201-BLK1,NO,0,0
NBAETS522203-RED,NO,0,0
NBAETS522202-BLK2,NO,0,0
NBAETS522202-BLK3,NO,0,0
NBAETS522203-PUR,NO,0,0
NBAETS522201-BUR,NO,0,0
NBAETS522202-WHT,NO,0,0
NBAETS522202-GRY2,NO,0,0
NBAETS522201-WHT4,NO,0,0
NBAETS522201-BLU,NO,0,0
NBAESH522201-PNK,NO,0,0
NBAESH522201-RED,NO,0,0
NBAESH522201-PUR,NO,0,0
NBAETT522201-RED,NO,0,0
NBAETT522201-PNK,NO,0,0
NBAETT522201-BLK1,NO,0,0
NBAHD523111-BLK6,SI,0,5
UNMISB523122-GRN,SI,0,0
UNYLSB523121-NVY,SI,0,0
UNTXSB523120-BLK,SI,0,0
UNFLSB523122-BLU,SI,0,0
UNFLSB523120-BLK,SI,0,0
UNCASB523120-BLK,SI,0,0
NBAHD523112-PUR,SI,0,16
NBAJP523107-BLK10,SI,0,10
NBASW523106-PUR,SI,0,0
UNLASB523120-GRY,SI,0,0
UNFLSB523121-BLK,SI,0,0
UNGTSB523120-BLK,SI,0,0
UNLSSB523120-BLK,SI,0,0
UNGTSB523122-NVY,SI,0,0
UNMISB523121-BLK,SI,0,0
UNHVSB523120-BLK,SI,0,0
UNLASB523123-NVY,SI,0,0
NFLWR522205-BLK3,SI,0,0
NFLWR522205-BLK2,SI,0,0
NFLWR522205-BLK1,SI,0,17
NFLWR522205-BLK,SI,0,17
NBACS522201-BLK,SI,0,0
PSGSB32208-WHT-1,SI,0,0
FISH322201-BLK,SI,0,0
UNTXSB523123-ORG,SI,0,0
UNHVSB523121-RED,SI,0,0
FISH322201-NVY2,SI,0,0
FISH322201-BLU,SI,0,0
FISH322201-WHT,SI,0,0
FIPJ322201-YEL3,SI,0,0
FIPJ322201-RED3,SI,0,0
FIPJ322201-GRN,SI,0,0
FIPJ322201-WHT3,SI,0,0
FIPJ322201-YEL2,SI,0,0
FIPJ322201-ORG,SI,0,0
FIPJ322201-RED2,SI,0,0
FIPJ322201-RED,SI,0,0
FIPJ322201-WHT2,SI,0,0
FIPJ322201-WHT,SI,0,0
FIPJ322201-BLK,SI,0,0
FIPJ322201-YEL,SI,0,0
FIPJ322201-NVY,SI,0,0
FIPJ322201-LHB,SI,0,0
FIJS322203-LHB2,SI,0,0
FIPT322201-BLK3,SI,0,0
FIPT322201-RED,SI,0,0
FIPT322201-BLK2,SI,0,0
FIPT322201-BLK,SI,0,0
FITS622201-RED6,SI,0,0
FITS622201-WHT6,SI,0,0
FITS622201-NVY5,SI,0,0
FITS622201-GRN,SI,0,0
FITS622201-RED4,SI,0,0
FITS622201-YEL3,SI,0,0
FITS622201-RED5,SI,0,0
FITS622201-BLU2,SI,0,0
FITS622201-WHT5,SI,0,0
FITS622201-YEL2,SI,0,0
FITS622201-LHB2,SI,0,0
VU10Z-VANGRI-TEA,NO,0,0
VU10Z-UTAJAZ-PUR,NO,0,0
VU10Z-TORRAP-PUR,NO,0,0
VU10Z-SFWARR-RYL,NO,0,0
VU10Z-SASPUR-BLK,NO,0,0
VU10Z-PORTRA-RED,NO,0,0
VU10Z-NYKNIC-RYL,NO,0,0
VU10Z-GOLWAR-RYL,NO,0,0
VU10Z-CHIBUL-BLK,NO,0,0
VU10Z-CHAHOR-TEA,NO,0,0
VU10Z-BUFBRA-BLK,NO,0,0
VU10Z-BOSCEL-GRE,NO,0,0
VV58Z-LAKING-BLK,NO,0,0
VV58Z-DETRED-RED,NO,0,0
VV58Z-BOSBRU-BLK,NO,0,0
VV58Z-ANHDUC-BLK,NO,0,0
VV57Z-TORRAP-RED,NO,0,0
VV57Z-SASPUR-BLK,NO,0,0
VV57Z-SACKIN-BLK,NO,0,0
VV57Z-PORTRA-BLK,NO,0,0
VV57Z-PHOSUN-ORA,NO,0,0
VV57Z-PHIL76-RED,NO,0,0
VV57Z-ORLMAG-BLK,NO,0,0
VV57Z-OAKCIT-NVY,NO,0,0
VV57Z-NYKNIC-RYL,NO,0,0
VV57Z-NEWPEL-NVY,NO,0,0
VV57Z-MINTIM-BLK,NO,0,0
VV57Z-MILBUC-GRY,NO,0,0
VV57Z-MIAHEA-BUR,NO,0,0
VV57Z-MEMGRI-NVY,NO,0,0
VV57Z-LACLIP-RED,NO,0,0
VV57Z-INDPAC-NVY,NO,0,0
VV57Z-HOUROC-RED,NO,0,0
VV57Z-GOLWAR-RYL,NO,0,0
VV57Z-DETPIS-BLU,NO,0,0
VV57Z-DENNUG-BLU,NO,0,0
VV57Z-CLECAV-BLU,NO,0,0
VV57Z-CHIBUL-RED,NO,0,0
VV57Z-CHAHOR-RED,NO,0,0
VV57Z-BRONET-TEA,NO,0,0
VV57Z-BOSCEL-BLK,NO,0,0
VV57Z-ATLHAW-GRY,NO,0,0
KW35Z-BRONET-GRY,NO,0,0
KW35Z-CHIBUL-BLK,NO,0,0
KW35Z-CLECAV-BUR,NO,0,0
KW35Z-GOLWAR-ROY,NO,0,0
VP96Z-CAVALIERS,NO,0,0
VP96Z-CHIBULL,NO,0,0
VP96Z-SASPUR-BLK,NO,0,0
PFLTS5232002-GRY,NO,0,0
UNLATS622203-GRY,SI,0,0
UNLATS622203-WHT,SI,0,0
UNLACT622203-BLK,SI,0,0
UNFLSH522202-BLU,SI,0,0
UNLASW622203-WHT,SI,0,0
UNLAHD522203-NVY,SI,0,0
UNLAJS522201-BLK,SI,0,0
NBAJK523102-BLK2,SI,0,0
NBASW523103-BLK1,SI,0,0
UNFLSW622201-WHT,SI,0,0
UNLATS522204-NVY,SI,0,0
UNLAJK522202-BLK,SI,0,0
NBASH623201-BLK,SI,0,0
UNLAHD522202-GRY,SI,0,0
UNFLCT622203-BLK,SI,0,0
UNFLCT622201-GRY,SI,0,0
UNFLTS622201-WHT,SI,0,0
FITS622201-ORG,SI,0,0
FITS622201-BLK2,SI,0,0
FITS622201-RED3,SI,0,0
FITS622201-NVY4,SI,0,0
FITS622201-WHT4,SI,0,0
FITS622201-RED2,SI,0,0
FITS622201-WHT3,SI,0,0
FITS622201-BLK,SI,0,0
FITS622201-RED,SI,0,0
FITS622201-NVY2,SI,0,0
FITS622201-LHB,SI,0,0
FITS622201-NVY3,SI,0,0
FITS622201-YEL,SI,0,0
FITS622201-BLU,SI,0,0
FITS622201-WHT2,SI,0,0
FITS622201-NVY,SI,0,0
FITS622201-WHT,SI,0,0
NFLSL52104-BLK,SI,0,0
NFLSL52101-BLK,NO,0,0
NBATS522240-YEL2-1,NO,0,0
NBATS520400-WHT-COP,NO,0,0
NBATS523106-BLK-COP,NO,0,0
EIPTS6231001-WHT,SI,0,0
FIJS322275-LHB2,SI,0,0
FIJS322275-ORG,SI,0,0
FIJS322275-WHT2,SI,0,0
FIJS322275-RED,SI,0,0
FIJS322275-WHT,SI,0,0
FIJS322275-YEL,SI,0,0
FIJS322275-LHB,SI,0,0
FIJS322275-NVY,SI,0,0
FITS622276-RED,SI,0,0
FITS622276-BLU2,SI,0,0
MUNTS52201-BLK,NO,0,0
MUNTS52203-NVY,NO,0,0
MUNHD52201-NVY,NO,0,0
MLBHD623112-WHT,SI,0,0
MLBHD623112-LIL,SI,0,0
ESHD52201-NVY,NO,0,0
ESJK52201-BLU,NO,0,0
ESSH52201-NVY,NO,0,0
ESJS52201-BLU,NO,0,0
ESTS52201-NVY,NO,0,0
ESTS52202-BLK,NO,0,0
ESTS52202-BGE,NO,0,0
ESTS52203-NVY,NO,0,0
ESTS52203-WHT,NO,0,0
ESLS52201-BLU,NO,0,0
MLBPT623101-BLK,SI,0,0
MLBHD623111-WHT,SI,0,0
MLBHD623114-BLK,SI,0,0
MLBHD623113-PNK,SI,0,0
MLBPT623101-BGE,SI,0,0
MLBPT623101-BUR,SI,0,0
MLBHD623111-PNK,SI,0,0
UNGTCT622201-NVY,SI,0,0
UNGTCT622204-WHT,SI,0,0
UNGTCT622203-GRY,SI,0,0
UNGTTS622201-NVY,SI,0,0
UNGTTS622201-WHT,SI,0,0
UNGTSH622202-NVY,SI,0,0
UNHVSH622201-GRY,SI,0,0
UNCATS622201-GRN,SI,0,0
UNCATS622201-WHT,SI,0,0
UNGTTS622203-GRY,SI,0,0
UNGTSW522203-NVY,SI,0,0
UNLSTS622201-YLW,SI,0,0
UNGTTS522207-BLK,SI,0,0
UNGTTS522208-BLK,SI,0,0
MLBCT623108-BUR,SI,0,0
MLBCT623108-NVY,SI,0,0
MLBSW623105-BLK,SI,0,0
MLBTS623113-GRY,SI,0,0
MLBTS623113-LIL,SI,0,0
MLBTS623113-GRN,SI,0,0
MLBCT623108-WHT,SI,0,0
MLBTS623109-BUR,SI,0,0
MLBTS623109-NVY,SI,0,0
MLBTS623112-PNK,SI,0,0
MLBSW623108-LIL,SI,0,0
MLBSW623108-WHT,SI,0,0
MLBHD623113-LIL,SI,0,15
MLBHD623113-BLU,SI,0,0
MLBHD623112-BLK,SI,0,15
MLBTS623107-GRY,SI,0,0
MLBJP623108-BLU,SI,0,0
MLBHD623114-NVY,SI,0,0
MLBCT623114-WHT1,SI,0,0
MLBCT623114-WHT,SI,0,0
MLBCT623114-WHT3,SI,0,0
MLBCT623114-WHT2,SI,0,0
MLBTS623109-BGE,SI,0,0
MLBTS623108-GRN,SI,0,0
UMSH523102-BLK,NO,0,0
UMSH523102-NVY,NO,0,0
UMPL523101-BLK,NO,0,0
UMJS5171052-BLK,NO,0,0
UMJS5171052-PUR,NO,0,0
UMJS5171052-NVY,NO,0,0
UMJS5171053-BLK,NO,0,0
UMJS5171053-WHT,NO,0,0
UMJS5171053-NEON,NO,0,0
UMJS5171053-NVY,NO,0,0
UMJS5171053-RED,NO,0,0
UMJS5171054-BLK,NO,0,0
UMJS5171054-WHT,NO,0,0
UMJS5171054-ROY,NO,0,0
UMJS5171054-DGR,NO,0,0
UMJS5171055-BLK,NO,0,0
UMJS5171055-ROY,NO,0,0
UMJS5171055-GRY,NO,0,0
UMJS5171056-GRY,NO,0,0
UMJS5171056-NEON,NO,0,0
UMJS5171056-CER,NO,0,0
UMJS5171057-BLK,NO,0,0
UMJS5171057-DGR,NO,0,0
UMJS5171057-CER,NO,0,0
UMJS5171058-BLK,NO,0,0
UMJS5171058-PUR,NO,0,0
UMJS5171058-NVY,NO,0,0
UMJS5171059-BLK,NO,0,0
UMJS5171059-PUR,NO,0,0
MLBHD623111-GRN,SI,0,0
MLBCT623113-WHT,SI,0,0
MLBTS623107-NVY,SI,0,0
MLBHD623108-BUR,SI,0,0
MLBHD623107-RED,SI,0,0
MLBCJS623101-BUR,SI,0,0
MLBCJS623101-BLK,SI,0,35
MLBCJS623101-WHT,SI,0,35
MLBCJS623101-NVY,SI,0,0
MLBTS623107-BLK,SI,0,0
MLBTS623106-NVY,SI,0,0
MLBJK522201-BLK,SI,12,2
MLBJK522201-RED,SI,0,0
MLBHD62208-NVY,SI,15,15
MLBHD62208-NVY2,SI,0,0
MLBHD62208-BLU,SI,20,0
MLBTS623106-RED,SI,0,0
MLBJP623105-BLK,SI,0,0
MLBSW623106-RED,SI,0,0
MLBTS623108-BGE,SI,0,0
MLBTS623108-GRY,SI,0,0
MLBTS623113-NVY,SI,0,0
MLBTS623112-BLU,SI,0,0
MLBCS52109-BLU,SI,0,0
MLBCS32109-BLU,SI,0,0
MLBSL522205-NVY,SI,0,0
NASPT522201-BLK,SI,20,0
CPCUTSW23-GRAF,NO,20,0
MLBTS522204-BLU-COP,NO,20,0
CPBIGLOGOW23-RED,NO,20,0
UMBK5171001-NVY,NO,20,0
UMBK5171001-GRY,NO,20,0
UMDB5171001-BLK,NO,20,0
UMDB5171001-NVY,NO,20,0
UMDB5171001-GRY,NO,20,0
UMSB5171001-WHT,NO,20,0
UMSB5171001-NVY,NO,20,0
UMSG5171001-BLK,NO,20,0
UMSG5171001-NVY,NO,20,0
UMSG5171001-GRY,NO,20,0
BCSH517104-PUR,NO,20,0
BCSH517104-NV2,NO,20,0
BCJS317103-NVY,NO,20,0
BCJS317104-NVY,NO,20,0
BCJS317104-NV2,NO,20,0
BCJS317105-NVY,NO,20,0
BCJS317105-PUR,NO,20,0
BCJS317105-NV2,NO,20,0
BCSH317101-NVY,NO,20,0
MCTS317115-BLK,NO,20,0
BCSH317104-NVY,NO,20,0
BCSH317104-PUR,NO,20,0
BCSH317104-NV2,NO,20,0
BCJS517108-MESSI,NO,20,0
BCJS517108-PIQUE,NO,20,0
BCJS517108-SUAREZ,NO,20,0
BCJS517108-INIESTA,NO,20,0
BCJS517108-NEYMAR,NO,20,0
BCJS317108-MESSI,NO,20,0
BCJS317108-PIQUE,NO,20,0
BCJS317108-SUAREZ,NO,20,0
BCJS317108-INIESTA,NO,20,0
BCJS317108-NEYMAR,NO,20,0
UMSB5171001-BLK,NO,20,0
UMSB5171003-BLK,NO,20,0
64557U-ENX,NO,20,0
64557U-EPU,NO,20,0
UMJS5171059-NVY,NO,20,0
UMJS517160 -BLK,NO,20,0
UMJS517160-ROY,NO,20,0
UMJS517160-NEON,NO,20,0
UMJS5171001-BLK,NO,20,0
UMJS5171001-WHT,NO,20,0
UMJS5171001-RED,NO,20,0
UMJS5171001-NVY,NO,20,0
UMJS5171001-NEON,NO,20,0
UMJS5171002-BLK,NO,20,0
UMJS5171002-WHT,NO,20,0
UMJS5171002-RED,NO,20,0
UMJS5171002-NVY,NO,20,0
UMJS5171002-NEON,NO,20,0
UMSH5171001-BLK,NO,20,0
UMSH5171002-RED,NO,20,0
UMSH5171003-NVY,NO,20,0
UMSH5171004-NEON,NO,20,0
UMSL5171051-BLK,NO,20,0
UMSL5171051-DGR,NO,20,0
UMSL5171051-ROY,NO,20,0
UMSL5171052-BLK,NO,20,0
UMSL5171052-NVY,NO,20,0
UMSL5171052-NEON,NO,20,0
UMSH517152-BLK,NO,20,0
UMSH517152-DGR,NO,20,0
UMSH517152-NVY,NO,20,0
UMSH517153-BLK,NO,20,0
UMSH517153-ROY,NO,20,0
UMSH517153-GRY,NO,20,0
UMSH517154-BLK,NO,20,0
UMSH517154-DGR,NO,20,0
FITS622276-YEL,SI,0,0
FITS622276-BLK,SI,0,0
FITS622276-BLU,SI,0,0
FITS522277-YEL,SI,0,0
FITS522277-RED,SI,0,0
FITS522277-BLU2,SI,0,0
FITS522277-NVY,SI,0,0
FITS522277-NVY2,SI,0,0
FITS522277-BLK,SI,0,0
FIJS522275-RED,SI,0,0
FIJS522275-WHT,SI,0,0
FIJS522275-ORG,SI,0,0
EU509-BRA-TAN,NO,0,0
EU525-NYKNICKS-BLK,NO,0,0
SWTS317101-NVY,NO,0,0
STSB517102,NO,0,0
RMJS517101-ROY,NO,0,0
RMJS517101-WHT,NO,0,0
RMJS517101-PUR,NO,0,0
RMJS517102-NVY,NO,0,0
RMJS517102-BLK,NO,0,0
RMJS517102-WHT,NO,0,0
RMJS517104-ROY,NO,0,0
RMJS517104-PUR,NO,0,0
RMJS517104-BLK,NO,0,0
RMJS517105-NVY,NO,0,0
RMJS517105-PUR,NO,0,0
RMJS517105-BLK,NO,0,0
RMSH517101-GRY,NO,0,0
RMSH517101-BLK,NO,0,0
RMSH517101-NVY,NO,0,0
RMSH517103-NVY,NO,0,0
RMSH517103-GRY,NO,0,0
RMSH517103-BLK,NO,0,0
UNFLTS622202-BLK,SI,0,0
UNFLTS522202-WHT,SI,0,0
UNFLHD522205-GRY,SI,0,0
UNFLHD522206-NVY,SI,0,0
UNFLLS522201-GRY,SI,0,0
NBABN52007-BLK2,NO,0,0
UNLASB523121-LBL,SI,0,0
EU503-SASPUR-LGRY,NO,0,0
VJ92Z-CELTICS-NBA,NO,0,0
VJ92Z-MIAMIHEAT-NBA,NO,0,0
EU533-BRA-CHA,NO,0,0
VJ93Z-DALSTA-GRHGR,NO,0,0
VJ92Z-CHAHOR-GRH,NO,0,0
VJ92Z-BULLS-NBA,NO,0,0
EU509-BRA-NVY,NO,0,0
EU509-BRA-BUR,NO,0,0
EU509-BRA-WHT,NO,0,0
EU789-MIAHEA-BLK,NO,0,0
EU751-BRA-MULTI,NO,0,0
EU515-BRA-RED,NO,0,0
FITS622276-NVY2,SI,0,0
FITS622276-NVY,SI,0,0
FITS522277-BLU,SI,0,0
RMJS317102-NVY,NO,0,0
RMJS317102-BLK,NO,0,0
RMJS317102-WHT,NO,0,0
RMJS317104-ROY,NO,0,0
RMJS317104-PUR,NO,0,0
RMJS317104-BLK,NO,0,0
RMJS317105-NVY,NO,0,0
RMJS317105-PUR,NO,0,0
RMJS317105-BLK,NO,0,0
RMSH317101-GRY,NO,0,0
RMSH317101-BLK,NO,0,0
RMSH317101-NVY,NO,0,0
RMSH317103-NVY,NO,0,0
RMSH317103-GRY,NO,0,0
RMSH317103-BLK,NO,0,0
EU1082-BOSCEL-BLK,NO,0,0
LFSB317101-BLK,NO,0,0
LFSB317102-BLK,NO,0,0
LFSB317103-BLU,NO,0,0
LFSB317104-RED,NO,0,0
LFSB517105-BLK,NO,0,0
LFSB517106-BLK,NO,0,0
LFSB517107-BLK,NO,0,0
LFSB517108-GRY,NO,0,0
RMSB517102-NVY,NO,0,0
RMSB517102-BLK,NO,0,0
RMSB517102-WHT,NO,0,0
RMSB517103-NVY,NO,0,0
RMSB517103-BLK,NO,0,0
RMSB517103-WHT,NO,0,0
RMSB317102-NVY,NO,0,0
RMSB317102-BLK,NO,0,0
RMSB317102-WHT,NO,0,0
RMSB317103-NVY,NO,0,0
RMSB317103-BLK,NO,0,0
RMSB317103-WHT,NO,0,0
VU83Z-BLACKHAW,NO,0,0
EU956-BLACKHAWS,NO,0,0
EU956-REDWINGS,NO,0,0
EU1082-DENNUG-RED,NO,0,0
FIJS522275-WHT2,SI,0,0
FIJS522275-LHB2,SI,0,0
FIJS522275-LHB,SI,0,0
FIJS522275-NVY,SI,0,0
RMJS317101-ROY,NO,0,0
RMJS317101-WHT,NO,0,0
RMJS317101-PUR,NO,0,0
STSB517103,NO,0,0
STSB517104,NO,0,0
STSB517105,NO,0,0
STSB517106,NO,0,0
STSB517107,NO,0,0
STSB517108,NO,0,0
STSB517109,NO,0,0
STSB517110,NO,0,0
STSB517111,NO,0,0
STSB517112,NO,0,0
STSB517113,NO,0,0
STSB517114,NO,0,0
STSB517115,NO,0,0
STSB517116,NO,0,0
STSB517117,NO,0,0
STSB517118,NO,0,0
STSB517119,NO,0,0
STSB517120,NO,0,0
STSB517121,NO,0,0
STSB517122,NO,0,0
STSB517123,NO,0,0
STSB517124,NO,0,0
STSB517125,NO,0,0
STSB517126,NO,0,0
STSB517127,NO,0,0
STSB517128,NO,0,0
STSB517129,NO,0,0
STSB517130,NO,0,0
STSB517131,NO,0,0
STSB517132,NO,0,0
STSB517133,NO,0,0
STSB517134,NO,0,0
STSB517135,NO,0,0
STSB517136,NO,0,0
STSB517137,NO,0,0
STSB517138,NO,0,0
STSB517139,NO,0,0
UMSH517155-BLK,NO,0,0
UMSH517155-PUR,NO,0,0
UMSH517155-NVY,NO,0,0
UMJK5171050-BLK,NO,0,0
UMJK5171050-NVY,NO,0,0
UMJK5171051-BLK,NO,0,0
UMJK5171051-NVY,NO,0,0
UMJK5171051-RED,NO,0,0
UMJK5171052-BLK,NO,0,0
UMJK5171052-ROY,NO,0,0
UMJK5171052-DGR,NO,0,0
UMJK5171054-BLK,NO,0,0
UMJK5171054-NVY,NO,0,0
UMPT5171050-BLK,NO,0,0
UMPT5171050-NVY,NO,0,0
UMPT5171051-BLK,NO,0,0
UMPT5171051-NVY,NO,0,0
UMPT5171051-ROY,NO,0,0
UMPT5171051-DGR,NO,0,0
UMPL5171050-BLK,NO,0,0
UMPL5171050-WHT,NO,0,0
UMPL5171050-NVY,NO,0,0
UMPL5171051-BLK,NO,0,0
UMPL5171051-WHT,NO,0,0
UMPL5171051-NVY,NO,0,0
UMPL5171051-NEON,NO,0,0
UMPL5171052-BLK,NO,0,0
UMPL5171052-WHT,NO,0,0
UMPL5171052-PUR,NO,0,0
UMJS5171003-NEON,NO,0,0
UMJS5171003-RED,NO,0,0
UMJS5171003-ROY,NO,0,0
UMSH5171003-ROY,NO,0,0
MCSB317101-ROY,NO,0,0
MCSB317101-BLK,NO,0,0
20594U-096,NO,0,0
20637U-ETW,NO,0,0
20761U-ETU,NO,0,0
20761U-ETV,NO,0,0
20785U-ETC,NO,0,0
20785U-ETH,NO,0,0
20787U-ETC,NO,0,0
20787U-ETF,NO,0,0
20787U-ETG,NO,0,0
20787U-ETH,NO,0,0
20832U-EU4,NO,0,0
20832U-EU7,NO,0,0
STSB517140,NO,0,0
STSB517141,NO,0,0
STSB517142,NO,0,0
STSB517143,NO,0,0
STSB517144,NO,0,0
STSB517145,NO,0,0
STSB517146,NO,0,0
STSB517147,NO,0,0
STSB517148,NO,0,0
STSB517149,NO,0,0
STSB517150,NO,0,0
STSB517151,NO,0,0
STSB517152,NO,0,0
STSB517153,NO,0,0
STSB517154,NO,0,0
STSB517155,NO,0,0
NBASB522225-PUR,SI,0,0
NBASB522225-NVY,SI,0,0
NBASB522225-BLK3,SI,0,0
NBASB522224-PUR,SI,0,0
NBASB522224-RED,SI,0,0
NBASB522224-NVY,SI,0,0
NBASB522224-BLK3,SI,0,0
NBASB522223-BLK1,SI,0,0
NBASB522219-BLK5,SI,5,0
NBASB522219-BLK4,SI,0,0
NBASB522219-BLK3,SI,5,0
FIJS522275-YEL,SI,0,0
NBASB522241-BLK5,SI,0,0
NBASB522241-BLK4,SI,0,0
NBASB522241-BLK3,SI,0,0
NBASB522241-BLK2,SI,0,0
NBASB522242-BLK1,SI,0,0
NBASB522247-RED,SI,0,0
NBASB522245-BLK6,SI,0,0
NBASB522247-GRY,SI,0,0
NBASB522247-PUR,SI,0,0
NBASB522244-BLK1,SI,0,0
NBASB522243-PUR1,SI,0,0
141AZ-BTE-5GRIZZ,NO,0,0
VZ25Z -BTE-5BULLS,NO,0,0
VZ25Z -BTE-5CAVAL,NO,0,0
VZ25Z -BTE-5SPURS,NO,0,0
VZ25Z -BTE-5RAPTO,NO,0,0
122AZ-16-9MNBRA,NO,0,0
120AZ-16-5BULLS,NO,0,0
NL15Z-TSC -5WARRI,NO,0,0
20856U-ETX,NO,0,0
20856U-EW5,NO,0,0
20794U-ERG,NO,0,0
20794U-ETM,NO,0,0
20795U-ETM,NO,0,0
20798U-ERG,NO,0,0
20798U-ETM,NO,0,0
20799U-ERG,NO,0,0
20799U-ETM,NO,0,0
20833U-EU5,NO,0,0
20765U-ETU,NO,0,0
20766U-ETU,NO,0,0
20802U-ERF,NO,0,0
20802U-ETQ,NO,0,0
20803U-ERF,NO,0,0
20803U-ETQ,NO,0,0
20835U-EU5,NO,0,0
20836U-EU5,NO,0,0
25044U-096,NO,0,0
25045U-090,NO,0,0
25045U-096,NO,0,0
64473U-ENW,NO,0,0
64473U-EWM,NO,0,0
64475U-EMW,NO,0,0
64475U-ENU,NO,0,0
20814U-B61,NO,0,0
20814U-EW4,NO,0,0
81234U-ELZ,NO,0,0
81234U-EPE,NO,0,0
81234U-EPF,NO,0,0
81234U-EPN,NO,0,0
81235U-ELZ,NO,0,0
81235U-EPE,NO,0,0
81235U-EPN,NO,0,0
81236U-ELZ,NO,0,0
81236U-EPE,NO,0,0
81236U-EPF,NO,0,0
81236U-EPN,NO,0,0
81237U-ELZ,NO,0,0
81237U-EPE,NO,0,0
81237U-EPN,NO,0,0
81239U-ELZ,NO,0,0
81239U-EPE,NO,0,0
81239U-EPN,NO,0,0
81240U-EPE,NO,0,0
81252U-9N8,NO,0,0
NL15Z-TSC-5CLIPP,NO,0,0
NL15Z-TPC-5CLIPP,NO,0,0
NL15Z-TSC -5LAKER,NO,0,0
NL15Z-TSC -5SPURS,NO,0,0
NT78Z-TPC-5CHORN,NO,0,0
NT78Z-TSC-5CHORN,NO,0,0
NL99Z-BLK-5HEAT,NO,0,0
SWTS317102-DGR,NO,0,0
EU1082-BOSCEL-GRN,NO,0,0
EU1082-CHAHOR-PUR,NO,0,0
NBASB522243-BLK3,SI,0,0
NBASB522243-BLK2,SI,0,0
NBASB522243-BLU,SI,0,0
NBASB522243-BLK1,SI,0,0
NBABC522211-GRY,SI,0,0
NBABC522211-PUR,SI,0,0
NBABC522211-BUR,SI,0,0
NBABC522210-BLK3,SI,0,0
NBABC522210-BLK2,SI,0,0
NBABC522210-BLK1,SI,0,0
NBASB522233-BLK5,SI,0,0
NBASB522233-BLK4,SI,0,0
NBASB522233-BLK3,SI,0,0
NBASB522232-RED1,SI,0,0
NBASB522232-RED,SI,0,0
NBASB522232-GRY,SI,0,0
NBASB522232-PUR1,SI,0,0
NBASB522232-NVY,SI,0,0
NBASB522231-BLK5,SI,2,0
NBASB522231-BLK4,SI,2,0
NBASB522231-BLK3,SI,0,0
NBASB522230-RED1,SI,0,0
NBASB522230-PUR1,SI,0,0
NBASB522230-BLU,SI,0,0
NBASB522229-BLK5,SI,0,0
NBASB522229-BLK4,SI,0,0
NBASB522229-BLK3,SI,0,0
NBASB522228-RED1,SI,5,0
NBASB522228-PUR1,SI,6,0
NBASB522228-BLU,SI,6,0
NBASB522227-BLK5,SI,0,0
NBASB522227-BLK4,SI,0,0
NBASB522227-BLK3,SI,0,0
NBASB522226-BLK5,SI,0,0
NBASB522226-BLK4,SI,0,0
NBASB522226-BLK3,SI,0,0
NBASB522262-BLK2,SI,0,0
81252U-EPQ,NO,0,0
81252U-EPR,NO,0,0
81252U-EPT,NO,0,0
81231U-EPE,NO,0,0
81258U-ELV,NO,0,0
81258U-EPV,NO,0,0
81259U-DKN,NO,0,0
81259U-ELV,NO,0,0
MCSB317102-ROY,NO,0,0
MCSB317103-NVY,NO,0,0
MCSB317104-ROY,NO,0,0
MCSB317104-BLK,NO,0,0
MCSB317105-NVY,NO,0,0
MCSB517102-GRN,NO,0,0
MCSB517103-BLU,NO,0,0
MCSB517104-GRY,NO,0,0
MCSB517105-BLU,NO,0,0
MCSB517106-GRY,NO,0,0
MCSB517107-ROY,NO,0,0
MCSB517107-BLK,NO,0,0
MCSB517108-BLK,NO,0,0
MCSB517109-NVY,NO,0,0
MCSB517110-GRY,NO,0,0
MCSB517110-NVY,NO,0,0
MCSB517111-ROY,NO,0,0
MCSB517111-BLK,NO,0,0
MCSB517112-BLK,NO,0,0
MCSB517112-RED,NO,0,0
BCSB517101-NVY,NO,0,0
BCSB517101-BLK,NO,0,0
BCSB517101-NV2,NO,0,0
BCSB517103-MESSI,NO,0,0
BCSB517103-NEYMAR,NO,0,0
BCSB517103-INIESTA,NO,0,0
BCSB517103-SUAREZ,NO,0,0
BCSB517103-PIQUE,NO,0,0
BCSB517104-NVY,NO,0,0
BCSB517105-NVY,NO,0,0
BCSB517105-PUR,NO,0,0
BCSB317101-NVY,NO,0,0
BCSB317102-NVY,NO,0,0
BCSB317103-MESSI,NO,0,0
BCSB317103-NEYMAR,NO,0,0
BCSB317103-INIESTA,NO,0,0
BCSB317103-SUAREZ,NO,0,0
BCSB317103-PIQUE,NO,0,0
BCSB317104-NVY,NO,0,0
UMSH517154-CER,NO,0,0
81269U-EPW,NO,0,0
81269U-EPX,NO,0,0
81269U-EPY,NO,0,0
81271U-EPW,NO,0,0
20815U-ET5,NO,0,0
20815U-ETT,NO,0,0
20818U-ET5,NO,0,0
20818U-ETT,NO,0,0
30607U-ETU,NO,0,0
30609U-ETU,NO,0,0
30611U-090,NO,0,0
30611U-0U3,NO,0,0
30611U-CVZ,NO,0,0
30612U-090,NO,0,0
30612U-0U3,NO,0,0
30618U-090,NO,0,0
30618U-0U3,NO,0,0
30618U-CVZ,NO,0,0
30620U-ETU,NO,0,0
30621U-ETU,NO,0,0
64594U-060,NO,0,0
64595U-060,NO,0,0
64695U-0LF,NO,0,0
64695U-CGY,NO,0,0
64695U-EX8,NO,0,0
64701U-002,NO,0,0
64704U-002,NO,0,0
81259U-EPU,NO,0,0
81259U-EPV,NO,0,0
81260U-ELV,NO,0,0
81260U-EPV,NO,0,0
80490U-075,NO,0,0
80490U-137,NO,0,0
81082U-DJU,NO,0,0
81085U-DJU,NO,0,0
81179U-EPJ,NO,0,0
81179U-EPK,NO,0,0
81185U-EPH,NO,0,0
81185U-EPJ,NO,0,0
81185U-EPK,NO,0,0
81185U-EQF,NO,0,0
81186U-EPH,NO,0,0
81186U-EPJ,NO,0,0
81186U-EPK,NO,0,0
81186U-EQF,NO,0,0
81187U-EPJ,NO,0,0
NBASB522223-WHT2,SI,0,0
NBASB522223-BLK5,SI,0,0
NBASB522223-WHT1,SI,0,0
NBASB522223-BLK3,SI,0,0
NBASB522223-WHT,SI,5,0
NBASB522218-WHT2,SI,0,0
NBASB522218-GRY2,SI,6,0
NBASB522218-WHT1,SI,0,0
NBASB522218-GRY1,SI,0,0
NBASB522218-WHT,SI,0,0
NBASB522218-GRY,SI,5,0
NBASB522216-RED,SI,2,0
NBASB522216-RED1,SI,0,0
NBASB522216-WHT,SI,5,0
NBASB522216-GRY,SI,0,0
NBASB522216-WHT1,SI,0,0
NBASB522216-PUR,SI,4,0
NBASB522216-WHT2,SI,5,0
NBASB522212-BLK6,SI,0,0
NBASB522212-BLK5,SI,0,0
NBASB522212-BLK4,SI,0,0
NBASB522212-BLK3,SI,0,0
NBABC522204-BLK4,SI,0,0
NBABC522204-BLK5,SI,0,0
NBABC522204-BLK3,SI,0,0
NBABC522203-RED1,SI,0,0
NBABC522203-BUR,SI,0,0
NBABC522203-PUR1,SI,0,0
NBABC522203-LBL,SI,0,0
NBASB522215-BLK6,SI,0,0
NBASB522215-BLK5,SI,0,0
NBASB522215-BLK4,SI,0,0
NBASB522215-BLK3,SI,0,0
NBASB522214-BLK6,SI,0,0
NBASB522214-BLK5,SI,0,0
NBASB522214-BLK4,SI,0,0
NBASB522214-BLK3,SI,0,0
NBASB522211-RED1,SI,0,0
NBASB522211-PUR2,SI,0,0
NBASB522211-BUR,SI,0,0
NBASB522213-BLU,SI,0,0
NBASB522213-BUR,SI,0,0
NBASB522213-RED1,SI,0,0
NBASB522213-PUR1,SI,0,0
NBASB522208-PUR2,SI,6,0
NBASB522208-NVY1,SI,5,0
NBASB522208-NVY,SI,6,0
NBASB522210-BLK2,SI,0,0
NBASB522204-GRY,SI,0,0
NBASB522204-BLK8,SI,0,0
NBASB522204-BLK7,SI,0,0
NBASB522204-BLK6,SI,0,0
NBASB522204-BLK5,SI,0,0
NBASB522204-BLK4,SI,0,0
NBASB522206-GRY,SI,5,0
NBASB522205-PUR,SI,0,0
NBASB522205-WHT,SI,0,0
NBASB522205-RED1,SI,0,0
NBASB522205-YEL2,SI,0,0
NBASB522205-YEL1,SI,0,0
NBASB522205-ORG,SI,0,0
NBASB522205-GRY1,SI,0,0
NBASB522205-GRN,SI,0,0
NBASB522206-BLK1,SI,5,0
NBASB522206-WHT,SI,0,0
NBASB522203-GRY,SI,0,0
NBASB522206-BLU,SI,5,0
NBASB522262-BLK1,SI,0,0
NBASB522261-BLK3,SI,0,0
NBASB522261-BLK2,SI,2,0
NBASB522261-BLK1,SI,1,0
NBASB522260-BLK3,SI,0,0
NBASB522260-BLK2,SI,0,0
NBASB522260-BLK1,SI,0,0
NBASB522259-BLK3,SI,0,0
NBASB522259-BLK2,SI,0,0
NBASB522259-BLK1,SI,0,0
NBASB522258-BLK3,SI,0,0
NBASB522258-BLK2,SI,0,0
NBASB522257-PUR,NO,0,0
NBASB522257-GRY,NO,0,0
NBASB522257-BUR,NO,0,0
NBASB522256-BLK3,SI,0,0
NBASB522256-BLK2,SI,0,0
NBASB522256-BLK1,SI,0,0
NBASB522255-BLK3,SI,0,0
NBASB522255-BLK2,SI,0,0
NBASB522255-BLK1,SI,0,0
NBASB522253-BLK3,SI,0,0
NBASB522253-BLK2,SI,0,0
NBASB522253-BLK1,SI,0,0
NBASB522252-BLK3,SI,0,0
NBASB522252-BLK2,SI,0,0
NBASB522252-BLK1,SI,0,0
81187U-EPK,NO,0,0
81188U-EPH,NO,0,0
81188U-EPJ,NO,0,0
81188U-EPK,NO,0,0
81188U-EQF,NO,0,0
81189U-EPJ,NO,0,0
81189U-EPK,NO,0,0
81264U-2VZ,NO,0,0
81264U-EPW,NO,0,0
81264U-EPX,NO,0,0
81264U-EPY,NO,0,0
81265U-EPW,NO,0,0
81266U-2VZ,NO,0,0
81266U-EPW,NO,0,0
81266U-EPX,NO,0,0
81266U-EPY,NO,0,0
81267U-2VZ,NO,0,0
81267U-EPW,NO,0,0
81267U-EPX,NO,0,0
81267U-EPY,NO,0,0
81268U-2VZ,NO,0,0
81268U-EPW,NO,0,0
81268U-EPX,NO,0,0
81268U-EPY,NO,0,0
81269U-2VZ,NO,0,0
81602U-C44Y,NO,0,0
81602U-JC6Y,NO,0,0
LLCT622201-LBL,SI,0,0
LLCT622201-WHT,SI,0,0
LLTS622202-WHT,SI,0,0
MLBSL52102-BLU,SI,27,0
LCPPJ522206-RED,SI,0,0
LCPPJ522205-BLK,SI,0,0
LCPPJ522204-GRY,SI,0,0
LCPPJ522203-GRY,SI,0,0
LCPPJ522202-BLK,SI,0,0
LCPPJ522201-BLK,SI,0,0
PCCT622202-BLK,SI,0,0
PCCT622202-WHT,SI,0,0
NASTS622202-BGE,SI,0,0
NASTS622202-NVY,SI,0,0
NASTS622201-PNK,SI,42,0
NASTS622201-NVY,SI,0,0
NASCT622201-LBL,SI,33,0
NASCT622201-PNK,SI,29,0
LCPHD622201-GRY,SI,0,0
LCPHD622201-NVY,SI,0,0
NBASB522251-BLK3,SI,0,0
NBASB522251-BLK2,SI,0,0
NBASB522251-BLK1,SI,0,0
NBASB522250-BLK3,SI,0,0
NBASB522250-BLK2,SI,0,0
NBASB522250-BLK1,SI,0,0
NBASB522249-BLK3,SI,0,0
NBASB522249-BLK2,SI,0,0
NBASB522248-GRN,SI,0,0
NBASB522248-BLU1,SI,0,0
NBASB522248-BLU,SI,0,0
NBASB522247-ORG,SI,0,0
NBASB522247-GRN,SI,0,0
NBASB522247-BLU,SI,0,0
NBASB522246-ORG,SI,0,0
NBASB522246-GRN,SI,0,0
NBASB522246-BLU,SI,0,0
NBASB522245-BLK5,SI,0,0
NBASB522245-BLK4,SI,0,0
NBASB522245-BLK3,SI,0,0
NBASB522244-PUR1,SI,0,0
NBASB522244-BLU,SI,0,0
NBASB522244-BLK3,SI,0,0
NBASB522244-BLK2,SI,0,0
NBASB522242-BLK5,SI,0,0
NBASB522242-BLK4,SI,0,0
NBASB522242-BLK3,SI,0,0
NBASB522210-BLK6,SI,0,0
NBASB522210-BLK5,SI,0,0
NBASB522210-BLK4,SI,0,0
NBASB522210-BLK3,SI,0,0
NBASB522209-PUR1,SI,0,0
NBASB522209-GRN,SI,0,0
NBASB522209-BLU2,SI,0,0
NBASB522209-BLU,SI,0,0
NBASB522208-GRN,SI,6,0
NBASB522208-BLU,SI,5,0
NBASB522207-BLK8,SI,0,0
NBASB522207-BLK7,SI,0,0
NBASB522207-BLK6,SI,0,0
NBASB522203-BLK1,SI,4,0
NBASB522202-BLK8,SI,0,0
NBASB522202-BLK7,SI,0,0
NBASB522202-BLK6,SI,0,0
NBASB522202-BLK5,SI,0,0
NBASB522202-BLK4,SI,0,0
NBASB522202-BLK3,SI,0,0
NBASB522201-BLK9,SI,0,0
NBASB522201-BLK8,SI,0,0
NBASB522201-BLK7,SI,0,0
NBASB522201-BLK6,SI,0,0
NBASB522201-BLK5,SI,0,0
NBASB522201-BLK4,SI,0,0
NBASB522201-BLK3,SI,0,0
NBASB522201-BLK2,SI,0,0
NBASB522201-BLK,SI,0,0
NBASB522223-BLK8,SI,0,0
NBASB522223-BLK7,SI,0,0
NBASB522223-BLK6,SI,0,0
NBASB522222-BLK5,SI,0,0
NBASB522222-BLK4,SI,1,0
NBASB522222-BLK3,SI,0,0
NBASB522221-BLK5,SI,0,0
NBASB522221-BLK4,SI,0,0
NBASB522221-BLK3,SI,0,0
NBASB522220-BLK5,SI,0,0
NBASB522220-BLK4,SI,0,0
NBASB522220-BLK3,SI,0,0
NBASB522218-BLK5,SI,0,0
NBASB522218-BLK4,SI,0,0
NBASB522218-BLK3,SI,5,0
NBASB522217-BLK5,SI,0,0
NBASB522217-BLK4,SI,0,0
NBASB522217-BLK3,SI,0,0
NBASB522216-BLK5,SI,3,0
NBASB522216-BLK4,SI,0,0
NBASB522216-BLK3,SI,5,0
NBASB522215-BLK7,SI,0,0
NBASB522214-BLK7,SI,0,0
NBASB522212-BLU,SI,0,0
NBASB522211-BLU,SI,0,0
NBABC522206-BLK5,SI,0,0
NBABC522206-BLK4,SI,0,0
NBABC522205-BLK5,SI,0,0
NBABC522206-BLK3,SI,0,0
NBABC522205-BLK4,SI,0,0
NBABC522205-BLK3,SI,0,0
NBABC522204-BLK6,SI,0,0
NBABC522203-BLU,SI,0,0
NBASB522262-BLK3,SI,0,0
FIPT522203-NVY9,SI,0,0
FIPT522203-BLK3,SI,0,0
FIPT522203-NVY6,SI,0,0
FIPT522203-NVY7,SI,0,0
FIPT522203-NVY2,SI,0,0
FIPT522203-NVY3,SI,0,0
FIPT522203-NVY4,SI,0,0
NBAHD622210-RED,SI,0,0
FIPT522203-NVY5,SI,0,0
NBATS622210-GRY2,SI,0,0
FIPT522203-NVY,SI,0,0
NBATS622210-GRY1,SI,0,0
FIPT522203-BLK,SI,0,0
NBATS622210-GRY,SI,0,0
FIPT522203-BLK2,SI,0,0
FIHD522205-NVY7,SI,0,0
FIHD522205-NVY8,SI,0,0
FIHD522205-BLK3,SI,0,0
FIHD522205-NVY6,SI,0,0
FIHD522205-BLU,SI,0,0
FIHD522205-NVY4,SI,0,0
FIHD522205-NVY5,SI,0,0
FIHD522205-NVY2,SI,0,0
FIHD522205-NVY3,SI,0,0
FIHD522205-BLK2,SI,0,0
FIHD522205-NVY,SI,0,0
FIHD522205-BLK,SI,0,0
FIHD522204-NVY8,SI,0,0
FIHD522204-NVY6,SI,0,0
FIHD522204-NVY7,SI,0,0
FIHD522204-BLK3,SI,0,0
FIHD522204-NVY5,SI,0,0
FIHD522204-BLU,SI,0,0
FIHD522204-NVY3,SI,0,0
FIHD522204-NVY4,SI,0,0
FIHD522204-NVY2,SI,0,0
FIHD522204-BLK,SI,0,0
FIHD522204-BLK2,SI,0,0
FIHD522204-NVY,SI,0,0
NBASB522211-PUR1,SI,1,0
PSGTS52204-NVY,SI,0,0
PSGTS52204-WHT,SI,0,0
PSGTS52204-BLK,SI,0,0
NBAJP522212-BLK3,SI,0,0
NBAJP522212-BLK1,SI,0,16
NBAJP522212-BLK2,SI,0,0
NBAJP522212-PUR,SI,0,0
NBAJP522212-BLK,SI,0,0
NBAJP522240-RED,SI,0,17
NBAJP522240-BLK1,SI,0,9
NBAJP522240-BLK,SI,0,0
NBASH522241-BLK,SI,0,0
NBASH522240-GRY,SI,0,7
NBASH522240-RED,SI,0,4
NBASH522240-BLK,SI,0,0
FIPJ622201-WHT2,SI,0,0
STPJ52206-NVY,SI,0,0
STPJ52205-NVY,SI,0,0
STPJ52204-BLK,SI,0,0
STPJ52203-BLK,SI,0,0
STPJ52202-NVY,SI,0,0
STPJ52201-NVY,SI,0,0
NBASL52114-BLK,SI,0,0
NBASL52056-BLK,SI,0,0
NBASL52101-BLK,SI,43,0
FTCT622202-WHT,SI,0,0
FTCT622201-ORG,SI,0,0
FTCT622201-WHT,SI,17,0
GTD522203-BLK,SI,0,0
GTDTS522202-NVY,SI,0,0
GYTS522202-GRN,SI,0,0
STWH52201-BLK,SI,0,0
STWH52201-GRY,SI,0,0
PFLTS522201-GRY2,SI,0,0
PFLTS522201-GRY,SI,0,0
CCHD522201-NVY,SI,0,0
CCHD522201-BLK,SI,0,0
NBACS322202-PUR,SI,0,0
NBACS322202-BLK,SI,0,0
NBACS322202-RED,SI,0,0
FDTS522202-BLU,SI,0,0
FDTS522202-BLK,SI,0,0
PWCT622204-PNK,SI,0,0
PWCT622204-BLK,SI,0,0
PWCT622203-WHT,SI,0,0
PWCT622203-BLK,SI,0,0
PWCT622202-BLK,SI,0,0
PWCT622202-PNK,SI,0,0
PWCT622201-WHT,SI,0,0
PWCT622201-BLK,SI,0,0
PWTS622202-LBL,SI,0,0
PWTS622202-GRY,SI,0,0
PWTS622201-BLK,SI,0,0
PWTS622201-BLU,SI,0,0
FICA522204-RED4,SI,0,0
FICA522205-WHT3,SI,0,0
FICA522205-NVY,SI,0,0
FICA522207-NVY5,SI,6,0
NFLJP522204-AQA,SI,0,0
NFLJP522204-RED1,SI,0,0
NFLJP522204-BLK2,SI,0,9
NFLJP522204-BLK1,SI,0,0
NFLJP522204-BUR,SI,0,17
NFLJP522204-BLK,SI,0,0
NFLSH522201-RED2,SI,0,0
NFLSH522201-BLK1,SI,0,0
NFLSH522201-AQA,SI,0,0
NFLSH522201-NVY,SI,0,0
NFLSH522201-BLK,SI,0,0
NFLSH522201-BUR,SI,0,0
NFLSH522201-RED1,SI,0,0
NFLSH522201-RED,SI,0,0
FITS622202-WHT6,SI,0,0
FIPJ522201-RED3,SI,0,0
FIPJ522201-YEL3,SI,0,0
FIPJ522201-YEL2,SI,0,0
FIPJ522201-GRN,SI,0,0
FIPJ522201-WHT3,SI,0,0
FIPJ522201-RED2,SI,0,0
FIPJ522201-ORG,SI,0,0
FIPJ522201-WHT2,SI,0,0
FIPJ522201-BLK,SI,0,0
FIPJ522201-RED,SI,0,0
FIPJ522201-WHT,SI,0,0
FIPJ522201-YEL,SI,0,0
FIPJ522201-NVY,SI,0,0
FIPJ522201-LHB,SI,0,0
FITS622202-BLK3,SI,0,0
FITS622202-NVY6,SI,0,0
FITS622202-WHT8,SI,0,0
FITS622202-RED6,SI,0,0
FITS622202-WHT7,SI,0,0
FITS622202-BLK2,SI,0,0
FITS622202-NVY4,SI,0,0
FISH322202-BLK4,SI,0,0
FISH322202-LHB2,SI,0,0
FISH322202-NVY6,SI,0,0
FISH322202-RED2,SI,0,0
FISH322202-BLU4,SI,0,0
FISH322202-BLU3,SI,0,0
FISH322202-NVY5,SI,0,0
FISH322202-LHB,SI,0,0
FISH322202-BLU2,SI,0,0
FISH322202-RED,SI,0,0
FISH322202-NVY4,SI,0,0
FISH322202-BLK3,SI,0,0
FISH322202-NVY2,SI,0,0
FISH322202-NVY3,SI,0,0
FISH322202-NVY,SI,0,0
FISH322202-BLU,SI,0,0
FISH322202-BLK2,SI,0,0
FISH322202-BLK,SI,0,0
FISHD322201-NVY3,SI,0,0
FISHD322201-NVY2,SI,0,0
FISHD322201-NVY,SI,0,0
FISHD322201-BLU,SI,0,0
NBATS322205-BLK4,SI,0,0
NBATS322205-PUR2,SI,0,0
NBATS322205-WHT2,SI,0,0
NBATS322205-BLK3,SI,0,0
NBATS322205-PUR,SI,0,0
NBATS322205-BLK2,SI,0,0
NBATS322205-WHT,SI,0,0
NBATS322205-RED,SI,0,0
NBATS322205-BLK,SI,0,0
NBAHD322202-BUR,SI,0,0
NBAHD322202-BLK2,SI,0,0
NBAHD322202-GRY2,SI,0,0
NBAHD322202-PUR,SI,0,0
NBAHD322202-GRY1,SI,0,0
NBAHD322202-BLK1,SI,0,0
NBAHD322202-RED,SI,0,0
NBAHD322202-WHT,SI,0,0
NBAHD322202-BLK,SI,0,0
NBAPT322204-GRY1,SI,0,0
NBAPT322204-GRY,SI,0,0
NBAPT322204-BLK2,SI,0,0
NBAPT322204-BLK1,SI,0,0
NBAPT322204-BLK,SI,0,0
NBAPT322202-GRY2,SI,0,0
NBAPT322202-GRY,SI,0,0
NBAPT322202-GRY1,SI,0,0
NBAPT322202-BLK2,SI,0,0
NBAPT322202-BLK1,SI,0,0
NBAPT322202-BLK,SI,0,0
NBATT322201-BLU,SI,0,0
NBATT322201-PUR1,SI,0,0
NBATT322201-PUR,SI,0,0
NBATT322201-YEL,SI,0,9
NBATT322201-BLK1,SI,0,0
NBATT322201-RED,SI,1,9
NBATT322201-WHT,SI,0,0
NBATT322201-BLK,SI,0,3
NBAPT522203-BLU,SI,0,0
NBAPT522203-BUR,SI,0,0
NBAPT522203-BLK1,SI,0,0
NBAPT522203-BLK2,SI,0,0
NBAPT522203-BLK,SI,0,0
NBAPT522203-GRY,SI,0,0
NBAPT322201-GRY,SI,0,0
NBAPT322201-BLK2,SI,0,0
NBAPT322201-BLK,SI,0,0
NBAPT322201-BLK1,SI,0,0
FITS622202-BLU,SI,0,0
NBAPT322203-BUR,SI,0,0
NBAPT322203-BLU,SI,0,0
NBAPT322203-BLK2,SI,0,0
NBAPT322203-GRY,SI,0,0
NBAPT322203-BLK1,SI,0,0
NBAPT322203-BLK,SI,0,0
NBATS322227-BLK1,SI,0,0
NBATS322227-BLK2,SI,0,0
NBATS322227-RED,SI,0,0
NBATS322227-BLK,SI,0,0
NBATS322227-YEL,SI,10,2
NBASH322223-BLK2,SI,0,0
NBASH322223-BLK1,SI,0,0
NBASH322223-PUR,SI,0,0
NBASH322223-BLK,SI,0,0
NBAJK322220-BLK4,SI,0,0
NBAJK322220-BLK2,SI,0,0
NBAJK322220-BLK3,SI,0,0
NBAJK322220-NVY,SI,0,0
NBAJK322220-BLK1,SI,0,0
NBAJK322220-BLK,SI,0,0
NBAPT322220-BLK2,SI,0,0
NBAPT322220-BLK3,SI,0,0
NBAPT322220-BLK1,SI,0,0
NBAPT322220-NVY,SI,0,0
NBAPT322220-BLK,SI,0,0
NBAPT322220-PUR,SI,0,0
NBATS322240-PUR3,SI,0,0
NBATS322240-YEL3,NO,0,0
NBATS322240-YEL1,SI,10,17
NBATS322240-PUR2,SI,0,0
NBATS322240-PUR,SI,0,0
NBATS322240-YEL,SI,20,0
NBATS322240-PUR1,SI,0,0
NBABC522211-RED,SI,0,0
NBABC522210-BLK,SI,0,0
NBASB522265-RED,SI,0,0
NBASB522264-RED,SI,0,0
NBASB522263-BLK,SI,1,0
NBASB522262-BLK,SI,0,0
NBASB522261-BLK,SI,12,0
NBASB522260-BLK,SI,2,0
NBASB522259-BLK,SI,0,0
NBASB522258-BLK,SI,0,0
NBASB522257-RED,NO,0,0
NBASB522256-BLK,SI,0,0
NBASB522255-BLK,SI,0,0
NBASB522254-BLK,NO,0,0
NBASB522253-BLK,SI,0,0
NBASB522252-BLK,SI,0,0
NBASB522251-BLK,SI,0,0
NBASB522250-BLK,SI,1,0
NBASB522249-BLK,SI,0,0
WWETS522206-GRY,SI,0,0
WWETS522206-BLK,SI,41,0
WWETS522204-GRY,SI,0,0
WWETS522203-BLK,SI,42,0
WWETS522202-RED,SI,0,0
WWETS522201-BLK,SI,21,0
FICA522205-WHT2,SI,0,0
FICA522205-BLK2,SI,0,0
FICA522205-WHT1,SI,0,0
FICA522205-LHB,SI,0,0
FICA522205-NVY4,SI,0,0
FICA522205-NVY3,SI,0,0
FICA522205-BLU1,SI,0,0
FICA522205-WHT,SI,0,0
FICA522205-RED2,SI,0,0
FICA522205-RED1,SI,0,0
FICA522205-NVY2,SI,0,0
FICA522205-RED,SI,0,0
FICA522205-BLK1,SI,0,0
FICA522205-BLK,SI,0,0
FICA522205-BLU,SI,0,0
FICA522205-GRN,SI,0,0
FICA522205-NVY1,SI,0,0
NBABC522208-BLK3,SI,0,0
141AZ-BTE-5SPURS,NO,0,0
141AZ-BTE-5RAPTO,NO,0,0
NL99Z-TPC-5CHORN,NO,0,0
NL99Z-TSC-5CHORN,NO,0,0
NM04Z-MTC-5CHORN,NO,0,0
NM04Z-WTE-5CHORN,NO,0,0
G160-RED-ATLHAWKS,NO,0,0
G160-BLK-BOSCEL,NO,0,0
G160-BLK-CHIBULLS,NO,0,0
G160-RED-CHIBULLS,NO,0,0
G160-ROY-GOLWAR,NO,0,0
G160-BLK-LALAKERS,NO,0,0
G160-YELL-LALAKERS,NO,0,0
G160-BLK-MIAHEAT,NO,0,0
G160-RED-MIAHEAT,NO,0,0
G160-BLK-ORLMAG,NO,0,0
G160-ROY-ORLMAG,NO,0,0
G160-BLK-SAKINGS,NO,0,0
G160-BLK-SASPURS,NO,0,0
G160-TEAL-SASPURS,NO,0,0
G160-BLK-GOLWAR,NO,0,0
G160-BLK-TORAPTOR,NO,0,0
G160-BLK-SANDGOCLI,NO,0,0
G160-BLK-VANGRIZZ,NO,0,0
G160-TEAL-VANGRIZZ,NO,0,0
G160-BLK-UTAJAZZ,NO,0,0
G160-PUR-UTAJAZZ,NO,0,0
G160-BUR-DETPIST,NO,0,0
G160-TEAL-DETPIST,NO,0,0
G160-BLK-ORLJAZZ,NO,0,0
G160-PUR-ORLJAZZ,NO,0,0
TPC-RED-ATLHAWKS,NO,0,0
TSC-YELL-ATLHAWKS,NO,0,0
G202-BALTIBUL-RED,NO,0,0
G202-BALTIBUL-ROY,NO,0,0
G202-BOSCEL-BLK,NO,0,0
G202-BOSCEL-GRN,NO,0,0
G202-CHARHOR-PUR,NO,0,0
G202-CHARHOR-TEAL,NO,0,0
G202-CHIBULLS-BLK,NO,0,0
G202-CHIBULLS-GREY,NO,0,0
G202-CHIBULLS-RED,NO,0,0
G202-DENVNUG-RED,NO,0,0
G202-DENVNUG-ROY,NO,0,0
G202-GOLWAR-GREY,NO,0,0
G202-GOLWAR-ROY,NO,0,0
G202-GOLWAR-YELL,NO,0,0
G202-HOUROCK-RED,NO,0,0
G202-LACLIPPER-RED,NO,0,0
G202-LACLIPPER-ROY,NO,0,0
G202-LALAKERS-GREY,NO,0,0
G202-LALAKERS-PUR,NO,0,0
G202-LALAKERS-YEL,NO,0,0
G202-MIAHEAT-BLK,NO,0,0
G202-MIAHEAT-RED,NO,0,0
G202-NYKNICKS-BLK,NO,0,0
G202-ORLMAGIC-BLK,NO,0,0
G202-ORLMAGIC-BLU,NO,0,0
G202-ORLMAGIC-GRY,NO,0,0
G202-PHIL76ERS-RED,NO,0,0
G202-BLK-PORTRA,NO,0,0
G202-GREY-PORTRA,NO,0,0
G202-RED-PORTRA,NO,0,0
G202-GREY-SAKINGS,NO,0,0
G202-BLK-SASPURS,NO,0,0
G202-GREY-SASPURS,NO,0,0
G202-TEAL-SASPURS,NO,0,0
G202-BLK-GOLWAR,NO,0,0
G202-ROY-GOLWAR,NO,0,0
G202-GRY-TORAPTOR,NO,0,0
NBASB522207-BLK5,SI,0,0
NBASB522207-BLK4,SI,0,0
NBASB522206-YEL1,SI,4,0
NBASB522206-PUR1,SI,0,0
NBASB522206-GRN,SI,0,0
NBASB522203-PUR1,SI,0,0
NBASB522203-GRN,SI,0,0
NBASB522203-BLU2,SI,0,0
NBASB522203-BLU1,SI,0,0
NBASB522203-BLU,SI,0,0
NBABC522202-PUR1,SI,0,0
NBABC522202-NVY2,SI,0,0
NBABC522202-NVY1,SI,0,0
NBABC522202-GRN,SI,0,0
NBABC522202-NVY,SI,0,0
NBABC522201-BLK7,SI,0,0
NBABC522201-BLK5,SI,0,0
NBABC522201-BLK6,SI,0,0
NBABC522201-BLK4,SI,0,0
NBABC522201-BLK3,SI,0,0
NBASB522265-PUR,SI,0,0
NBASB522265-GRY,SI,0,0
NBASB522265-BUR,SI,0,0
NBASB522264-PUR,SI,0,0
NBASB522264-GRY,SI,0,0
NBASB522264-BUR,SI,0,0
NBASB522263-BLK3,SI,0,0
NBASB522263-BLK2,SI,0,0
NBASB522263-BLK1,SI,0,0
CCTS622205-BLK,SI,0,0
CCTS622206-OWHT,SI,0,0
NBABJ522210-BLK,SI,0,15
NBABJ522210-BLK1,SI,0,16
NFLJP522204-NVY,SI,0,17
FITS622208-WHT9,SI,0,0
FIPT522203-NVY8,SI,0,0
G202-GREY-UTAHJAZZ,NO,0,0
117AZ-013-5CHOR1,NO,0,0
117AZ-005-5CHOR1,NO,0,0
117AZ-013-5SCLIP,NO,0,0
112AZ-MTC-5CHOR1,NO,0,0
129AZ-FAS-5CHOR1,NO,0,0
VY95Z-005-5HAWKS,NO,0,0
VY95Z-005-5BULLE,NO,0,0
VY95Z-005-5CELTI,NO,0,0
VY95Z-005-5CHORN,NO,0,0
VY95Z-005-5BULLS,NO,0,0
VY95Z-005-5CAVAL,NO,0,0
VY95Z-005-5WARRI,NO,0,0
VY95Z-005-5LAKER,NO,0,0
VY95Z-005-5HEAT,NO,0,0
VY95Z-005-5TIMBE,NO,0,0
VY95Z-005-5KNICK,NO,0,0
VY95Z-005-576ERS,NO,0,0
VY95Z-005-5TRAIL,NO,0,0
VY95Z-005-5SPURS,NO,0,0
VY95Z-005-5SWARR,NO,0,0
VY95Z-005-5RAPTO,NO,0,0
VY95Z-005-5VGRIZ,NO,0,0
VY94Z-005-5BULLS,NO,0,0
VY94Z-005-5CAVAL,NO,0,0
VY94Z-005-5TRAIL,NO,0,0
VY94Z-005-5SPURS,NO,0,0
VY94Z-005-5RAPTO,NO,0,0
126AZ-005-5HAWKS,NO,0,0
126AZ-005-5CELTI,NO,0,0
126AZ-005-5BNETS,NO,0,0
G202-PUR-TORAPTOR,NO,0,0
G202-RED-TORAPTOR,NO,0,0
G202-BLK-VANGRIZZ,NO,0,0
G202-GREY-VANGRIZZ,NO,0,0
G202TEAL-VANGRIZZ,NO,0,0
G202-BLK-UTAHJAZZ,NO,0,0
G202-BLUE-UTAHJAZZ,NO,0,0
141AZ-BTE-5NNETS,NO,0,0
EU1082-CHAHOR-TEAL,NO,0,0
EU1082-DENNUG-ROY,NO,0,0
EU1082-GOLWAR-GREY,NO,0,0
NBASBTS321202-RED,NO,0,0
NBASBTS321202-BLK,NO,0,0
NBASBTS321202-WHT,NO,0,0
NBASBTS321204-RED,SI,9,0
NBASBTS321204-PUR,SI,18,0
NBASBTS321205-BLK,SI,4,0
NBASBTS321206-BLK,SI,5,0
NBASBTS321206-YLW,SI,12,0
NBASBTS321207-WHT,SI,1,0
NBASBTS321209-GRY,SI,0,0
NBASBTS321210-BLK,NO,0,0
NBASBPT321201-BLK,SI,3,0
NBASBTS321211-WHT,SI,4,0
NBASBSH321201-BLK,NO,4,0
NBASBTT321201-BLK,NO,4,0
NBASBHD521201-BLK,SI,0,0
NBASBTS521201-BLK,NO,0,0
NBASBHD521201-BLK2,SI,0,0
NBASBTT521201-BLK,NO,0,0
NBASBPT521201-BLK,NO,0,0
NBASBTS521201-BLK2,NO,0,0
NBASBTS521202-RED,NO,0,0
NBASBTS521202-BLK,NO,0,0
NBASBTS521202-PUR,NO,0,0
NBASBTS521202-WHT,NO,0,0
NBASBTS521203-RED,NO,0,0
NBASBTS521203-BLK,NO,0,0
NBASBTS521203-PUR,NO,0,0
NBASBTS521203-YLW,NO,0,0
NBASBTS521205-RED,NO,0,0
WL72735864069QI,NO,0,0
NBASBTS521205-BLK,NO,0,0
WL8275493029QI,NO,0,0
NBASBTS521207-WHT,NO,0,0
NBASBTS521209-GRY,NO,0,0
NBASBTS521210-BLK,NO,0,0
NBASBTS521211-WHT,SI,2,0
WL827549302AUCB,NO,2,0
WL720G586396AUCB,NO,2,0
GF880549302AUCB,NO,2,0
6HSSTD10-MNNSCWH,NO,2,0
6HSSTD10-MNNDKRD,NO,2,0
6HSSTD10-MNNRDGD,NO,2,0
6HSSTD10-MNNRYWH,NO,2,0
6HSSTD10-MNNWHBK,NO,2,0
6HSSTD10-MNNWHRY,NO,2,0
6HSSTD10-MNNYELL,NO,2,0
6HSSBC83-LALBLCK,NO,2,0
6HSSBC83-LALPURP,NO,2,0
6HSSBC83-LALWHIT,NO,2,0
6HSSBC83-LALYELL,NO,2,0
6HSSBC83-P76RED1,NO,2,0
6HSSBC83-P76ROYA,NO,2,0
6HSSBC83-P76WHIT,NO,2,0
6HSSBC83-SASGREY,NO,2,0
6HSSBC83-SASWHIT,NO,2,0
126AZ-005-5CHORN,NO,2,0
126AZ-005-5BULLS,NO,2,0
126AZ-005-5CAVAL,NO,2,0
126AZ-005-5PISTO,NO,2,0
126AZ-005-5WARRI,NO,2,0
126AZ-005-5ROCKE,NO,2,0
126AZ-005-5LAKER,NO,2,0
126AZ-005-5HEAT,NO,2,0
126AZ-005-5KNICK,NO,2,0
126AZ-005-5OKCIT,NO,2,0
126AZ-005-5MAGIC,NO,2,0
126AZ-005-576ERS,NO,2,0
126AZ-005-5TRAIL,NO,2,0
126AZ-005-5SPURS,NO,2,0
126AZ-005-5RAPTO,NO,2,0
127AZ-005-7BRUIN,NO,2,0
127AZ-005-7REDWI,NO,2,0
127AZ-005-7SENAT,NO,2,0
127AZ-005-7PENGU,NO,2,0
127AZ-005-7SHARK,NO,2,0
127AZ-005-7LIGHT,NO,2,0
127AZ-005-7MAPLE,NO,2,0
126AZ-005-5BUCKS,NO,2,0
126AZ-005-5SUNS,NO,2,0
126AZ-005-5GRIZZ,NO,2,0
126AZ-005-5CLIPP,NO,2,0
101AZ-MTC-5CELTI,NO,2,0
101AZ-MTC-5CHORN,NO,2,0
101AZ-MTC-5BULLS,NO,2,0
101AZ-MTC-5CAVAL,NO,2,0
101AZ-MTC-5WARRI,NO,2,0
101AZ-MTC-5LAKER,NO,2,0
101AZ-MTC-5HEAT,NO,2,0
101AZ-MTC-5MAGIC,NO,2,0
101AZ-MTC-5TRAIL,NO,2,0
101AZ-MTC-5SPURS,NO,2,0
101AZ-MTC-5SWARR,NO,2,0
101AZ-MTC-5RAPTO,NO,2,0
101AZ-MTC-5VGRIZ,NO,2,0
101AZ-MTC-5HAWKS,NO,2,0
101AZ-MTC-5SCLIP,NO,2,0
100AZ-MTC-5BNETS,NO,2,0
100AZ-MTC-5BULLS,NO,2,0
100AZ-MTC-5CAVAL,NO,2,0
100AZ-MTC-5MAVER,NO,2,0
100AZ-MTC-5WARRI,NO,2,0
100AZ-MTC-5ROCKE,NO,2,0
100AZ-MTC-5KNICK,NO,2,0
100AZ-MTC-5OKCIT,NO,2,0
100AZ-MTC-5JAZZ,NO,2,0
101AZ-MTC-5CLIPP,NO,2,0
101AZ-MTC-5KNICK,NO,2,0
101AZ-MTC-5NNETS,NO,2,0
101AZ-MTC-576ERS,NO,2,0
100AZ-MTC-5HAWKS,NO,2,0
100AZ-MTC-5PACER,NO,2,0
100AZ-MTC-5CLIPP,NO,2,0
100AZ-MTC-5SPURS,NO,2,0
100AZ-MTC-5RAPTO,NO,2,0
101AZ-MTC-5NETS,NO,2,0
126AZ-005-5PELIC,NO,2,0
181AZ-GTE-5BULLS,NO,2,0
181AZ-GTE-5WARRI,NO,2,0
181AZ-GTE-5LAKER,NO,2,0
177AZ-CMG-5CELTI,NO,2,0
177AZ-CMG-5BNETS,NO,2,0
177AZ-CMG-5BULLS,NO,2,0
6HSSBC83-CHOTEAL,NO,2,0
6HSSBC83-CHOWHIT,NO,2,0
6HSSMO73-HROWHRD,NO,2,0
6HSSBC83-HROBLCK,NO,2,0
6HSSBC83-NYKORAN,NO,2,0
6HSSBC83-NYKWHIT,NO,2,0
6HSSBC70-BCEBKWH,NO,2,0
6HSSBC70-BCEGNWH,NO,2,0
6HSSBC70-BCEWHBK,NO,2,0
6HSSBC70-BNEBKWH,NO,2,0
6HSSBC70-BNEWHBK,NO,2,0
6HSSBC70-CBUBKRD,NO,2,0
6HSSBC70-CBUWHRD,NO,2,0
6HSSBC70-CHOTLPR,NO,2,0
6HSSBC70-CHOWHIT,NO,2,0
6HSSBC70-GSWBLCK,NO,2,0
6HSSBC70-GSWLTYW,NO,2,0
6HSSBC70-GSWROYA,NO,2,0
6HSSBC70-GSWWHIT,NO,2,0
6HSSBC70-HROBKRD,NO,2,0
6HSSBC70-HRORDBK,NO,2,0
6HSSBC70-HROWHRD,NO,2,0
6HSSBC70-LALBKYW,NO,2,0
6HSSBC70-LALDKPR,NO,2,0
6HSSBC70-LALWHPR,NO,2,0
6HSSBC70-LALYWPR,NO,2,0
6HSSBC70-NYKORWH,NO,2,0
6HSSBC70-NYKRYOR,NO,2,0
6HSSBC70-NYKWHRY,NO,2,0
6HSSBC70-SASBKWH,NO,2,0
6HSSBC70-SASGYBK,NO,2,0
6HSSBC70-SASWHBK,NO,2,0
6HSSBC70-CHODKPR,NO,2,0
RMJS519201-BLK,NO,2,0
RMJS519201-WHT,NO,2,0
RMSH519202-BLK,NO,2,0
RMPL519203-BLK,NO,2,0
RMPL519203-WHT,NO,2,0
RMJK519204-BLK,NO,2,0
RMPT519205-BLK,NO,2,0
RMJS519210-BLK,NO,2,0
RMJS519211-BLK,NO,2,0
RMSH519213-BLK,NO,2,0
RMJS519401-NVY,NO,2,0
RMJS519402-NVY,NO,2,0
RMSH519403-NVY,NO,2,0
RMPL519404-NVY,NO,2,0
RMPT519405-NVY,NO,2,0
RMJK519406-NVY,NO,2,0
RMJS519220-WHT,NO,2,0
RMJS519220-NVY,NO,2,0
RMSH519221-NVY,NO,2,0
RMPL519225-NVY,NO,2,0
6HSSTD17-BCEBKGN,NO,2,0
6HSSTD17-BCEBKWH,NO,2,0
6HSSTD17-BCEGREN,NO,2,0
6HSSTD17-BNEGREN,NO,2,0
6HSSTD17-BNEGYWH,NO,2,0
6HSSTD17-CBUBKRD,NO,2,0
6HSSTD17-CBUGREN,NO,2,0
6HSSTD17-CBUWHBK,NO,2,0
6HSSTD17-CHOGREN,NO,2,0
LCPCT622201-WHT,SI,0,0
LCPCT622201-PNK,SI,0,0
LCPCT622201-BLK,SI,0,0
GFSH522201-BLK,SI,0,0
NASHD522204-WHT,SI,0,0
NASHD522204-BLK,SI,0,0
NASTS522210-BLU,SI,0,0
NASTS522210-BLK,SI,0,0
SMTS622203-WHT,SI,36,0
SMTS622203-LBL,SI,0,0
SMTS622203-NVY,SI,36,0
SMCT622203-WHT,SI,0,0
SMCT622203-PUR,SI,0,0
SMCT622203-BLU,SI,0,0
SMCT622202-LBL,SI,0,0
SMCT622201-PUR,SI,0,0
SMCT622201-LBL,SI,0,0
SMTS622202-AQA,SI,0,0
SMTS622202-NVY,SI,0,0
SMTS622202-GRY,SI,0,0
SMTS622201-BLU,SI,0,0
SMTS622201-BLK,SI,30,0
SMTS622201-AQA,SI,0,0
66110U-418,NO,0,0
81840U-LNK,NO,0,0
21291U-LMR,NO,0,0
81840U-LNZ,NO,0,0
21291U-LMY,NO,0,0
81840U-N84,NO,0,0
21281U-LMN,NO,0,0
81842U-88D,NO,0,0
66260U-LLW,NO,0,0
81842U-LNK,NO,0,0
30868U-FCL,NO,0,0
81842U-LNZ,NO,0,0
81843U-88D,NO,0,0
21289U-LMR,NO,0,0
UMJS3HER03-MC,NO,0,0
UMJS6HER01-MC,NO,0,0
BCJS317111-PUR,NO,0,0
BCJS317111-NV2,NO,0,0
JVPT519201-BLK,NO,0,0
JVJS319201-BLK,NO,0,0
JVJS319201-WHT,NO,0,0
JVJS319205-BLK,NO,0,0
JVJS319206-WHT,NO,0,0
JVPT319201-BLK,NO,0,0
JVPL317201-BLK,NO,0,0
JVSB519201-BLK,NO,0,0
JVSB519201-WHT,NO,0,0
JVSB319201-BLK,NO,0,0
JVSB319201-WHT,NO,0,0
JVSB519203-BLK,NO,0,0
JVSB319203-BLK,NO,0,0
BCSB519401-GRY,NO,0,0
BCSB519401-NVY,NO,0,0
BCSB519402-BLK,NO,0,0
BCSB519402-RED,NO,0,0
BCSB519403-BLU,NO,0,0
BCSB519404-NVY,NO,0,0
BCSB519405-BLU,NO,0,0
BCSB519406-NVY,NO,0,0
BCSB519407-NVY,NO,0,0
BCSB319401-GRY,NO,0,0
BCSB319401-NVY,NO,0,0
BCSB319402-BLK,NO,0,0
BCSB319402-RED,NO,0,0
BCSB319403-BLU,NO,0,0
BCSB319404-NVY,NO,0,0
BCSB319405-BLU,NO,0,0
BCSB319406-NVY,NO,0,0
BCSB319407-NVY,NO,0,0
UMJS519216-BLK,NO,0,0
UMJS519216-GRY,NO,0,0
UMJS519217-GRY,NO,0,0
UMJS519217-BLK,NO,0,0
UMJS519217-GRN,NO,0,0
UMSH519214-BLK,NO,0,0
UMSH519214-NVY,NO,0,0
UMSH519214-DRG,NO,0,0
UMJS519112-ROY,NO,0,0
UMJS519114-GRY,NO,0,0
UMJS519114-BLK,NO,0,0
UMJS519114-NVY,NO,0,0
UMVT519111-GRY,NO,0,0
UMVT519111-BLK,NO,0,0
UMVT519111-NVY,NO,0,0
UMPL519111-NVY,NO,0,0
UMPL519111-BLK,NO,0,0
UMPL519111-GRY,NO,0,0
UMJS519118-GRY,NO,0,0
UMJS519118-ROY,NO,0,0
UMJS319213-BLK,NO,0,0
6HSSTD17-GSWGREN,NO,0,0
6HSSTD17-GSWRYYW,NO,0,0
6HSSTD17-HROGREN,NO,0,0
6HSSTD17-HRORDBK,NO,0,0
6HSSTD17-LALDKPR,NO,0,0
6HSSTD17-LALGREN,NO,0,0
6HSSTD17-LALPRBK,NO,0,0
6HSSTD17-LALPRWH,NO,0,0
6HSSTD17-NYKGREN,NO,0,0
6HSSTD17-NYKORWH,NO,0,0
6HSSTD17-SASWHIT,NO,0,0
6HSSTD17-BNEBKWH,NO,0,0
6HSSTD17-HROBKRD,NO,0,0
6HSSTD17-NYKRYOR,NO,0,0
6HSSTD17-SASBKGY,NO,0,0
6HSSTD17-SASGREN,NO,0,0
6HSSTD17-CHOPRWH,NO,0,0
6HSSTD15-BCEBLCK,NO,0,0
6HSSTD15-BCEGNWH,NO,0,0
6HSSTD15-BCEWHGN,NO,0,0
6HSSTD15-BNEBKWH,NO,0,0
6HSSTD15-BNEBLCK,NO,0,0
6HSSTD15-BNEWHBK,NO,0,0
6HSSMO73-LALBKPK,NO,0,0
6HSSTD15-BNEWHIT,NO,0,0
6HSSTD15-CBUBLCK,NO,0,0
6HSSTD15-CHOPRTL,NO,0,0
6HSSTD15-CHOTLPR,NO,0,0
6HSSTD15-CHOWHPR,NO,0,0
6HSSMO73-CBUBKPK,NO,0,0
6HSSMO73-CBUBKRD,NO,0,0
6HSSTD15-GSWWHRY,NO,0,0
6HSSMO73-CBUBLCK,NO,0,0
6HSSMO73-CBUWHIT,NO,0,0
6HSSTD15-HROBKRD,NO,0,0
6HSSTD16-BCEWHGN,NO,0,0
6HSSTD16-BNEGYBK,NO,0,0
6HSSTD15-HROBLCK,NO,0,0
6HSSTD16-CBUBKRD,NO,0,0
6HSSTD16-CBUMARO,NO,0,0
6HSSTD15-HRORDBK,NO,0,0
6HSSTD16-CBUWHRD,NO,0,0
6HSSTD16-LALBKYW,NO,0,0
6HSSTD15-HROWHIT,NO,0,0
6HSSTD15-HROWHRD,NO,0,0
6HSSTD15-LALBKYW,NO,0,0
6HSSTD15-LALBLCK,NO,0,0
6HSSTD16-LALBLCK,NO,0,0
6HSSTD16-LALLTYW,NO,0,0
6HSSTD15-LALWHPR,NO,0,0
6HSSTD15-LALYWPR,NO,0,0
6HSSTD15-NYKORRY,NO,0,0
6HSSTD15-NYKRYOR,NO,0,0
6HSSTD16-LALYLBK,NO,0,0
6HSSTD16-PTBSCWH,NO,0,0
6HSSTD15-NYKWHBL,NO,0,0
6HSSTD15-NYKWHOR,NO,0,0
6HSSTD15-SASBKWH,NO,0,0
6HSSTD15-SASGYBK,NO,0,0
6HSSTD15-SASWHBK,NO,0,0
6HSSTD15-CBURDBK,NO,0,0
6HSSTD15-CBUWHBK,NO,0,0
6HSSTD15-CBUWHRD,NO,0,0
6HSSTD15-CBUBKRD,NO,0,0
6HSSTD15-CBUSCWH,NO,0,0
6HSSTD15-CBUWHIT,NO,0,0
6HSSTD15-GSWWHYW,NO,0,0
6HSSTD15-GSWBLCK,NO,0,0
6HSSTD15-GSWRYYW,NO,0,0
6HSSTD36-P76DKYW,NO,0,0
6HSSTD16-BNEDKYW,NO,0,0
6HSSTD16-CBULTBL,NO,0,0
177AZ-CMG-5CAVAL,NO,0,0
177AZ-CMG-5WARRI,NO,0,0
177AZ-GBL-5HEAT,NO,0,0
177AZ-GBL-5KNICK,NO,0,0
177AZ-CMG-5OKCIT,NO,0,0
177AZ-GBL-5MAGIC,NO,0,0
177AZ-CMG-576ERS,NO,0,0
177AZ-GBL-5SUNS,NO,0,0
177AZ-CMG-5KINGS,NO,0,0
177AZ-CMG-5SPURS,NO,0,0
177AZ-CMG-5RAPTO,NO,0,0
177AZ-CMG-5HAWKS,NO,0,0
177AZ-GBL-5HAWKS,NO,0,0
177AZ-GBL-5BNETS,NO,0,0
177AZ-GBL-5BULLS,NO,0,0
177AZ-GBL-5CAVAL,NO,0,0
177AZ-GBL-5WARRI,NO,0,0
177AZ-CMG-5GRIZZ,NO,0,0
177AZ-GBL-5GRIZZ,NO,0,0
177AZ-GBL-5SPURS,NO,0,0
177AZ-GBL-5RAPTO,NO,0,0
178AZ-GTE-5CELTI,NO,0,0
178AZ-GTE-5BNETS,NO,0,0
178AZ-GTE-5BULLS,NO,0,0
178AZ-GTE-5CAVAL,NO,0,0
178AZ-GTE-5WARRI,NO,0,0
178AZ-GTE-5HEAT,NO,0,0
178AZ-GTE-576ERS,NO,0,0
178AZ-GTE-5KINGS,NO,0,0
166AZ-GTE-9MNBRA,NO,0,0
178AZ-GTE-5HAWKS,NO,0,0
178AZ-GTE-5MAVER,NO,0,0
178AZ-GTE-5ROCKE,NO,0,0
178AZ-GTE-5PACER,NO,0,0
178AZ-GTE-5TIMBE,NO,0,0
178AZ-GTE-5OKCIT,NO,0,0
178AZ-GTE-5SUNS,NO,0,0
178AZ-GTE-5TRAIL,NO,0,0
178AZ-GTE-5SPURS,NO,0,0
178AZ-GTE-5RAPTO,NO,0,0
167AZ-010-9MNBRA,NO,0,0
167AZ-013-9MNBRA,NO,0,0
VY90Z-FAS-5CAVAL,NO,0,0
VY90Z-FAS-5WARRI,NO,0,0
VY93Z-017-9MNBRA,NO,0,0
VY90Z-FAS-5BULLS,NO,0,0
VY90Z-FAS-5CLIPP,NO,0,0
148AZ-CAM-5HAWKS,NO,0,0
148AZ-CAM-5SPURS,NO,0,0
148AZ-CAM-5RAPTO,NO,0,0
165AZ-005-9MNBRA,NO,0,0
105AZ-FAS-5HAWKS,NO,0,0
105AZ-FAS-5BNETS,NO,0,0
105AZ-FAS-5BULLS,NO,0,0
105AZ-FAS-5CAVAL,NO,0,0
105AZ-FAS-5WARRI,NO,0,0
105AZ-FAS-5ROCKE,NO,0,0
105AZ-FAS-5PACER,NO,0,0
105AZ-FAS-5GRIZZ,NO,0,0
105AZ-FAS-5TIMBE,NO,0,0
105AZ-FAS-5OKCIT,NO,0,0
105AZ-FAS-5TRAIL,NO,0,0
105AZ-FAS-5SPURS,NO,0,0
105AZ-FAS-5RAPTO,NO,0,0
6HSSBC69-BCEGREN,NO,0,0
6HSSBC69-BCEWHIT,NO,0,0
6HSSBC69-BNEBLCK,NO,0,0
6HSSTD16-CBUPKWH,NO,0,0
6HSSTD16-CBUWHIT,NO,0,0
6HSSTD16-CBUWHPK,NO,0,0
6HSSTD16-NYKORWH,NO,0,0
6HSSTD16-NYKWHRY,NO,0,0
6HSSTD16-P76WHRD,NO,0,0
6HSSTD19-BNEBROW,NO,0,0
6HSSTD19-BNEWHIT,NO,0,0
6HSSTD19-CBUBROW,NO,0,0
6HSSTD19-CBUWHIT,NO,0,0
6HSSTD19-SASBROW,NO,0,0
6HSSTD19-SASWHIT,NO,0,0
6HSSTD13-CBUBLCK,NO,0,0
6HSSTD13-CBULTBL,NO,0,0
6HSSTD13-CBUWHPK,NO,0,0
6HSSTD13-CBUWHYW,NO,0,0
6HSSMO73-LALBLCK,NO,0,0
6HSSMO73-LALDKPR,NO,0,0
6HSSMO73-LALGREY,NO,0,0
6HSSMO73-LALLTYW,NO,0,0
6HSSMO73-LALWHIT,NO,0,0
6HSSMO73-SASBLCK,NO,0,0
6HSSMO73-SASWHSV,NO,0,0
6HSSMO73-NYKLTOR,NO,0,0
6HSSMO73-NYKRYOR,NO,0,0
6HSSMO73-NYKWHIT,NO,0,0
6HSSMO73-SASGREY,NO,0,0
6HSSMO73-CHOWHIT,NO,0,0
6HSSMO73-CHOBKPK,NO,0,0
6HSSMO73-CHOBLCK,NO,0,0
6HSSMO73-SASWHIT,NO,0,0
RMSB519229-NVY,NO,0,0
RMSB519229-WHT,NO,0,0
RMSB519229-BLK,NO,0,0
RMSB519411-NVY,NO,0,0
RMSB519411-BLK,NO,0,0
RMSB519206-BLK,NO,0,0
RMSB519216-BLK,NO,0,0
RMSB519216-NVY,NO,0,0
RMSB319229-NVY,NO,0,0
RMSB319229-WHT,NO,0,0
RMSB319229-BLK,NO,0,0
RMSB319411-NVY,NO,0,0
RMSB319411-BLK,NO,0,0
RMSB319206-BLK,NO,0,0
RMSB319216-BLK,NO,0,0
RMSB319216-NVY,NO,0,0
AMSB519207-RED,NO,0,0
AMSB319207-RED,NO,0,0
UMVT319111-GRY,NO,0,0
UMVT319111-NVY,NO,0,0
UMJS519161-GRY,NO,0,0
UMJS519161-BLK,NO,0,0
UMJS519161-NVY,NO,0,0
UMHD519162-GRY,NO,0,0
UMHD519162-BLK,NO,0,0
UMPT519163-GRY,NO,0,0
MKTS319105-GRY,NO,0,0
MKTS319105-BLU,NO,0,0
UMPT519163-BLK,NO,0,0
MNPJ419101-PNK,NO,0,0
MNPJ419102-PNK,NO,0,0
UMJS519164-WHT,NO,0,0
MNPJ419107-PNK,NO,0,0
MNPJ419108-PNK,NO,0,0
UMJS519164-ROY,NO,0,0
MNDR419101-PNK,NO,0,0
MNDR419102-PNK,NO,0,0
UMJS519164-GRY,NO,0,0
UMJS519164-AQU,NO,0,0
UMJK519163-GRY,NO,0,0
UMJK519163-BLK,NO,0,0
UMJS319164-GRY,NO,0,0
UMJS319164-WHT,NO,0,0
UMJS319164-ROY,NO,0,0
UMJS519212-GRY,NO,0,0
UMJS519212-GRN,NO,0,0
UMJS519212-BLK,NO,0,0
UMJS519213-BLK,NO,0,0
UMJS519213-GRY,NO,0,0
UMJS519213-NVY,NO,0,0
UMSH519211-BLK,NO,0,0
UMSH519211-GRY,NO,0,0
UMSH519211-NVY,NO,0,0
UMSH519212-BLK,NO,0,0
UMSH519212-NVY,NO,0,0
UMSH519213-BLK,NO,0,0
UMJK519211-BLK,NO,0,0
UMJK519211-NVY,NO,0,0
UMJK519211-GRY,NO,0,0
UMPT519211-GRY,NO,0,0
UMPT519211-NVY,NO,0,0
UMPT519211-BLK,NO,0,0
UMJK519213-GRY,NO,0,0
UMJK519213-BLK,NO,0,0
UMPT519212-BLK,NO,0,0
UMSH519111-BLK,NO,0,0
UMJS519116-GRY,NO,0,0
UMJS519116-BLK,NO,0,0
UMJS519116-ROY,NO,0,0
UMSH519113-NVY,NO,0,0
UMSH519113-BLK,NO,0,0
UMJS319212-BLK,NO,0,0
UMJS319213-GRY,NO,0,0
UMJS319213-NVY,NO,0,0
UMJS319116-BLK,NO,0,0
UMJS319116-ROY,NO,0,0
MKPJ319101-BLU,NO,0,0
MKPJ319102-NVY,NO,0,0
MKTS319102-RED,NO,0,0
MKTS319103-BLU,NO,0,0
MKTS319105-WHT,NO,0,0
MKTS319106-BLU,NO,0,0
MNTS419104-PNK,NO,0,0
MNTS419102-WHT,NO,0,0
MNTS419108-TUR,NO,0,0
MNTS419111-WHT,NO,0,0
MNTS419113-NVY,NO,0,0
TSPJ319101-BLU,NO,0,0
TSPJ319104-NVY,NO,0,0
TSPJ319104-TUR,NO,0,0
TSTS319101-TUR,NO,0,0
TSTS319102-GRN,NO,0,0
TSTS319103-TUR,NO,0,0
TSTS319103-RED,NO,0,0
CAPTAINBAND-RED,NO,0,0
CAPTAINBAND-GRN,NO,0,0
TSTS319103-NVY,NO,0,0
CAPTAINBAND-BLK,NO,0,0
MCPJ319117-GRY,NO,0,0
MCPJ319117-LGH,NO,0,0
MCPJ319121-NVY,NO,0,0
MCPJ319121-WHT,NO,0,0
MKSB319101-BLU,NO,0,0
MKSB319103-GRY,NO,0,0
MNSB419101-PNK,NO,0,0
MNSB419103-GRY,NO,0,0
TSSB319101-NVY,NO,0,0
TSSB319102-BLU,NO,0,0
TSSB319104-NVY,NO,0,0
MNS119101,NO,0,0
MNS119102,NO,0,0
DSS119101,NO,0,0
MYSB519106-NVY,NO,0,0
MYSB319106-NVY,NO,0,0
6HSSBC78-BCEBLCK,NO,0,0
6HSSBC78-BCEWHIT,NO,0,0
6HSSBC78-BNEWHIT,NO,0,0
6HSSBC78-CBUBLCK,NO,0,0
6HSSBC78-CBUDKPK,NO,0,0
6HSSBC78-CBUWHRD,NO,0,0
6HSSBC78-CHOWHIT,NO,0,0
6HSSBC78-GSWBLCK,NO,0,0
6HSSMO42-BNEBLCK,NO,0,0
6HSSMO42-CBUAQUA,NO,0,0
6HSSBC78-GSWROYA,NO,0,0
6HSSBC78-HROBLCK,NO,0,0
6HSSBC78-HRODKPK,NO,0,0
6HSSBC78-LALDKPR,NO,0,0
6HSSBC78-SASBLCK,NO,0,0
6HSSBC78-SASWHIT,NO,0,0
6HSSBC69-BNEWHIT,NO,0,0
6HSSBC69-CBUBLCK,NO,0,0
6HSSBC69-CBUWHRD,NO,0,0
6HSSBC69-CHOTEAL,NO,0,0
6HSSBC69-GSWROYA,NO,0,0
6HSSBC69-HROBLCK,NO,0,0
6HSSMO42-CBULTBL,NO,0,0
6HSSMO42-CBULTPK,NO,0,0
6HSSMO42-CBUPINK,NO,0,0
6HSSMO42-CBURED1,NO,0,0
6HSSMO42-CBUROYA,NO,0,0
6HSSMO42-CBUWHIT,NO,0,0
6HSSMO42-CHOKHAK,NO,0,0
6HSSMO42-HRORED1,NO,0,0
6HSSMO42-LALBLCK,NO,0,0
6HSSMO42-LALPURP,NO,0,0
6HSSMO42-LALWHIT,NO,0,0
6HSSMO42-LALYELL,NO,0,0
6HSSMO42-OCTORAN,NO,0,0
6HSSMO42-SASBLCK,NO,0,0
6HSSMO42-SASLTGY,NO,0,0
6HSSTD21-BCEBLCK,NO,0,0
6HSSTD21-BCEWHIT,NO,0,0
6HSSTD21-CBUBLCK,NO,0,0
6HSSTD21-CBUWHIT,NO,0,0
6HSSTD21-CHOWHIT,NO,0,0
6HSSTD21-LALBKYW,NO,0,0
6HSSTD21-LALWHIT,NO,0,0
6HSSTD21-SASBLCK,NO,0,0
6HSSTD21-SASGREY,NO,0,0
6HSSTD21-SASWHIT,NO,0,0
6HSSTD21-CHOBLCK,NO,0,0
6HSSTD21-LALBLCK,NO,0,0
6HSSMO43-CBUBKRD,NO,0,0
6HSSMO43-CBUCREA,NO,0,0
6HSSMO43-CBULTBL,NO,0,0
6HSSMO43-CBUMARO,NO,0,0
6HSSMO43-CBURED1,NO,0,0
6HSSMO43-CBUWHPK,NO,0,0
6HSSMO43-CBUWHRD,NO,0,0
6HSSMO43-CBUWHYW,NO,0,0
6HSSMO43-CHOHRBL,NO,0,0
6HSSMO43-LALLTYW,NO,0,0
6HSSMO43-LALWHIT,NO,0,0
6HSSMO43-SASGREY,NO,0,0
6HSSMO43-SASWHIT,NO,0,0
6HSSMO43-TRARED1,NO,0,0
6HSSMO43-BNEBLCK,NO,0,0
6HSSMO43-GSWWHIT,NO,0,0
6HSSMO43-LALBLCK,NO,0,0
6HSSMO43-OCTLTOR,NO,0,0
6HSSMO43-SKIDKPR,NO,0,0
6HSSMO99-P76WHIT,NO,0,0
6HSSTD18-BNEWHBK,NO,0,0
6HSSTD18-CBUBKWH,NO,0,0
6HSSTD18-CBUBLCK,NO,0,0
6HSSTD18-CBUBKPK,NO,0,0
6HSSTD18-CBURDBK,NO,0,0
6HSSTD18-CBUWHBK,NO,0,0
6HSSTD18-CBURYBK,NO,0,0
6HSSTD18-CBUWHRD,NO,0,0
6HSSTD18-LALLYBK,NO,0,0
6HSSTD18-LALWHBK,NO,0,0
6HSSTD18-SASWHBK,NO,0,0
6HSSMO45-BCEWHBL,NO,0,0
6HSSMO45-BCEWHGN,NO,0,0
6HSSMO45-BNEBKWH,NO,0,0
6HSSBC78-CHODKPR,NO,0,0
6HSSBC78-HRORED1,NO,0,0
6HSSBC78-HROWHIT,NO,0,0
6HSSBC78-CHOHRBL,NO,0,0
6HSSBC78-GSWLTYW,NO,0,0
6HSSBC78-BNEBLCK,NO,0,0
6HSSBC78-CBUBKYW,NO,0,0
6HSSBC78-CBUGREY,NO,0,0
6HSSBC78-CBUKHAK,NO,0,0
6HSSBC78-CBUMARO,NO,0,0
6HSSBC78-CBUPINK,NO,0,0
6HSSBC78-CBURDBK,NO,0,0
6HSSBC78-CBUWHIT,NO,0,0
6HSSBC78-CBUWHYW,NO,0,0
6HSSBC78-LALWHIT,NO,0,0
6HSSBC78-OCTWHIT,NO,0,0
6HSSBC69-HROWHIT,NO,0,0
6HSSBC69-LALDKPR,NO,0,0
6HSSMO42-CBUBLCK,NO,0,0
6HSSMO42-CBUCARD,NO,0,0
6HSSTD36-TRAPRBK,NO,0,0
RMJK319105-NVY,NO,0,0
SWST318316-BLU,NO,0,0
NBAJS519309-BLK,NO,0,0
LFPJ319107-WHT,NO,0,0
LFPJ319110-BLU,NO,0,0
LFPJ319111-BLK,NO,0,0
LFPJ319112-GRY,NO,0,0
6HSSBC67-BCEGREN,NO,0,0
6HSSBC67-BCEWHIT,NO,0,0
6HSSBC67-BNEBLCK,NO,0,0
6HSSBC67-BNEGREY,NO,0,0
6HSSBC67-CBUBLCK,NO,0,0
6HSSBC67-CBUWHIT,NO,0,0
6HSSBC67-CHOWHIT,NO,0,0
6HSSBC67-CHOWHPR,NO,0,0
6HSSBC67-GSWWHBK,NO,0,0
6HSSBC67-GSWWHIT,NO,0,0
6HSSBC67-HRORED1,NO,0,0
6HSSBC67-HROWHIT,NO,0,0
6HSSBC67-LALDKPR,NO,0,0
6HSSBC67-LALLTYW,NO,0,0
6HSSBC67-SASGREY,NO,0,0
6HSSBC67-SASWHIT,NO,0,0
6HSSBC67-NYKLTOR,NO,0,0
6HSSBC67-NYKWHIT,NO,0,0
STTS519403-RED,NO,0,0
STTS519403-BLK,NO,0,0
RMPK319401-WHT,NO,0,0
RMPK319402-BLU,NO,0,0
LVTW2001-RED,NO,0,0
STTS519404-RED,NO,0,0
STTS519404-BLK,NO,0,0
STTS519402-RED,NO,0,0
STTS519402-GRY,NO,0,0
STTT519401-RED,NO,0,0
STTT519401-GRY,NO,0,0
STJK519406-NVY,NO,0,0
STJK519406-BLK,NO,0,0
STPT519407-NVY,NO,0,0
STPT519407-BLK,NO,0,0
STSH519408-NVY,NO,0,0
STSH519408-BLK,NO,0,0
RMHD519405-NVY,NO,0,0
NBAPL319459-BLK,NO,0,0
6HSSNAVY-CCAMM48,NO,0,0
RMTS519422-NVY,NO,0,0
RMTS519423-BLK,NO,0,0
NBAPL319457-WHT,NO,0,0
NBAPL319458-PUR,NO,0,0
NL99Z-TSC-5BUCKS,NO,0,0
6HSSBLCK-AHAMM48,NO,0,0
6LSSMM28-CBUGREY,NO,0,0
BH78BU-SAS-K-HUX,NO,0,0
BH78F4-HRO-K-ITN,NO,0,0
NL15Z-TSC-5HEAT,NO,0,0
6HSSMO04-BCEKGWH,NO,0,0
6HSSMO04-BNEBKGY,NO,0,0
6HSSMO04-BNEBKWH,NO,0,0
6HSSMO04-CBUBKWH,NO,0,0
6HSSMO04-CBUDKPK,NO,0,0
6HSSMO04-CBULTBL,NO,0,0
6HSSMO04-CBUMARO,NO,0,0
6HSSMO04-CBURDBK,NO,0,0
6HSSMO04-CBURYWH,NO,0,0
6HSSMO04-CBUSCWH,NO,0,0
6HSSMO04-CBUWHBK,NO,0,0
6HSSMO04-CBUWHYW,NO,0,0
6HSSMO04-CHODKPR,NO,0,0
6HSSMO04-HROSCWH,NO,0,0
6HSSMO04-LALYLBK,NO,0,0
6HSSMO04-P76RYWH,NO,0,0
6HSSMO04-PTBBKWH,NO,0,0
6HSSMO04-SASWHBK,NO,0,0
6HSSMO04-TRAPRBK,NO,0,0
6HSSMO05-LALDKYW,NO,0,0
6HSSMO05-SASTLWH,NO,0,0
6HSSTD23-BCEKYGN,NO,0,0
6HSSTD23-BCEWHGN,NO,0,0
6HSSTD23-BCEWHIT,NO,0,0
6HSSTD23-BNEBLCK,NO,0,0
6HSSTD23-BNEWHIT,NO,0,0
6HSSTD23-CBUBLCK,NO,0,0
6HSSTD23-CBUDKPK,NO,0,0
6HSSTD23-CBURED1,NO,0,0
6HSSTD23-CBUSKBL,NO,0,0
6HSSTD23-CBUWHBK,NO,0,0
6HSSTD23-CBUWHRD,NO,0,0
6HSSTD23-CHOLTBL,NO,0,0
6HSSTD23-GSWROYA,NO,0,0
6HSSTD23-HRORED1,NO,0,0
6HSSTD23-LALBLCK,NO,0,0
6HSSTD23-LALDKYW,NO,0,0
6HSSTD23-LALPURP,NO,0,0
6HSSTD23-LALWHBK,NO,0,0
6HSSTD23-LALYELL,NO,0,0
6HSSTD23-NYKORAN,NO,0,0
6HSSTD23-NYKWHOR,NO,0,0
6HSSTD23-SASBLCK,NO,0,0
6HSSTD23-SASGREY,NO,0,0
6HSSTD23-SASPINK,NO,0,0
6HSSTD23-SASWHIT,NO,0,0
HAT-RMBK-S,NO,0,0
BAS-RMBK-S,NO,0,0
PFR-RMBK-S,NO,0,0
MANIKIN STAND-1,NO,0,0
6HSSMO60-ASGWHTN,NO,0,0
6HSSMO60-ASGWHGN,NO,0,0
6HSBMM07-MTIBLUE,NO,0,0
6HSBMM07-SKIBLUE,NO,0,0
6HSBMM71-DMABLUE,NO,0,0
6HSSBLCK-AHAMM91,NO,0,0
6HSSBLCK-NOPMM13,NO,0,0
6HSSBLCK-P76MM92,NO,0,0
6HSSMO45-BNEGYWH,NO,0,0
6HSSMO45-BNEWHBK,NO,0,0
6HSSMO45-BNEWHBL,NO,0,0
6HSSMO45-CBUBKRD,NO,0,0
6HSSMO45-CBUDKYW,NO,0,0
6HSSMO45-CBURDBK,NO,0,0
6HSSMO45-CBUWHBK,NO,0,0
6HSSMO45-CBUWHBL,NO,0,0
6HSSMO45-CHOWHBL,NO,0,0
6HSSMO45-CHOWHPR,NO,0,0
6HSSMO45-GSWBKYW,NO,0,0
6HSSMO45-GSWWHBK,NO,0,0
6HSSMO45-GSWYLBK,NO,0,0
6HSSMO45-HROBKRD,NO,0,0
6HSSMO45-HROSCWH,NO,0,0
6HSSMO45-HROWHBL,NO,0,0
6HSSMO45-HROWHRD,NO,0,0
6HSSMO45-LALBKYW,NO,0,0
6HSSMO45-LALWHBL,NO,0,0
6HSSMO45-LALWHPR,NO,0,0
6HSSMO45-LALYWPR,NO,0,0
6HSSMO45-NYKORRY,NO,0,0
6HSSMO45-NYKWHOR,NO,0,0
6HSSMO45-SASBKGY,NO,0,0
6HSSMO45-SASDKYW,NO,0,0
6HSSMO45-SASWHBK,NO,0,0
6HSSMO45-LALDKPR,NO,0,0
6HSSMO45-BCEKGWH,NO,0,0
6HSSMO45-CHOTLWH,NO,0,0
6HSSMO45-BCEBKGN,NO,0,0
6HSSMO45-NYKWHBL,NO,0,0
6HSSMM51-LALPURP,NO,0,0
6HSSMM51-P76ROYA,NO,0,0
6HSSMM86-BCEGREN,NO,0,0
6HSSMM86-GSWROYA,NO,0,0
6HSSMM86-HRORED1,NO,0,0
6HSSMM86-LALPURP,NO,0,0
6HSSMM86-NYKROYA,NO,0,0
6HSSMM86-PTBBLCK,NO,0,0
6HSSMM86-SKIPURP,NO,0,0
6HSSJS94-BCEGREN,NO,0,0
6HSSJS94-CBURED1,NO,0,0
6HSSJS94-CHOPURP,NO,0,0
6HSSJS94-LALPURP,NO,0,0
6HSSJS94-P76ROYA,NO,0,0
6HSSJS94-PTBRED1,NO,0,0
6HSSMM83-BCEBLCK,NO,0,0
6HSSMM83-CBUBLCK,NO,0,0
6HSSMM83-HROBLCK,NO,0,0
6HSSMM83-LALBLCK,NO,0,0
6HSSJS94-AHARED1,NO,0,0
6HSSJS94-NYKROYA,NO,0,0
6HSSMM83-CCABLCK,NO,0,0
6HSSMM83-CHOBLCK,NO,0,0
6HSSMM83-GSWBLCK,NO,0,0
6HSSMM83-SASBLCK,NO,0,0
6HSSMM82-BCEGREN,NO,0,0
6HSSMM82-CBURED1,NO,0,0
6HSSMM82-HRORED1,NO,0,0
6HSSMM82-SASGREY,NO,0,0
6HSSMM02-CBUBLCK,NO,0,0
6HSSMM02-LALBLCK,NO,0,0
6HSSMM02-SASBLCK,NO,0,0
6HSSMM82-CCAMARO,NO,0,0
6HSSMM82-LALYELL,NO,0,0
6HSSMM02-P76BLCK,NO,0,0
6HSSMM51-SASBLCK,NO,0,0
6HSSMK18-HROBLCK,NO,0,0
6HSSMK18-MFLBKOR,NO,0,0
6HSSMK18-MHEBKOR,NO,0,0
6HSSMK18-SASBLCK,NO,0,0
6HSSMK18-TRABLCK,NO,0,0
6HSSMK50-AHABLCK,NO,0,0
6HSSMK50-LALBLCK,NO,0,0
6HSSMK51-P76ROYA,NO,0,0
6HSSMK59-AHABLCK,NO,0,0
6HSSMO60-ASGBKWH,NO,0,0
66HSSMO60-ASGBKRD,NO,0,0
6HSSMM97-P76BLCK,NO,0,0
6HSSMO60-ASGWHRD,NO,0,0
6HSSMO60-ASGWHRY,NO,0,0
6HSSMM10-AHAPATN,NO,0,0
6HSSMM10-BCEPATN,NO,0,0
6HSSMM10-GSWPATN,NO,0,0
6HSSMM10-HROPATN,NO,0,0
6HSSMM10-TRAPATN,NO,0,0
6HSSMM10-UJAPATN,NO,0,0
6HSSMM11-DMABLCK,NO,0,0
6HSSMM38-CBUBLCK,NO,0,0
6HSSMM38-MTIBLCK,NO,0,0
6HSSMM39-UJABLCK,NO,0,0
6HSSMM45-OMABLCK,NO,0,0
6HSSMM47-CBUWHIT,NO,0,0
6HSSMM47-SSUWHIT,NO,0,0
6HSSMM47-TRAWHIT,NO,0,0
6HSSMM59-CCABLCK,NO,0,0
6HSSMM59-P76BLCK,NO,0,0
6HSSMM63-NOPBLCK,NO,0,0
6HSSMM64-P76BLCK,NO,0,0
6HSSMM65-SKIBLCK,NO,0,0
6HSSMM67-BCEPATN,NO,0,0
6HSSMM67-CBUPATN,NO,0,0
6HSSMM67-GSWPATN,NO,0,0
6HSSMM67-LALPATN,NO,0,0
6HSSMM67-SKIPATN,NO,0,0
6HSSMM67-UJAPATN,NO,0,0
6HSSMM74-TRAWHIT,NO,0,0
6HSSMM90-SSUBLCK,NO,0,0
6HSSMM41-CBUBLCK,NO,0,0
6HSSNG01-GSWROYA,NO,0,0
6HSSNG01-NYKROYA,NO,0,0
6HSSNG01-P76WHIT,NO,0,0
6HSSNG01-VGRTEAL,NO,0,0
6HSSWHIT-OCTNN49,NO,0,0
6MUSEY12-GSWLTGD,NO,0,0
6MUSEY12-NYKLTBL,NO,0,0
6MUSEY12-OMALTBL,NO,0,0
BH72Q4-DMA-K-AI9,NO,0,0
BH72QF-MGR-K-AIH,NO,0,0
BH72QN-P76-K-AIP,NO,0,0
BH78B0-MGR-B-HKV,NO,0,0
BH78B8-MLA-Y-HO6,NO,0,0
BH78B8-P76-K-HOA,NO,0,0
BH78BS-CCA-B-HTR,NO,0,0
BH78BS-SFW-B-HU0,NO,0,0
BH78BS-VGR-K-HU3,NO,0,0
BH78BV-NYK-K-HVD,NO,0,0
BH78D5-HRO-K-I8U,NO,0,0
BH78D5-TRA-K-I94,NO,0,0
BH78DI-BCE-E-ID0,NO,0,0
BH78DM-SAS-G-IEQ,NO,0,0
BH78DP-CBU-K-IFW,NO,0,0
BH78DU-MGR-K-IGY,NO,0,0
BH78DV-AHA-K-IH7,NO,0,0
6HSSMM83-DNUBLCK,NO,0,0
6HSSMM83-NYKBLCK,NO,0,0
6HSSMM83-SKIBLCK,NO,0,0
6HSSBA12-CBURED1,NO,0,0
6HSSBA24-CBUBLCK,NO,0,0
6HSSMM82-NYKORAN,NO,0,0
6HSSMO69-CBUBLCK,NO,0,0
6HSSMO69-LALBLCK,NO,0,0
6HSSMO69-SASBLCK,NO,0,0
6HSSBC69-LALWHPR,NO,0,0
6HSSBC69-NYKROYA,NO,0,0
6HSSBC69-NYKWHIT,NO,0,0
6HSSBC69-P76ROYA,NO,0,0
6HSSBC69-SASBLCK,NO,0,0
6HSSBC69-SASGREY,NO,0,0
6HSSBC69-WWINAVY,NO,0,0
6HSSBC69-CHODKPR,NO,0,0
6HSSBC69-GSWWHIT,NO,0,0
6HSSBLCK-P76MM48,NO,0,0
BH72Q2-CBU-K-AI7S,NO,0,0
NM04Z-MTC-5OKCIT,NO,0,0
BH78FD-P76-K-IWN,NO,0,0
6HSSMO60-ASGWHPR,NO,0,0
6HSSBLCK-GSWMM91,NO,0,0
6HSSDX03-ASGRED1,NO,0,0
BH7A49-NYK-K-NMK,NO,0,0
5HSSMM69-BCEBLCK,NO,0,0
6HSBMM07-CHOTEAL,NO,0,0
6HSBMM07-MHERED1,NO,0,0
6HSBMM68-CCAGRHT,NO,0,0
6HSBMM71-CBURED1,NO,0,0
6HSBMM71-LALPURP,NO,0,0
6HSSBLCK-BCEMM48,NO,0,0
6HSSBLCK-BNEMM48,NO,0,0
6HSSBLCK-CBUBA52,NO,0,0
6HSSBLCK-MHEMM17,NO,0,0
6HSSBLCK-NYKMM48,NO,0,0
6HSSBLCK-OMAMM90,NO,0,0
6HSSDX07-ASGGRHT,NO,0,0
6HSSGRHT-DPIMM41,NO,0,0
6HSSMK60-BCEGREN,NO,0,0
6HSSMM97-BCEBLCK,NO,0,0
6HSSMM97-CBUBLCK,NO,0,0
6HSSMM11-SSUBLCK,NO,0,0
6HSSMM21-SSUBLCK,NO,0,0
6HSSMM21-TRABLCK,NO,0,0
6HSSMM24-TRARED1,NO,0,0
6HSSMM27-CHOBLCK,NO,0,0
6HSSMM27-OMABLCK,NO,0,0
6HSSMM27-TRABLCK,NO,0,0
6HSSMM38-GSWBLCK,NO,0,0
6HSSMM45-NYKBLCK,NO,0,0
6HSSMM55-CCABLCK,NO,0,0
6HSSMM55-NYKBLCK,NO,0,0
6HSSMM56-MHEBLCK,NO,0,0
6HSSMM56-P76BLCK,NO,0,0
6HSSMM58-LALPURP,NO,0,0
6HSSMM58-TRABLCK,NO,0,0
6HSSMM60-BCEBLCK,NO,0,0
6HSSMM60-CCABLCK,NO,0,0
6HSSMM62-TRARED1,NO,0,0
6HSSMM70-BCEBLCK,NO,0,0
6HSSMM70-CCABLCK,NO,0,0
6HSSMM91-BCEBLCK,NO,0,0
6HSSMM91-CBURED1,NO,0,0
6HSSNG64-NBAWHIT,NO,0,0
6HSSNG01-BCEGREN,NO,0,0
BH78DV-CBU-K-IHB,NO,0,0
BH78DV-CHO-K-IHA,NO,0,0
BH78DY-CHO-G-IIP,NO,0,0
BH78DY-VGR-G-IJ3,NO,0,0
BH78EP-CBU-K-GAW,NO,0,0
BH78F9-NYK-B-IW5,NO,0,0
BH78FF-CCA-K-IXD,NO,0,0
BH78FG-CHO-K-IXT,NO,0,0
BH7A33-CBU-K-MML,NO,0,0
BH7AE8-BCE-K-N3O,NO,0,0
BH7AEY-VGR-Q-NOO,NO,0,0
BH7AEZ-DNU-Y-NEV,NO,0,0
BH7AF0-SAS-K-NOV,NO,0,0
BH7AF0-TRA-K-NF9,NO,0,0
BH7AF3-SSU-K-NJ6,NO,0,0
NT78Z-TPC-5GRIZZ,NO,0,0
6HSSMM91-GSWBLCK,NO,0,0
6HSSMM91-LALBLCK,NO,0,0
6HSSMM73-BBUBLCK,NO,0,0
6HSSMM73-BCEBLCK,NO,0,0
6HSSMM77-TRABLCK,NO,0,0
6HSSMM77-WWINAVY,NO,0,0
PSGST319106- BLU,NO,0,0
6HSSMM73-NYKBLCK,NO,0,0
6HSSMM73-OMABLCK,NO,0,0
6HSSMM73-P76BLCK,NO,0,0
6HSSMM73-TRABLCK,NO,0,0
6HSSMM73-VGRBLCK,NO,0,0
6HSSMO01-ASGSCWH,NO,0,0
BH78F9-CBU-R-GBG,NO,0,0
6HSBMM71-CHOPURP,NO,0,0
6HSBMM71-SASGREY,NO,0,0
XZ2B7BAZB-LAKJL-NBX,NO,0,0
6HSSBLCK-CBUTD06,NO,0,0
6HSSDX12-ASGWHIT,NO,0,0
6HSSKJ26-CBUYELL,NO,0,0
6HSSLY00-BNEBLCK,NO,0,0
6HSSMM21-GSWBLCK,NO,0,0
BH7A37-CBU-T-MMP,NO,0,0
6HSBMM71-AHARED1,NO,0,0
5HSSMM90-CBUBLCK,NO,0,0
6HSBMM71-MTINAVY,NO,0,0
6HSSLY00-CBUBLCK,NO,0,0
6HSSWHIT-GSWTD25,NO,0,0
BH78FD-CBU-K-IWF,NO,0,0
BH78PG-GSW-K-GSB,NO,0,0
BH7AF0-LAL-K-NF6,NO,0,0
XZ2B7BZ2P-BCKG,NO,0,0
XZ2B7BZ2P-CELKI,NO,0,0
XZ2B7BZ2P-LAKJL,NO,0,0
XZ2B7BZ2P-WASC,NO,0,0
XZ2B711F1-BCKGA-NCO,NO,0,0
XZ2B711F1-CELKI-B10,NO,0,0
XZ2B711F1-LAKJL-100,NO,0,0
XZ2B711F1-WARSC-NDJ,NO,0,0
XZ2B7BAYX-BUL-NEB,NO,0,0
XZ2B7BAYX-LAK-NFG,NO,0,0
XZ2B7BAYX-WARSC-NDJ,NO,0,0
XZ2B7BAZB-WARSC-NDJ,NO,0,0
6HSSMM74-GSWROYA,NO,0,0
6HSSMM74-HRORED1,NO,0,0
6HSSMM74-BCEGREN,NO,0,0
6HSSMM74-CBURED1,NO,0,0
6HSSMM74-CHOPURP,NO,0,0
5HSSMM44-GSWBLCK,NO,0,0
6HSSMM11-CBUBLCK,NO,0,0
6HSSMM11-CHOPURP,NO,0,0
6HSSMM11-LALPURP,NO,0,0
6HSSMM11-P76RED1,NO,0,0
6HSSMM11-PTBBLCK,NO,0,0
6HSSMM11-VGRTEAL,NO,0,0
6HSSMM77-CBURED1,NO,0,0
6HSSMM77-GSWROYA,NO,0,0
6HSSMM77-IPANAVY,NO,0,0
6HSSMM77-LALPURP,NO,0,0
6HSSMM31-CBURED1,NO,0,0
6HSSMM31-LALYELL,NO,0,0
6HSSMM31-VGRTEAL,NO,0,0
6HSSMM84-AHABLCK,NO,0,0
6HSSMM14-CBUBLCK,NO,0,0
6HSSMM14-LALYELL,NO,0,0
6HSSMM84-BCEBLCK,NO,0,0
6HSSMM15-BCEGREN,NO,0,0
6HSSMM15-CBURED1,NO,0,0
6HSSMM84-CBURED1,NO,0,0
6HSSMM84-CCAMARO,NO,0,0
6HSSMM84-GSWYELL,NO,0,0
6HSSMM84-HROBLCK,NO,0,0
6HSSMM84-IPAYELL,NO,0,0
6HSSMM84-LALPURP,NO,0,0
6HSSMM84-NYKROYA,NO,0,0
6HSSMM84-P76RED1,NO,0,0
6HSSMM84-PTBBLCK,NO,0,0
6HSSMM84-SASBLCK,NO,0,0
6HSSMM84-TRABLCK,NO,0,0
6HSSMM84-WWIRED1,NO,0,0
6HSSMM11-MTIGREY,NO,0,0
6HSSMM11-SASTEAL,NO,0,0
6HSSMM77-BCEGREN,NO,0,0
6HSSMM77-NYKROYA,NO,0,0
6HSSMM77-OCTLTBL,NO,0,0
6HSSMM77-P76ROYA,NO,0,0
6HSSMM77-PTBRED1,NO,0,0
6HSSMM84-CHOTEAL,NO,0,0
6HSSMM84-OCTLTBL,NO,0,0
6HSSMM11-AHARED1,NO,0,0
6HSSMM77-SKIPURP,NO,0,0
6HSSMM11-DMANAVY,NO,0,0
6HSSMM77-CHOPURP,NO,0,0
6HSSMM77-DMABLUE,NO,0,0
6HSSMM31-SASGREY,NO,0,0
6HSSMM11-IPAYELL,NO,0,0
6HSSMM11-TRAPURP,NO,0,0
6HSSMM77-NOPNAVY,NO,0,0
6HSSMM31-BCEBLCK,NO,0,0
6HSSMM31-CHOPURP,NO,0,0
6HSSMM31-NYKROYA,NO,0,0
6HSSMM31-PTBBLCK,NO,0,0
6HSSMM84-SKIPURP,NO,0,0
6HSSMM31-OMAROYA,NO,0,0
6HSSMM84-MTINAVY,NO,0,0
6HSSMM15-LALPURP,NO,0,0
6HSSMM15-P76RED1,NO,0,0
6HSSMM15-SASBLCK,NO,0,0
6HSSMM82-CBUSCWH,NO,0,0
6HSSMM82-GSWRYWH,NO,0,0
6HSSMM82-HROBKWH,NO,0,0
6HSSMM82-NOPNYWH,NO,0,0
6HSSMM82-SASBKWH,NO,0,0
6HSSMM82-TRABKWH,NO,0,0
6HSSMM82-WWINYWH,NO,0,0
6HSSMM82-BCEGNWH,NO,0,0
6HSSMM82-CHOTLWH,NO,0,0
6HSSMM82-LALPRWH,NO,0,0
6HSSNG01-CBURED1,NO,0,0
6HSSRED1-CBUTD25,NO,0,0
6HSSWHIT-CBUTD25,NO,0,0
BH7271-TRA-K-856,NO,0,0
BH72QG-MHE-K-AII,NO,0,0
BH76FR-BNE-K-E4G,NO,0,0
BH78B1-CBU-K-HL8,NO,0,0
BH78B8-CBU-K-HO2,NO,0,0
BH78B8-CCA-Y-HO3,NO,0,0
BH78B8-MHE-7-HO5,NO,0,0
BH78B9-CBU-R-G82,NO,0,0
BH78BR-LAL-L-HTC,NO,0,0
BH78CK-CBU-G-G97,NO,0,0
BH78CK-HRO-G-HZY,NO,0,0
BH78CT-CBU-R-G9G,NO,0,0
BH78CT-CCA-7-I44,NO,0,0
BH78CT-CHO-B-I43,NO,0,0
BH78D7-TRA-E-IA1,NO,0,0
BH78DD-CHO-K-IB4,NO,0,0
BH78DE-AHA-K-IBI,NO,0,0
BH78DE-CHO-K-IBL,NO,0,0
BH78DI-CBU-R-ID2,NO,0,0
BH78DI-MHE-K-ID5,NO,0,0
BH78DI-P76-K-IDA,NO,0,0
BH78DI-TRA-R-IDE,NO,0,0
BH78DU-BCE-K-IGR,NO,0,0
BH78DX-BNE-G-II7,NO,0,0
BH78DX-CHO-G-II8,NO,0,0
BH78DY-TRA-G-IJ2,NO,0,0
BH78F9-CCA-7-IVY,NO,0,0
BH78FF-BNE-K-IXB,NO,0,0
BH7A49-CBU-K-MP0,NO,0,0
BH7A4E-CBU-R-MP1,NO,0,0
BH7A4G-CBU-W-MP3,NO,0,0
BH7AEZ-TRA-L-NF2,NO,0,0
BH7AF0-CBU-K-N50,NO,0,0
BH7AF3-PSU-K-NPG,NO,0,0
BH48B3-TRA-G-HMI,NO,0,0
BH48C0-CBU-K-HXI,NO,0,0
BH48CP-CBU-K-I28,NO,0,0
BH48CP-NYK-K-I2E,NO,0,0
BH48CP-VGR-K-I2L,NO,0,0
6HSSKJ26-CBUGREY,NO,0,0
6HSSMM34-CBURED1,NO,0,0
BH78BR-NYK-B-HTG,NO,0,0
6HSSDX02-ASGBLUE,NO,0,0
6HSSMM10-CBUPATN,NO,0,0
6HSSMM27-LALBLCK,NO,0,0
6HSSMM91-LALPURP,NO,0,0
6HSSMM91-NOPBLCK,NO,0,0
6HSSMO01-ASGWHSC,NO,0,0
6HSSNG01-LALPURP,NO,0,0
6HSSWHIT-CBUTD05,NO,0,0
BH78BS-SAS-K-HTZ,NO,0,0
BH7A3Q-CBU-W-MOE,NO,0,0
BH7A3R-CBU-G-MOF,NO,0,0
BH7A3S-CBU-K-MOG,NO,0,0
BH7A3T-CBU-W-MOH,NO,0,0
BH7A4F-CBU-R-MP2,NO,0,0
6HSSMO60-ASGBKYW,NO,0,0
6HSSMO60-ASGBKRD,NO,0,0
6HSSMO60-ASGBKGN,NO,0,0
6HSSMM74-LALPURP,NO,0,0
6HSSMM74-NYKROYA,NO,0,0
6HSSMM74-OCTROYA,NO,0,0
6HSSMM74-PTBRED1,NO,0,0
6HSSMM74-SASBLCK,NO,0,0
6HSSMM82-PTBSCWH,NO,0,0
6HSSMM82-SKIPRWH,NO,0,0
6HSSMM15-TRARED1,NO,0,0
6HSSMM15-CHOPURP,NO,0,0
6HSSMM15-HRORED1,NO,0,0
6HSSMM82-NYKRYWH,NO,0,0
6HSSMM91-AHABLCK,NO,0,0
6HSSMM91-BNEBLCK,NO,0,0
6HSSMM82-OCTBLWH,NO,0,0
6HSSMM82-P76RYWH,NO,0,0
CHB000-DKB,NO,0,0
CHB600-NVY,NO,0,0
CHG048-WHT,NO,0,0
CHB600-087,NO,0,0
CHG063-7J0,NO,0,0
CHB602-BLK,NO,0,0
CHB000-NVY,NO,0,0
CHB602-HED,NO,0,0
CHB602-NVY,NO,0,0
CHB004-BLK,NO,0,0
CHB000-BLK,NO,0,0
CHB004-NVY,NO,0,0
CHB004-087,NO,0,0
CHB018-BLK,NO,0,0
CHB018-087,NO,0,0
CHB300-BLK,NO,0,0
CHB300-ZAA,NO,0,0
CHB300-NVY,NO,0,0
CHB300-087,NO,0,0
CHB310-BLK,NO,0,0
CHB000-ZAA,NO,0,0
CHB310-087,NO,0,0
7352CG-7J0,NO,0,0
CHB000-087,NO,0,0
CHG048-AJU,NO,0,0
CHB000-WHT,NO,0,0
7352CG-WHT,NO,0,0
CHB002-NVY,NO,0,0
7352CG-NVY,NO,0,0
CHB002-WHT,NO,0,0
CHB009-DKB,NO,0,0
CHB009-087,NO,0,0
CHB009-WHT,NO,0,0
CHB016-BLK,NO,0,0
CHB016-OHR,NO,0,0
CHB016-DKB,NO,0,0
CHB016-087,NO,0,0
CHB016-WHT,NO,0,0
CHB017-BLK,NO,0,0
CHB017-DKB,NO,0,0
CHB017-087,NO,0,0
CHB019-ZAA,NO,0,0
CHB019-OHR,NO,0,0
CHB019-NVY,NO,0,0
CHB019-WHT,NO,0,0
CHB019-WZA,NO,0,0
CHB029-NVY,NO,0,0
CHB029-087,NO,0,0
CHB029-WHT,NO,0,0
CHG063-WHT,NO,0,0
7728CG-BLK,NO,0,0
CHG437-NVY,NO,0,0
7728CG-LAM,NO,0,0
CHG437-7J0,NO,0,0
GT78HY08160B+1,NO,0,0
CHG437-WHT,NO,0,0
7202CG-AJU,NO,0,0
6HSSMM74-TRARED1,NO,0,0
6HSSMM85-CBUBLCK,NO,0,0
6HSSMM85-HROBLCK,NO,0,0
6HSSMM85-LALBLCK,NO,0,0
6HSSMM85-PTBBLCK,NO,0,0
6HSSMM86-CHOBLCK,NO,0,0
6HSSMM86-GSWBLCK,NO,0,0
6HSSMM86-HROBLCK,NO,0,0
6HSSMM86-LALBLCK,NO,0,0
6HSSMM86-SASBLCK,NO,0,0
6HSSMM94-CHOTEAL,NO,0,0
6HSSMM94-GSWNAVY,NO,0,0
6HSSMM94-LALPURP,NO,0,0
6HSSMM05-LALBLCK,NO,0,0
6HSSMM05-PTBBLCK,NO,0,0
6HSSMM06-PTBBLCK,NO,0,0
6HSSMM08-LALPURP,NO,0,0
6HSSMM42-LALPURP,NO,0,0
SWSB318204-BLU,NO,0,0
SWSB318205-BLK,NO,0,0
SWSB318206-BLK,NO,0,0
SWSB318207-BLK,NO,0,0
BA84S-CBU-W-C8O,NO,0,0
353J-327-FGYLBJ,NO,0,0
353J-328-FGYYNR,NO,0,0
BA84SL-CBU-W-C8O,NO,0,0
BA86QP-CBU-K-EOX,NO,0,0
353J-343-FGYA5I,NO,0,0
BA84JV-ASW-R-C0E,NO,0,0
353J-302-FGYEJH,NO,0,0
353J-304-FGYTDC,NO,0,0
BA86QQ-CBU-K-EOY,NO,0,0
BNN3SC12-CCAWHIT03,NO,0,0
BNN3WHIT-CBUSC36SP,NO,0,0
SMJYBKWH-P76NG571,NO,0,0
SMJYBKWH-P76NG71,NO,0,0
SMJYGS75-LALLTGD84,NO,0,0
SMJYSCBK-CBUNG61SP,NO,0,0
SMSHSCWH-CBUNG97,NO,0,0
BH78DX-CCA-G-II9,NO,0,0
6HSSMM27-CBUBLCK,NO,0,0
BH78EH-CCA-K-IL2,NO,0,0
BH7AEY-CBU-Q-N4Y,NO,0,0
6HSSMM73-LALPATN,NO,0,0
GF88HY07718AM3G,NO,0,0
GF88HY07718K74,NO,0,0
GT78HY07718K74,NO,0,0
GF88H586616WHC,NO,0,0
GF88H5866167P5,NO,0,0
GF88H5866161IC,NO,0,0
GF88H586616NYC,NO,0,0
GF88H586619XZ7,NO,0,0
GF88H586619BKC,NO,0,0
GF88H5866191IC,NO,0,0
GF88H586620BKC,NO,0,0
GF89H5866209AX,NO,0,0
GF89H586620K74,NO,0,0
GT23H586618045,NO,0,0
S594315865397W3,NO,0,0
S59431586539EKJ,NO,0,0
S9441G586639AIHB,NO,0,0
T59433586539YGI,NO,0,0
T59433586539EKJ,NO,0,0
GF88H586628H1S,NO,0,0
GF88H5866287P5,NO,0,0
GF88H58662893O,NO,0,0
GF88H5866281IC,NO,0,0
CHG334-TOA,NO,0,0
7202CG-ALO,NO,0,0
CHG334-7J0,NO,0,0
7202CG-IAL,NO,0,0
7728CG-087,NO,0,0
7202CG-NVY,NO,0,0
7728CG-7J0,NO,0,0
CHG702-HED,NO,0,0
CHG702-7J0,NO,0,0
CHG705-BLK,NO,0,0
CHG705-087,NO,0,0
7635CG-087,NO,0,0
7635CG-7J0,NO,0,0
7635CG-WHT,NO,0,0
7202CG-7J0,NO,0,0
GT78HY06794045,NO,0,0
7202CG-SCA,NO,0,0
GT22HY07718G61,NO,0,0
7202CG-WHT,NO,0,0
T5747PAYUF,NO,0,0
CHG153-AJU,NO,0,0
T5747PAYVF,NO,0,0
CHG153-ALO,NO,0,0
T5747PAYWF,NO,0,0
CHG153-IAL,NO,0,0
CHG153-TOA,NO,0,0
CHG153-NVY,NO,0,0
CHG153-7J0,NO,0,0
CHG153-SCA,NO,0,0
CHG153-WHT,NO,0,0
GT78HY081609AX,NO,0,0
GT18H586958YA5,NO,0,0
GF88HY08160B+1,NO,0,0
GT18H586958H1S,NO,0,0
GF88HY081609AX,NO,0,0
GT17H586963100,NO,0,0
GT23H5867679AX,NO,0,0
GT23H586767040,NO,0,0
GT23H586767045,NO,0,0
GT23HY07718AM3G,NO,0,0
GT78HY07718XZ7,NO,0,0
GT78HY07718XEI,NO,0,0
GF567Y08113100,NO,0,0
GT78HY07718AM3G,NO,0,0
GF934586958H1S,NO,0,0
GT23H586618031,NO,0,0
GT18H586958100,NO,0,0
T1919G590261806,NO,0,0
GT18H586958001,NO,0,0
T1919G590257003,NO,0,0
GT19586652F7U,NO,0,0
GT195866582WC,NO,0,0
T1919S549967A1GF,NO,0,0
T1919S549967A1FF,NO,0,0
GT19Y08254C+C,NO,0,0
GT19Y08254ZVO,NO,0,0
GT195867032WC,NO,0,0
86165586331AUCB,NO,0,0
86165586331AZPC,NO,0,0
81622P407Q88AX6F,NO,0,0
81622P407Q88AYCF,NO,0,0
GF88HY08160AUCB,NO,0,0
GF88HY08160NYC,NO,0,0
GF88H586585LTJ,NO,0,0
GF88H58658593O,NO,0,0
GF88H5865851IC,NO,0,0
GT23H586588AUCB,NO,0,0
GT23H586588806,NO,0,0
GT23H586594003,NO,0,0
GT23H586594AUCB,NO,0,0
GT23H586596806,NO,0,0
GT23H586596AYDE,NO,0,0
GT78H586584045,NO,0,0
GT78H586586806,NO,0,0
T8754P407D55A4YF,NO,0,0
T8754P407D55A4UF,NO,0,0
T8754P407D556N7,NO,0,0
T8754P407D55AXZD,NO,0,0
S59417586599A27F,NO,0,0
S59440586494H1S,NO,0,0
S9399407D55AZGF,NO,0,0
S9399407D55A3RF,NO,0,0
S9399407D55A3VF,NO,0,0
S9406407D55A3RF,NO,0,0
S9406407D55A3VF,NO,0,0
S9406407D55AZGF,NO,0,0
T9520407D55A3RF,NO,0,0
T9520407D55A3VF,NO,0,0
T9520407D55AOJL,NO,0,0
T9520407D55AZGF,NO,0,0
GF88HY07718XEI,NO,0,0
GF88HY07718XZ7,NO,0,0
GF89HY07718XEI,NO,0,0
GF89HY07718AM3G,NO,0,0
GF89HY07718XZ7,NO,0,0
GF88H586606WHC,NO,0,0
GF88H5866062WC,NO,0,0
GF88H586607NYC,NO,0,0
GF88H5866209AX,NO,0,0
GF88H5866201IC,NO,0,0
GF88H586620K74,NO,0,0
S59431586539A0SF,NO,0,0
S594325865397W3,NO,0,0
GF70Y06145ZVO,NO,0,0
GF70Y06145C+C,NO,0,0
GF68Y06145ZVO,NO,0,0
GT195867037GZ,NO,0,0
GT19586703BKC,NO,0,0
S0889407D55MLV,NO,0,0
S0889407D55W3J,NO,0,0
S0889407D55K7P,NO,0,0
S0889407D55806,NO,0,0
S0888407D55MLV,NO,0,0
S0888407D55014,NO,0,0
S0888407D55K7P,NO,0,0
S0888407D55031,NO,0,0
S0888407D552UC,NO,0,0
S0888407D55045,NO,0,0
S0888407D555TQ,NO,0,0
GT23HY07718K74,NO,0,0
GT23HY07718XZ7,NO,0,0
6HSSMM91-CHOBLCK,NO,0,0
6HSSMM73-CHOBLCK,NO,0,0
6HSSMM91-CBUBLCK,NO,0,0
6HSSMM73-GSWBLCK,NO,0,0
6HSSMM91-HROBLCK,NO,0,0
6HSSMM73-HROBLCK,NO,0,0
6HSSMM91-IPABLCK,NO,0,0
6HSSMM91-NYKBLCK,NO,0,0
6HSSMM91-OCTBLCK,NO,0,0
6HSSMM73-SASBLCK,NO,0,0
6HSSMM91-SASBLCK,NO,0,0
6HSSMM73-SSUBLCK,NO,0,0
5HSSMM75-P76BLCK,NO,0,0
GT23H586628806,NO,0,0
GT23H586628H1S,NO,0,0
GT23H5866287P5,NO,0,0
GT19Y0614525Q,NO,0,0
GT19Y06145C+A,NO,0,0
GT19586916BKC,NO,0,0
GT19586916WHC,NO,0,0
GT47586679BKC,NO,0,0
GT47586679WHC,NO,0,0
GT23H586618003,NO,0,0
M5689G550761Z0Q,NO,0,0
W4909586958AC5,NO,0,0
GF567586958H1S,NO,0,0
GF567586958100,NO,0,0
GF567586958YA5,NO,0,0
GF567586959023,NO,0,0
GF5675869592X3,NO,0,0
GF567586959NTC,NO,0,0
ML5485590268003,NO,0,0
GF567586961H1S,NO,0,0
ML548559026813O,NO,0,0
GT9495869592X3,NO,0,0
GT949586959100,NO,0,0
W59219407D55A3UF,NO,0,0
W59218407D55A3RF,NO,0,0
W59218407D55A3UF,NO,0,0
GT949D407D55A3UF,NO,0,0
GT18HY08113N4E,NO,0,0
GT17HY08113N4E,NO,0,0
GF934Y08113023,NO,0,0
GT17HY08113100,NO,0,0
GT17HY08113001,NO,0,0
5HSSMM47-CBUBLCK,NO,0,0
6HSSMM55-GSWBLCK,NO,0,0
UMBRO SLATWALL 60*240,NO,0,0
LAYER-L,NO,0,0
MYJS519101-BLU,NO,0,0
MYJS519102-BLK,NO,0,0
MYSH519107-NVY,NO,0,0
MYJK519105-BLU,NO,0,0
MYJS319101-BLU,NO,0,0
MYJS319102-BLK,NO,0,0
MYSH319107-NVY,NO,0,0
MYST319104-BLU,NO,0,0
AMJS519201-NVY,NO,0,0
AMJS519204-NVY,NO,0,0
AMSH519208-NVY,NO,0,0
AMJK519206-NVY,NO,0,0
AMJS319201-NVY,NO,0,0
AMJS319204-NVY,NO,0,0
AMSH319208-NVY,NO,0,0
DSS119102,NO,0,0
MKS119101,NO,0,0
BCPK319402-RED,NO,0,0
UMSOTG03-PUR,NO,0,0
BCTW2005-ROY,NO,0,0
JVTW2003-BLK,NO,0,0
JVHD519404-BLK,NO,0,0
BCHD519403-BLU,NO,0,0
JVTS519422-WHT,NO,0,0
JVTS519422-BLK,NO,0,0
BCTS519420-NVY,NO,0,0
BCTS519428-NVY,NO,0,0
ALSB51902-NVY,NO,0,0
ALSB51901-TUR,NO,0,0
64704U-060,NO,0,0
64565U-090,NO,0,0
64565U-096,NO,0,0
64565U-A54,NO,0,0
64566U-070,NO,0,0
64566U-090,NO,0,0
64566U-096,NO,0,0
64566U-A54,NO,0,0
64573U-090,NO,0,0
64573U-BY5,NO,0,0
64573U-N84,NO,0,0
UMSB5171003-PUR,NO,0,0
UMSB5171003-WHT,NO,0,0
UMSB5171003-NEON,NO,0,0
UMSB5171003-ROY,NO,0,0
UMSB5171004-BLK,NO,0,0
UMSB5171004-NEON,NO,0,0
UMSB5171004-ROY,NO,0,0
UMJS5HER01-MC,NO,0,0
UMJS5HER01-ML,NO,0,0
UMJS5HER02-MC,NO,0,0
UMJS5HER03-MC,NO,0,0
UMJS5HER03-ML,NO,0,0
UMJS3HER01-MC,NO,0,0
BUDTS622206-OWHT,SI,0,0
BUDTS622205-WHT,SI,0,0
MLBTS322201-BLK,SI,40,0
BCJS517111-NVY,NO,40,0
BCJS517111-PUR,NO,40,0
BCJS517111-NV2,NO,40,0
BCJS317111-NVY,NO,40,0
UMJK5TG03-BLK,NO,40,0
AGJS51902-BLK,NO,40,0
AMST319205-RED,NO,40,0
NBAJS519134-RED,NO,40,0
NBAJS519135-WHT,NO,40,0
NBAJS519136-BLK,NO,40,0
NBASH519101-BLK,NO,40,0
NBASH519102-YEL,NO,40,0
NBASH519103-ROY,NO,40,0
NBASH519104-RED,NO,40,0
NBASH519105-GRN,NO,40,0
NBASH519111-BLK,NO,40,0
NBASH519112-RED,NO,40,0
NBASH519113-ROY,NO,40,0
NBASH519114-GRN,NO,40,0
NBASH519115-PUR,NO,40,0
NBASH519116-BLK,NO,40,0
6HSSMM66-NYKBLCK,NO,40,0
6HSSMM66-SASBLCK,NO,40,0
6HSSMM08-BCEBLCK,NO,40,0
6HSSMM57-HRORED1,NO,40,0
6HSSMM57-LALPURP,NO,40,0
6HSSMM57-SASGREY,NO,40,0
6HSSMM60-CBUBLCK,NO,40,0
6HSSMM60-LALBLCK,NO,40,0
6HSSMM63-BCEBLCK,NO,40,0
6HSSMM63-CBUBLCK,NO,40,0
6HSSMM63-HROBLCK,NO,40,0
6HSSMM63-LALBLCK,NO,40,0
6HSSMM63-SASBLCK,NO,40,0
6HSSMM65-CBUBLCK,NO,40,0
6HSSMM65-GSWBLCK,NO,40,0
6HSSMM65-HROBLCK,NO,40,0
6HSSMM65-LALBLCK,NO,40,0
6HSSMM65-SASBLCK,NO,40,0
6HSSMM11-CHOBLCK,NO,40,0
6HSSMM11-GSWBLCK,NO,40,0
6HSSMM65-BCEBLCK,NO,40,0
6HSSMM11-SKIBLCK,NO,40,0
6HSSMM39-LALBLCK,NO,40,0
6HSSMM63-CHOBLCK,NO,40,0
NBASA519101-BLK,NO,40,0
NBASA519102-BLK,NO,40,0
6HSSMM63-MBUBLCK,NO,40,0
NBASA519103-BLK,NO,40,0
NBASA519104-GRN,NO,40,0
6HSSMM63-P76BLCK,NO,40,0
6HSSMM63-TRABLCK,NO,40,0
6HSSMM11-BCEBLCK,NO,40,0
AGJS61902-BLK,NO,40,0
AGJS51901-BLK,NO,40,0
AGJS61901-BLK,NO,40,0
AGJS31901-BLK,NO,40,0
AGSH51901-ORG,NO,40,0
21060U-HMM,NO,40,0
21062U-HPQ,NO,40,0
21002U-01T,NO,40,0
21001U-01T,NO,40,0
21002U-HPM,NO,40,0
21009U-HM8,NO,40,0
21040U-HMG,NO,40,0
21012U-01T,NO,40,0
21016U-01T,NO,40,0
21016U-HPM,NO,40,0
21016U-HRT,NO,40,0
21010U-01T,NO,40,0
21016U-HRU,NO,40,0
21017U-01T,NO,40,0
21017U-HRT,NO,40,0
21017U-HRU,NO,40,0
21036U-01U,NO,40,0
21036U-090,NO,40,0
21038U-HPR,NO,40,0
21038U-J46,NO,40,0
81277U-A54,NO,40,0
81277U-AYE,NO,40,0
81512U-HL3,NO,40,0
30615U-961,NO,40,0
30617U-961,NO,40,0
81512U-HL4,NO,40,0
30617U-CBT,NO,40,0
30618U-CBT,NO,40,0
81533U-090,NO,40,0
AGSB51901-BLK,NO,40,0
UMSH519141-BLK,NO,40,0
UMSH519141-NVY,NO,40,0
BCPK319401-NVY,NO,40,0
JVPK319401-BLK,NO,40,0
BCJS319105-BLU,NO,40,0
BCJH317206-NVY,NO,40,0
BCST3172017-BLU,NO,40,0
UMJKTG04-BLK,NO,40,0
MKTS319106-NVY,NO,40,0
AGJS51904-CYAN,NO,40,0
AGJS31905-CYAN,NO,40,0
AGSH51904-CYAN,NO,40,0
AGJS51905-ORG,NO,40,0
AGPL51901-BLK,NO,40,0
AGPL51901-ORG,NO,40,0
AGSH51905-BLK,NO,40,0
AGJS31903-BLK,NO,40,0
AGSH51901-BLK,NO,40,0
AGJS51903-ORG,NO,40,0
AGJS61903-ORG,NO,40,0
AGJS31903-ORG,NO,40,0
AGJS31902B-BLK,NO,40,0
AGJS31902B-ORG,NO,40,0
AGJS51904-GRAY,NO,40,0
AGSH51904-ORG,NO,40,0
AGJK51903-BLK,NO,40,0
AGJK51904-BLK,NO,40,0
AGPT51901-BLK,NO,40,0
AGPT51902-BLK,NO,40,0
ALJS51902-WHT,NO,40,0
ALJS61902-WHT,NO,40,0
ALJS31902-WHT,NO,40,0
ALSH51902-WHT,NO,40,0
ALJS51902B-WHT,NO,40,0
ALSH51902B-WHT,NO,40,0
ALJS31902D-WHT,NO,40,0
ALJS51903-NVY,NO,40,0
ALJS61903-NVY,NO,40,0
ALSH51903-NVY,NO,40,0
ALJS51903B-NVY,NO,40,0
ALSH51903B-NVY,NO,40,0
ALJS51904-TUR,NO,40,0
ALJS61904-TUR,NO,40,0
ALSH51904-TUR,NO,40,0
ALJS51905-WHT,NO,40,0
ALJS31905-WHT,NO,40,0
ALSH51905-NVY,NO,40,0
ALJS51909-PNK,NO,40,0
ALSH51906-NVY,NO,40,0
ALJS51907-NVY,NO,40,0
ALJS31907-NVY,NO,40,0
ALSH51907-NVY,NO,40,0
ALPL51908-WHT,NO,40,0
ALPL51908-TUR,NO,40,0
ALJS51906-TUR,NO,40,0
ALSH51906-TUR,NO,40,0
ALJK51901-NVY,NO,40,0
ALJK51902-NVY,NO,40,0
ALPT51902-NVY,NO,40,0
UMDFMED,NO,40,0
21006U-0V6,NO,40,0
21008U-01T,NO,40,0
21018U-HPL,NO,40,0
21056U-01T,NO,40,0
21034U-HMM,NO,40,0
21034U-HPQ,NO,40,0
81534U-090,NO,40,0
81544U-090,NO,40,0
81544U-EPC,NO,40,0
81544U-HPV,NO,40,0
81545U-090,NO,40,0
81545U-EPC,NO,40,0
81545U-HPV,NO,40,0
81546U-090,NO,40,0
81515U-HL3,NO,40,0
81515U-HL4,NO,40,0
81533U-EPC,NO,40,0
81533U-HPV,NO,40,0
81538U-090,NO,40,0
81538U-EPC,NO,40,0
81539U-090,NO,40,0
81539U-EPC,NO,40,0
81539U-HPV,NO,40,0
81540U-090,NO,40,0
81540U-EPC,NO,40,0
81540U-HPV,NO,40,0
81571U-HMG,NO,40,0
81572U-HLA,NO,40,0
81572U-HPY,NO,40,0
81553U-VL2,NO,40,0
81554U-E62,NO,40,0
81554U-VL2,NO,40,0
81555U-E62,NO,40,0
81555U-VL2,NO,40,0
81403U-090,NO,40,0
81403U-HPU,NO,40,0
81403U-HPX,NO,40,0
81404U-090,NO,40,0
81404U-HPX,NO,40,0
81476U-090,NO,40,0
81476U-EPC,NO,40,0
81476U-HPU,NO,40,0
81477U-090,NO,40,0
81477U-EPC,NO,40,0
81477U-HPU,NO,40,0
81478U-090,NO,40,0
81478U-HPU,NO,40,0
81396U-090,NO,40,0
81396U-HPU,NO,40,0
81396U-HPX,NO,40,0
81397U-090,NO,40,0
81397U-HPU,NO,40,0
81397U-HPX,NO,40,0
81398U-090,NO,40,0
81398U-HPU,NO,40,0
81398U-HPX,NO,40,0
81470U-090,NO,40,0
81470U-EPC,NO,40,0
81470U-HPU,NO,40,0
81471U-090,NO,40,0
81471U-EPC,NO,40,0
81471U-HPU,NO,40,0
81472U-090,NO,40,0
81472U-EPC,NO,40,0
81472U-HPU,NO,40,0
81388U-090,NO,40,0
81388U-HPU,NO,40,0
81462U-090,NO,40,0
81407U-090,NO,40,0
81409U-090,NO,40,0
81411U-090,NO,40,0
81473U-090,NO,40,0
81473U-EPC,NO,40,0
21044U-01T,NO,40,0
21055U-HL4,NO,40,0
21043U-HGT,NO,40,0
21043U-HMG,NO,40,0
21049U-0LF,NO,40,0
21049U-EPC,NO,40,0
21049U-HL4,NO,40,0
21049U-HMJ,NO,40,0
26144U-096,NO,40,0
21023U-HMM,NO,40,0
21023U-HPQ,NO,40,0
21025U-HPQ,NO,40,0
21021U-HPQ,NO,40,0
21022U-HPQ,NO,40,0
20998U-01T,NO,40,0
21000U-01T,NO,40,0
21063U-HPQ,NO,40,0
21013U-356,NO,40,0
21014U-0V6,NO,40,0
21025U-HMM,NO,40,0
21015U-CBK,NO,40,0
21019U-HPL,NO,40,0
21028U-HMM,NO,40,0
21052U-01T,NO,40,0
21053U-HPL,NO,40,0
21028U-HPQ,NO,40,0
21003U-01T,NO,40,0
21005U-356,NO,40,0
21024U-HMM,NO,40,0
21024U-HPQ,NO,40,0
21026U-HMM,NO,40,0
21026U-HPQ,NO,40,0
21048U-HL4,NO,40,0
21048U-HMJ,NO,40,0
21048U-0LF,NO,40,0
21048U-EPC,NO,40,0
21047U-HL4,NO,40,0
21047U-HMJ,NO,40,0
21047U-0LF,NO,40,0
21047U-EPC,NO,40,0
21033U-487,NO,40,0
21035U-HMM,NO,40,0
21035U-HPQ,NO,40,0
30618U-961,NO,40,0
30682U-090,NO,40,0
21054U-HMM,NO,40,0
30585U-090,NO,40,0
30610U-0U3,NO,40,0
21054U-HPQ,NO,40,0
30753U-218,NO,40,0
30754U-218,NO,40,0
21057U-EPC,NO,40,0
30755U-218,NO,40,0
30756U-218,NO,40,0
21057U-HL4,NO,40,0
81506U-HL3,NO,40,0
81506U-HL4,NO,40,0
21057U-HMJ,NO,40,0
81509U-HL3,NO,40,0
81509U-HL4,NO,40,0
21058U-0LF,NO,40,0
21058U-HL4,NO,40,0
MCPJ319116-RED,NO,40,0
MCST319109-WHT,NO,40,0
MLPPJ419108-PNK,NO,40,0
MLPTS419105-PNK,NO,40,0
MLPTS419104-NVY,NO,40,0
81474U-090,NO,40,0
81474U-EPC,NO,40,0
81475U-090,NO,40,0
81475U-EPC,NO,40,0
81475U-HPU,NO,40,0
81558U-E62,NO,40,0
81558U-HKZ,NO,40,0
81558U-VL2,NO,40,0
81507U-HL3,NO,40,0
81510U-HL3,NO,40,0
81513U-HL3,NO,40,0
81510U-HL4,NO,40,0
81516U-HL3,NO,40,0
81516U-HL4,NO,40,0
81541U-090,NO,40,0
81541U-EPC,NO,40,0
81542U-090,NO,40,0
81542U-EPC,NO,40,0
81543U-090,NO,40,0
81543U-EPC,NO,40,0
81543U-HPV,NO,40,0
81408U-090Y,NO,40,0
81410U-090Y,NO,40,0
81412U-090Y,NO,40,0
81483U-090Y,NO,40,0
81483U-HPUY,NO,40,0
81484U-090Y,NO,40,0
81484U-HPUY,NO,40,0
81511U-HL3Y,NO,40,0
81514U-HL3Y,NO,40,0
81517U-HL3Y,NO,40,0
30680U-HPS,NO,40,0
30722U-B26,NO,40,0
30722U-C44,NO,40,0
30722U-EAM,NO,40,0
30722U-EGP,NO,40,0
30725U-C44,NO,40,0
30725U-EAM,NO,40,0
30745U-K06,NO,40,0
30746U-D88,NO,40,0
30747U-D88,NO,40,0
30752U-218,NO,40,0
30760U-C44,NO,40,0
30760U-EAM,NO,40,0
30762U-B26,NO,40,0
30762U-C44,NO,40,0
30762U-EAM,NO,40,0
30762U-EGP,NO,40,0
UMSH519122-BLK,NO,40,0
UMSH519122-GRY,NO,40,0
UMSH519122-NVY,NO,40,0
21058U-EPC,NO,40,0
21060U-HPQ,NO,40,0
21062U-HMM,NO,40,0
MUNJS51902-ROY,NO,40,0
MUNSH51902-ROY,NO,40,0
MUNJS51903-VIO,NO,40,0
MUNSH51903-VIO,NO,40,0
MUNJS51901-RED,NO,40,0
MUNSH51901-RED,NO,40,0
MUNJS61901-RED,NO,40,0
MUNJS31901-RED,NO,40,0
MUNJS61902-ROY,NO,40,0
MUNJS31902-ROY,NO,40,0
MUNJS61903-VIO,NO,40,0
MUNJS31903-VIO,NO,40,0
MUNJS31904-RED,NO,40,0
20946U-HD8,NO,40,0
20951U-HD7,NO,40,0
20951U-HD8,NO,40,0
85946U-HMQ,NO,40,0
85976U-GXY,NO,40,0
85976U-GY3,NO,40,0
85995U-HMN,NO,40,0
85995U-HMP,NO,40,0
85997U-090,NO,40,0
85997U-HMP,NO,40,0
86000U-090,NO,40,0
JVST319105-BLK,NO,40,0
86000U-HMN,NO,40,0
MLBTJ519151-WHT,NO,40,0
MLBJS519152-NVY,NO,40,0
86000U-HMP,NO,40,0
MLBJS519124-BLK,NO,40,0
MLBJS519125-NVY,NO,40,0
81471U-GY9,NO,40,0
MLBJS519126-NVY,NO,40,0
MLBJS519127-RED,NO,40,0
30613U-090,NO,40,0
MLBJS519129-WHT,NO,40,0
MLBJS519132-WHT,NO,40,0
MLBJS519133-BLU,NO,40,0
MLBJS519136-BLK,NO,40,0
MLBJS519137-BLK,NO,40,0
ESJS61901-ROY,NO,40,0
ESJS31901-ROY,NO,40,0
ESJS31901-WHT,NO,40,0
ESJK51901-ROY,NO,40,0
ESPT51901-ROY,NO,40,0
ESPL51901-ROY,NO,40,0
ESPL51901-WHT,NO,40,0
ESJS51904-ROY,NO,40,0
ESJS51904-WHT,NO,40,0
ESJS31904-ROY,NO,40,0
ESJS51903-ROY,NO,40,0
ESJS51903-WHT,NO,40,0
ESJS51901-ROY,NO,40,0
ESJS51901-WHT,NO,40,0
ESSH51901-ROY,NO,40,0
ESSH51901-WHT,NO,40,0
JVJS519101-WHT,NO,40,0
JVJS519103-BLK,NO,40,0
JVJS519104-BLK,NO,40,0
JVJS519105-BLK,NO,40,0
JVSH519102-BLK,NO,40,0
JVSH519102-WHT,NO,40,0
JVJK519101-BLK,NO,40,0
JVJS319101-WHT,NO,40,0
JVJS319103-BLK,NO,40,0
JVJS319104-BLK,NO,40,0
JVJS319105-BLK,NO,40,0
JVSH319102-BLK,NO,40,0
JVSH319102-WHT,NO,40,0
JVPL317201-WHT,NO,40,0
JVPL317202-BLK,NO,40,0
JVJK319101-BLK,NO,40,0
ESSH51902-ROY,NO,40,0
MCPJ319112-NVY,NO,40,0
MCPJ319115-BLU,NO,40,0
ESSH51902-WHT,NO,40,0
MCPJ319118-NVY,NO,40,0
MCST319120-WHT,NO,40,0
ESJK51902-ROY,NO,40,0
GMBP51901-BLU,NO,40,0
MUNJS51904-RED,NO,40,0
MUNSH51904-NVY,NO,40,0
MUNJS51904-NVY,NO,40,0
MUNSH51905-NVY,NO,40,0
MUNJS51904-PUR,NO,40,0
MUNSH51904-PUR,NO,40,0
ESDB1901-ROY,NO,40,0
ESBP1901-ROY,NO,40,0
MUNPL51901-RED,NO,40,0
MUNBG19101-BLK,NO,40,0
OLBG19102-ROY,NO,40,0
MUNPL51901-NVY,NO,40,0
MUNJK51901-RED,NO,40,0
MUNJK51902-NVY,NO,40,0
MUNPT51902-NVY,NO,40,0
MUNPT51901-NVY,NO,40,0
OLJS519101-WHT,NO,40,0
OLJS519102-WHT,NO,40,0
ALJS51901-WHT,NO,40,0
MVTS518404,NO,40,0
ESSB51901-ROY,NO,40,0
ESSB31901-ROY,NO,40,0
MUNSB51901-NVY,NO,40,0
MUNSB51902-NVY,NO,40,0
UMSL5JM01-BLK,NO,40,0
GMSB51901-BLK,NO,40,0
GMSB51902-ROY,NO,40,0
OLSB519101-RED,NO,40,0
OLSB519102-ROY,NO,40,0
OLSB519103-WHT,NO,40,0
OLSB519104-RED,NO,40,0
DSTS5184032,NO,40,0
DSTS5184035,NO,40,0
DSTS5184038,NO,40,0
DSTS5184044,NO,40,0
DSTS5184042,NO,40,0
IFTS518402,NO,40,0
DSJK5184045,NO,40,0
MVTS518405,NO,40,0
IFTS518406,NO,40,0
MCTS5184015,NO,40,0
MVTS518407,NO,40,0
MVTS518408,NO,40,0
BPTS518409,NO,40,0
MCTS5184011,NO,40,0
MVTS5184016,NO,40,0
BPTS5184018,NO,40,0
MCTS5184013,NO,40,0
MCTS5184048,NO,40,0
MCJK5184029,NO,40,0
BPJK5184047,NO,40,0
MCJK5184049,NO,40,0
MVJK5184050,NO,40,0
IFJK5184051,NO,40,0
DSTS618404,NO,40,0
DSTS618405,NO,40,0
DSTS6184013,NO,40,0
DSTS6184014,NO,40,0
SPCV18102-BLK,NO,40,0
UMJS5OL05-RED,NO,40,0
UMJS5OL05-WHT,NO,40,0
MLBJS518401-NVY,NO,40,0
MLBJS518402-WHT,NO,40,0
MLBJS518403-RED,NO,40,0
MLBJS618401-NVY,NO,40,0
MLBJS618402-WHT,NO,40,0
MLBJS618403-RED,NO,40,0
GMDF51901-BLU,NO,40,0
DSTS6184016,NO,40,0
DSTS6184040,NO,40,0
DSTS6184020,NO,40,0
DSTS6184021,NO,40,0
DSTS6184019,NO,40,0
DSTS6184017,NO,40,0
DSTS618401,NO,40,0
DSTS6184023,NO,40,0
DSJK6184028,NO,40,0
DSTS618407,NO,40,0
DSTS6184031,NO,40,0
DSTS6184032,NO,40,0
DSTS6184033,NO,40,0
DSTS618409,NO,40,0
DSTS6184024,NO,40,0
DSJK6184027,NO,40,0
DSJK6184030,NO,40,0
OLSH519101-WHT,NO,40,0
OLJS619101-WHT,NO,40,0
OLJS319101-WHT,NO,40,0
UMJS5AR01-YLW,NO,40,0
UMSH5AR01-YLW,NO,40,0
OLJS519103-RED,NO,40,0
OLSH519103-RED,NO,40,0
OLJS619103-RED,NO,40,0
OLJS319103-RED,NO,40,0
OLSH519104-ROY,NO,40,0
OLJS519105-BLK,NO,40,0
OLSH519105-BLK,NO,40,0
OLJS619105-BLK,NO,40,0
UMJS5AR03-RYL,NO,40,0
UMSH5AR02-RYL,NO,40,0
OLJS319105-BLK,NO,40,0
6HSSMM11-DNUBLCK,NO,40,0
6HSSMM11-SASBLCK,NO,40,0
6HSSMM39-BCEBLCK,NO,40,0
6HSSMM39-DNUBLCK,NO,40,0
6HSSMM39-SASBLCK,NO,40,0
6HSSMM63-NYKBLCK,NO,40,0
6HSSMM65-NYKBLCK,NO,40,0
6HSSMM65-P76BLCK,NO,40,0
6HSSMM11-NYKBLCK,NO,40,0
6HSSMM63-AHABLCK,NO,40,0
6HSSMM08-LALBLCK,NO,40,0
6HSSMM66-BCEBLCK,NO,40,0
6HSSMM66-CBUBLCK,NO,40,0
6HSSMM66-GSWBLCK,NO,40,0
6HSSMM66-LALBLCK,NO,40,0
6HSSMM08-CBUBLCK,NO,40,0
6HSSMM08-GSWBLCK,NO,40,0
6HSSMM08-P76BLCK,NO,40,0
6HSSMM08-SASBLCK,NO,40,0
6HSSMM66-CCABLCK,NO,40,0
6HSSMM66-DNUBLCK,NO,40,0
6HSSMM66-HROBLCK,NO,40,0
6HSSMM08-CHOBLCK,NO,40,0
6HSSMM66-CHOBLCK,NO,40,0
6HSSMM66-MBUBLCK,NO,40,0
6HSSMM66-SKIBLCK,NO,40,0
6HSSMM97-SASBLCK,NO,40,0
6HSSMM97-SKIBLCK,NO,40,0
6HSSMM72-CBUBLCK,NO,40,0
6HSSMM72-GSWBLCK,NO,40,0
6HSSMM72-LALBLCK,NO,40,0
6HSSMM72-SASBLCK,NO,40,0
6HSSMM72-SKIBLCK,NO,40,0
6HSSMM72-HROBLCK,NO,40,0
6HSSMM97-LALBLCK,NO,40,0
6HSSMM72-BCEBLCK,NO,40,0
6HSSMM72-CHOBLCK,NO,40,0
6HSSMM63-GSWBLCK,NO,40,0
6HSSMM73-AHABLCK,NO,40,0
5HSSMM75-SASBLCK,NO,40,0
5HSSMM90-CHOBLCK,NO,40,0
6HSSDX04-ASGWHIT,NO,40,0
6HSSDX08-ASGBLCK,NO,40,0
6HSSMM56-TRABLCK,NO,40,0
6HSSMM62-LALPURP,NO,40,0
6HSSMM96-CBURED1,NO,40,0
6HSSMM96-LALPURP,NO,40,0
6HSSMM22-LALBLCK,NO,40,0
6HSSMM62-HRORED1,NO,40,0
6HSSMM62-NYKBLUE,NO,40,0
6HSSMM62-P76RED1,NO,40,0
6HSSMM62-SKIPURP,NO,40,0
6HSSMM62-NOPNAVY,NO,40,0
6HSSMM74-CHOTLPR,NO,40,0
7HSSBA17-SASBLCK,NO,40,0
BH7AEZ-PSU-L-NF1,NO,40,0
SWST318315-GRY,NO,40,0
6HSSMM56-GSWBLCK,NO,40,0
6HSSNG00-ASGBLCK96,NO,40,0
6HSSMM14-CBUWHIT,NO,40,0
RMST319136-NVY,NO,40,0
RMST319136-WHT,NO,40,0
PSGST319106-BLU,NO,40,0
6HSSTD53-BNEBLCK,NO,40,0
6HSSTD53-BNEWHIT,NO,40,0
6HSSTD53-CCABLCK,NO,40,0
6HSSTD53-CCAMARO,NO,40,0
6HSSTD53-CCAWHIT,NO,40,0
6HSSTD54-CBUWHGD,NO,40,0
6HSSTD54-CBUWHSC,NO,40,0
6HSSTD54-CCABLCK,NO,40,0
6HSSTD54-CCAKHAK,NO,40,0
6HSSTD54-GSWKHAK,NO,40,0
6HSSTD54-GSWWHRY,NO,40,0
6HSSTD55-CBUBLCK,NO,40,0
6HSSTD55-CBUSCAR,NO,40,0
6HSSTD55-CBUWHIT,NO,40,0
6HSSTD56-BNERYBK,NO,40,0
RMJS519101-BLK,NO,40,0
RMJS519101-GRY,NO,40,0
6HSSTD56-BNEWHBK,NO,40,0
RMJS519117-NVY,NO,40,0
RMJS519117-WHT,NO,40,0
6HSSTD56-CBUBKGD,NO,40,0
RMJS519131-NVY,NO,40,0
RMJS519131-WHT,NO,40,0
6HSSTD56-CBUBKSC,NO,40,0
6HSSTD56-CCACDWH,NO,40,0
RMSH519140-BLK,NO,40,0
RMSH519112-NVY,NO,40,0
RMPL519104-BLK,NO,40,0
RMPL519104-NVY,NO,40,0
RMJK519105-BLK,NO,40,0
RMJK519105-NVY,NO,40,0
RMPT519106-BLK,NO,40,0
RMPT519106-NVY,NO,40,0
RMJS319101-BLK,NO,40,0
RMJS319101-GRY,NO,40,0
RMJS319117-NVY,NO,40,0
RMJS319117-WHT,NO,40,0
RMJS319131-NVY,NO,40,0
RMJS319131-WHT,NO,40,0
RMSH319140-BLK,NO,40,0
6HSSMM72-TRABLCK,NO,40,0
6HSSMM23-LALPURP,NO,40,0
5HSSMM15-P76BLCK,NO,40,0
5HSSMM79-CBUBLCK,NO,40,0
5HSSMM79-HROBLCK,NO,40,0
5HSSMM79-LALBLCK,NO,40,0
5HSSMM79-MBUBLCK,NO,40,0
5HSSMM79-SASBLCK,NO,40,0
5HSSMM79-TRABLCK,NO,40,0
6HSSMM77-CBUBLCK,NO,40,0
6HSSMM77-HROBLCK,NO,40,0
6HSSMM77-LALBLCK,NO,40,0
6HSSMM77-SASBLCK,NO,40,0
5HSSMM15-AHABLCK,NO,40,0
6HSSMM11-LALBLCK,NO,40,0
6HSSMM11-P76BLCK,NO,40,0
5HSSMM15-CBUBLCK,NO,40,0
5HSSMM15-DNUBLCK,NO,40,0
5HSSMM15-LALBLCK,NO,40,0
5HSSMM79-BCEBLCK,NO,40,0
5HSSMM79-CCABLCK,NO,40,0
5HSSMM79-GSWBLCK,NO,40,0
NBASA519126-RED,NO,40,0
NBASA519127-BLK,NO,40,0
6HSSMM90-GSWBLCK,NO,40,0
NBASA519128-BLK,NO,40,0
BH78B5-BCE-W-HN1,NO,40,0
NBASA519129-BLK,NO,40,0
13019 NUGRUM,NO,40,0
BH72C6-DMA-B-A5R,NO,40,0
338VZ-005-5CAVAL,NO,40,0
338VZ-MTC-5CAVAL,NO,40,0
338VZ-005-5MAVER,NO,40,0
BH71MK-DPI-2T-9L0,NO,40,0
BH71MQ-MHE-2T-9L6,NO,40,0
BH71MR-MBU-2T-9L7,NO,40,0
068KZ-MTC-5BULLS,NO,40,0
XZB64 C22 5BULLS,NO,40,0
NZ979 TSC 5BULLS,NO,40,0
NL99Z TPC 5BNETS,NO,40,0
BH71O4-SAS-2T-9MH,NO,40,0
NL15Z-TSC-5NJAZZ,NO,40,0
NL15Z-TPC-5KNICK,NO,40,0
SH7993-LAF-K-90G,NO,40,0
11PUZ-FAS-5BULLS,NO,40,0
NL99Z TSC 5BULLS,NO,40,0
NL99Z TPC 5CAVAL,NO,40,0
NL99Z TSC 5TIMBE,NO,40,0
NL99Z TSC 5RAPTO,NO,40,0
338VZ-005-5LAKER,NO,40,0
NT78Z TPC 5BNETS,NO,40,0
NT78Z TSC 5KNICK,NO,40,0
338VZ 005 5BULLS,NO,40,0
338VZ 005 5LAKER,NO,40,0
338VZ 005 5PELIC,NO,40,0
338VZ 005 5KNICK,NO,40,0
NL99Z-TPC-5NUGGE,NO,40,0
NL99Z-TPC-5PACER,NO,40,0
369VZ FAS 5BNETS,NO,40,0
BH7236-P76-2T-821,NO,40,0
BH7238-WWI-2T-823,NO,40,0
BH7284-BNE-K-869,NO,40,0
BH7293-NYK-K-878,NO,40,0
BH763H-CBU-2T-DRN,NO,40,0
NZP88 049 5CAVAL,NO,40,0
NZP88 049 5KNICK,NO,40,0
NZX54 005 5BULLS,NO,40,0
RMSH319112-NVY,NO,40,0
RMPL319104-BLK,NO,40,0
RMPL319104-NVY,NO,40,0
RMJK319105-BLK,NO,40,0
PSGJS518206-BLU,NO,40,0
PSGPL517201-BLU,NO,40,0
PSGJK517201-BLU,NO,40,0
PSGJS318202-BLU,NO,40,0
PSGJS318206-BLU,NO,40,0
PSGPL317201-BLU,NO,40,0
PSGJK317201-BLU,NO,40,0
NBAJS519101-BLK,NO,40,0
NBASA519105-BLK,NO,40,0
NBASA519106-BLK,NO,40,0
NBAJS519102-YEL,SI,1,0
NBASA519107-RED,NO,1,0
NBASA519108-BLK,NO,1,0
NBAJS519103-WHT,NO,1,0
NBASA519124-BLK,NO,1,0
NBASA519125-PUR,NO,1,0
NBAJS519104-BLK,NO,1,0
NBAJS519105-WHT,NO,1,0
6HSSMM23-BCEGREN,NO,1,0
6HSSMM57-BCEGREN,NO,1,0
NBAJS519137-BLK,NO,1,0
6HSSMM57-CBURED1,NO,1,0
6HSSMM57-GSWROYA,NO,1,0
NBAJS519106-BLK,NO,1,0
NBAJS519107-BLK,NO,1,0
NBAJS519108-WHT,NO,1,0
NBAJS519109-WHT,NO,1,0
NBAJS519127-PUR,NO,1,0
NBAJS519128-ROY,NO,1,0
NBAJS519129-BLK,NO,1,0
NBAJS519131-BLK,NO,1,0
NBAJS519132-YEL,NO,1,0
NBAJS519133-ROY,NO,1,0
6HSSMO08-HRORED1,NO,1,0
6HSSMO10-LALGOLD,NO,1,0
BH78B9-BCE-E-HOH,NO,1,0
BH78DL-GSW-G-IE1,NO,1,0
BH78DM-NYK-G-IEN,NO,1,0
6HSSMM96-CHOTEAL,NO,1,0
6HSSMM22-GSWBLCK,NO,1,0
6HSSMM22-HROBLCK,NO,1,0
6HSSMM22-SASBLCK,NO,1,0
6HSSKJ24-BCEWHIT,NO,1,0
6HSSKJ77-CBUSCWH,NO,1,0
SWJK318101-BLK,NO,1,0
SWPT318101-BLK,NO,1,0
SWPJ318101-NVY,NO,1,0
SWPJ318102-NVY,NO,1,0
SWPJ318103-BLK,NO,1,0
SWPJ318104-NVY,NO,1,0
BH7A5F-BCE-K-MRJ,NO,1,0
BH7A5G-BNE-K-MRK,NO,1,0
BH7A58-CBU-K-MRG,NO,1,0
BH7A59-CBU-R-MRH,NO,1,0
BH7A5H-CCA-A-MRL,NO,1,0
BH7A5I-CHO-K-MRM,NO,1,0
BH7A5J-GSW-K-MRN,NO,1,0
BH7A5K-HRO-K-MRO,NO,1,0
BH7A5L-LAL-K-MRP,NO,1,0
BH7A5O-NYK-K-MRS,NO,1,0
BH7A5P-OCT-A-MRT,NO,1,0
BH7A5Q-P76-K-MRU,NO,1,0
BH7A5R-SAS-K-MRV,NO,1,0
BH7A5S-TRA-K-MRW,NO,1,0
BH7A5T-WWI-A-MRX,NO,1,0
BH7A5W-BCE-K-MS0,NO,1,0
BH7A5X-CHO-K-MS1,NO,1,0
BH7A60-HRO-K-MS4,NO,1,0
BH7A61-MHE-K-MS5,NO,1,0
BH7A64-NYK-K-MS8,NO,1,0
BH7A66-P76-K-MSA,NO,1,0
BH7A68-SFW-K-MSC,NO,1,0
BH76P2-CBU-K-EGX,NO,1,0
BH77KI-CBU-K-FG6,NO,1,0
HX-TB-6SM048,NO,1,0
HX-QD-6SMT011,NO,1,0
HX-QD-6SMT014,NO,1,0
HX-QD-6SMT016,NO,1,0
HX-QD-KIDS05,NO,1,0
B-CLPER17OVS-BK,NO,1,0
B-FLGSF11GWS-RY,NO,1,0
B-MTCLU06GWS-BK,NO,1,0
B-MTCLU16GWS-BK,NO,1,0
B-MTCLU17GWS-BK,NO,1,0
B-MTCLU20GWS-BK,NO,1,0
B-MVP02WBV-HM,NO,1,0
B-MVP02WBV-RD,NO,1,0
B-MVP11WBV-HM,NO,1,0
B-MVP17WBV-BK,NO,1,0
B-MVP17WBV-BKC,NO,1,0
B-NSHOT02WBP-NY,NO,1,0
B-NSHOT06WBP-BK,NO,1,0
B-NSHOT17WBP-CCB,NO,1,0
B-NSHOT17WBP-KMB,NO,1,0
B-NSHOT12WBP-RYA,NO,1,0
B-NSHOT12WBP-RYB,NO,1,0
B-NSHOT17WBP-BK,NO,1,0
B-NSHOT17WBP-BKA,NO,1,0
B-NSHOT17WBP-NY,NO,1,0
B-NSHOT17WBP-NYA,NO,1,0
NZY51-WBL-5BNETS,NO,1,0
B-NSHOT17WBP-NYB,NO,1,0
B-NSHOT17WBP-RD,NO,1,0
B-NSHOT17WBP-RDA,NO,1,0
B-NSHOT17WBP-RDB,NO,1,0
B-NSHOT17WBP-RY,NO,1,0
B-NSHOT17WBP-TBA,NO,1,0
B-NSHOT20WBP-BK,NO,1,0
OLJS519108-BLK,NO,1,0
OLJS519106-WHT,NO,1,0
OLJS519106-RED,NO,1,0
OLSH519106-ROY,NO,1,0
OLJS519107-BLK,NO,1,0
OLPL519101-WHT,NO,1,0
OLPL519101-RED,NO,1,0
OLSH519107-ROY,NO,1,0
OLPL519108-BLK,NO,1,0
OLSH519108-BLK,NO,1,0
OLJK519101-ROY,NO,1,0
OLJK519102-ROY,NO,1,0
OLPT519101-ROY,NO,1,0
OLPT519102-ROY,NO,1,0
UMJS5AR05-YLW,NO,1,0
MLBJS518412-BLK,NO,1,0
MLBJS518413-BLK,NO,1,0
MLBJS518414-WHT,NO,1,0
MLBJS518415-WHT,NO,1,0
MLBJS518416-WHT,NO,1,0
MLBJS518417-WHT,NO,1,0
MLBJS618410-BLK,NO,1,0
MLBJS618411-BLK,NO,1,0
MLBJS618412-BLK,NO,1,0
MLBJS618413-BLK,NO,1,0
MLBJS618414-WHT,NO,1,0
MLBJS618415-WHT,NO,1,0
MLBJS618416-WHT,NO,1,0
MLBJS618417-WHT,NO,1,0
81332U-FNN,NO,1,0
81326U-FNN,NO,1,0
81330U-FNN,NO,1,0
81315U-FNG,NO,1,0
MLBJS618404-RED,NO,1,0
MLBJS618405-WHT,NO,1,0
MLBJS618406-BLU,NO,1,0
MLBJS618407-BLK,NO,1,0
MLBJS618408-BLU,NO,1,0
MLBJS618409-BLK,NO,1,0
MLBJS518410-BLK,NO,1,0
MLBJS518411-BLK,NO,1,0
81322U-FNH,NO,1,0
81324U-FNG,NO,1,0
81324U-FNH,NO,1,0
81334U-A66,NO,1,0
81334U-FNQ,NO,1,0
81376U-FRS,NO,1,0
81336U-A66,NO,1,0
81336U-FNQ,NO,1,0
81336U-FNR,NO,1,0
81338U-A66,NO,1,0
81338U-FNQ,NO,1,0
81338U-FNR,NO,1,0
81340U-A66,NO,1,0
81340U-FNQ,NO,1,0
81342U-A66,NO,1,0
81342U-FNQ,NO,1,0
UMJS517211-BLK,NO,1,0
UMJS517211-ROY,NO,1,0
UMJS517211-BUR,NO,1,0
UMJS517212-BLK,NO,1,0
UMJS517212-ROY,NO,1,0
UMJS517213-BLK,NO,1,0
UMJS517213-BLK2,NO,1,0
UMJS517213-BLK3,NO,1,0
UMJS517214-BLK,NO,1,0
UMJS517214-ROY,NO,1,0
UMJS517214-BLK2,NO,1,0
UMJS517216-BLK,NO,1,0
UMJS517216-ROY,NO,1,0
UMJS517216-PUR,NO,1,0
UMSH517212-BLK,NO,1,0
UMSH517212-ROY,NO,1,0
UMSH517213-BLK,NO,1,0
UMSH517213-BLK2,NO,1,0
UMSH517213-BLK3,NO,1,0
UMJK517211-ROY,NO,1,0
UMJK517211-BLK,NO,1,0
UMJK517212-NVY,NO,1,0
UMLP517212-NVY,NO,1,0
UMLP517212-BLK,NO,1,0
UMPL517211-BLK,NO,1,0
UMPL517211-ROY,NO,1,0
UMPL517211-WHT,NO,1,0
UMPL517212-BLK,NO,1,0
UMPL517212-NVY,NO,1,0
UMPL517212 -WHT,NO,1,0
UMJS517224-BLK,NO,1,0
UMJS517224-WHT,NO,1,0
UMJS517224-NEON,NO,1,0
UMJS517224-ROY,NO,1,0
UMJK517221-BLK,NO,1,0
UMJK517221-ROY,NO,1,0
UMJK517221-RED,NO,1,0
UMJK517222-ROY,NO,1,0
UMJK517222-BLK,NO,1,0
UMST517201-BLK,NO,1,0
UMST517201-ROY,NO,1,0
UMST517201-RED,NO,1,0
UMST517201-NEON,NO,1,0
UMST517201-PUR,NO,1,0
UMST517202-BLK,NO,1,0
UMST517202-ROY,NO,1,0
UMST517202-RED,NO,1,0
UMST517202-NEON,NO,1,0
UMST517202-PUR,NO,1,0
UMST517204-ROY,NO,1,0
UMST517204-BLK,NO,1,0
UMST517204-NEON,NO,1,0
UMST317201-BLK,NO,1,0
UMST317201-ROY,NO,1,0
UMST317201-RED,NO,1,0
UMST317201-NEON,NO,1,0
UMST317201-PUR,NO,1,0
UMST317202-BLK,NO,1,0
UMST317202-ROY,NO,1,0
UMST317202-RED,NO,1,0
UMST317202-NEON,NO,1,0
UMST317202-PUR,NO,1,0
UMSO517201-NVY,NO,1,0
UMSO317201-PUR,NO,1,0
UMJS517221-BLK,NO,1,0
UMJS517221-NEON,NO,1,0
UMJS517221-NVY,NO,1,0
UMJS517225-BLK,NO,1,0
UMJS517225-NVY,NO,1,0
UMJS517225-PUR,NO,1,0
UMJS517226-NVY,NO,1,0
UMJS517226-NEON,NO,1,0
UMSB517205-WHT,NO,1,0
UMSB517205-BLK,NO,1,0
UMSB517205-ROY,NO,1,0
UMSB517206-ROY,NO,1,0
UMSB517206-BLK,NO,1,0
UMSB517207-ROY,NO,1,0
UMSB517207-BLK,NO,1,0
UMSB517208-WHT,NO,1,0
UMSB517208-BLK,NO,1,0
UMSB517208-ROY,NO,1,0
UMPT517222-NVY,NO,1,0
UMJK517222-BL2,NO,1,0
UMBK517202-GRY,NO,1,0
UMBK517202-BLK,NO,1,0
UMGKST5PA01-RED,NO,1,0
UMGKST5PA01-GRN,NO,1,0
UMGKST5CSH01-YEL,NO,1,0
UMGKST5CSH01-RED,NO,1,0
UMGKST5CSH01-GRN,NO,1,0
UMGKST5WF01-YEL,NO,1,0
AVCV172039-GRY,NO,1,0
MVAS172001-RED,NO,1,0
MCSB517108-RED,NO,1,0
UMSH517212-BL2,NO,1,0
UMJK517212-BLK,NO,1,0
UMPT517222-BLK,NO,1,0
UMPT5172222-BL2,NO,1,0
81233U-FBZ,NO,1,0
UMDB517202-BLK,NO,1,0
UMJS517206-RED,NO,1,0
UMJS517206-BLK,NO,1,0
UMDB517202-NVY,NO,1,0
UMJS517206-NVY,NO,1,0
UMJS517212-BL2,NO,1,0
UMSG517202-GRY,NO,1,0
UMSG517202-BLK,NO,1,0
UMSG517202-NVY,NO,1,0
UMSR517202-GRY,NO,1,0
81230U-FA3,NO,1,0
81230U-FBW,NO,1,0
UMSR517202-BLK,NO,1,0
81230U-FBZ,NO,1,0
81230U-FGN,NO,1,0
UMSR517202-NVY,NO,1,0
81071U-DJU,NO,1,0
81233U-FGN,NO,1,0
81190U-EZL,NO,1,0
81188U-FC4,NO,1,0
81190U-FC4,NO,1,0
81190U-FAF,NO,1,0
81189U-FC4,NO,1,0
81267U-FC5,NO,1,0
81267U-FC6,NO,1,0
81087U-DJU,NO,1,0
81265U-FC7,NO,1,0
81265U-FC8,NO,1,0
UMBK517203-RED,NO,1,0
81235U-EZL,NO,1,0
81235U-FA3,NO,1,0
UMBK517203-BLK,NO,1,0
UMBK517203-NVY,NO,1,0
UMSG517203-RED,NO,1,0
UMSG517203-BLK,NO,1,0
UMSG517203-NVY,NO,1,0
UMDB517203-RED,NO,1,0
UMDB517203-BLK,NO,1,0
UMDB517203-NVY,NO,1,0
UMRD517201-BLK,NO,1,0
UMRD517202-BLK,NO,1,0
81231U-FA3,NO,1,0
81231U-FBW,NO,1,0
81231U-FBZ,NO,1,0
81231U-FGN,NO,1,0
81232U-FA3,NO,1,0
81232U-FBW,NO,1,0
81232U-FBZ,NO,1,0
81232U-FGN,NO,1,0
81234U-EZL,NO,1,0
81234U-FA3,NO,1,0
81234U-FBW,NO,1,0
81234U-FBZ,NO,1,0
81236U-EZL,NO,1,0
81236U-FA3,NO,1,0
81236U-FBW,NO,1,0
81235U-FBW,NO,1,0
81235U-FBZ,NO,1,0
81236U-FBZ,NO,1,0
81237U-EZL,NO,1,0
81237U-FA3,NO,1,0
81238U-FA3,NO,1,0
81237U-FBW,NO,1,0
81237U-FBZ,NO,1,0
81238U-FBW,NO,1,0
81240U-EZL,NO,1,0
81240U-FA3,NO,1,0
81238U-FBZ,NO,1,0
81313U-075,NO,1,0
20893U-DKF,NO,1,0
81238U-FGN,NO,1,0
81239U-EZL,NO,1,0
81239U-FA3,NO,1,0
81239U-FBW,NO,1,0
81239U-FBZ,NO,1,0
81179U-EZL,NO,1,0
81179U-FA3,NO,1,0
81315U-FNH,NO,1,0
81320U-FNG,NO,1,0
81320U-FNH,NO,1,0
81322U-FNG,NO,1,0
UMJS517205-BLK,NO,1,0
UMJS517205-RED,NO,1,0
UMJS517221-PUR,NO,1,0
UMJS517221-GRY,NO,1,0
UMSH517201-BLK,NO,1,0
UMSH517201-BLK2,NO,1,0
UMSH517201-NVY,NO,1,0
UMSH517203-BLK,NO,1,0
UMSH517203-NVY,NO,1,0
UMPL517201-BLK,NO,1,0
UMPL517201-RED,NO,1,0
PRUEBA,NO,1,0
UMJS518111-SCU,NO,1,0
UMSH518101-PUR,NO,1,0
UMSH518102-BLK,NO,1,0
UMPT518101-BLK,NO,1,0
UMSL518102-GRN,NO,1,0
UMSH5MUN01-BLU,NO,1,0
UMJS5MUN02-NVY,NO,1,0
UMSH5MUN02-NVY,NO,1,0
UMJS5MUN03-BLK,NO,1,0
UMPL517201-NVY,NO,1,0
UMPL517202-BLK,NO,1,0
81233U-FA3,NO,1,0
81233U-FBW,NO,1,0
UMPL517202-NVY,NO,1,0
UMGKST5WF01-RED,NO,1,0
DSFF617211-BLK,NO,1,0
DSFF617209-WHT,NO,1,0
UMGKST5WF01-GRN,NO,1,0
AVCV172040-NVY,NO,1,0
SPSK181033-NVY,NO,1,0
UMGKST5OL01-YEL,NO,1,0
AVES18102-BLK,NO,1,0
AVES18203-GRY,NO,1,0
UMGKST5OL01-RED,NO,1,0
SPES181031-RED,NO,1,0
SPES18104-BLK,NO,1,0
UMCP3ES01-ROY,NO,1,0
UMGKST5OL01-GRN,NO,1,0
MCCV172033-NVY,NO,1,0
AVCV172038-BLK,NO,1,0
UMGKST5CSDM01-YEL,NO,1,0
UMGKST5CSDM01-RED,NO,1,0
UMGKST5CSDM01-GRN,NO,1,0
DSCV617205-NVY,NO,1,0
DSCV617206-RED,NO,1,0
DSCV617205-BLK,NO,1,0
SPFF317202-BLK,NO,1,0
MVFF17201-NVY,NO,1,0
AVFF317206-NVY,NO,1,0
AVES18101-RED,NO,1,0
AVES18202-NVY,NO,1,0
SPCV18104-RED,NO,1,0
AVES18201-BLK,NO,1,0
MCAS172002-NVY,NO,1,0
MVAS172004-BLK,NO,1,0
81221U-DJU,NO,1,0
81305U-A0C,NO,1,0
81305U-A80,NO,1,0
81306U-A0C,NO,1,0
81306U-A80,NO,1,0
81307U-A0C,NO,1,0
81307U-A80,NO,1,0
81290U-FBR,NO,1,0
81290U-FBS,NO,1,0
81290U-FBT,NO,1,0
81290U-FBU,NO,1,0
81291U-FBR,NO,1,0
81291U-FBS,NO,1,0
81291U-FBT,NO,1,0
81291U-FBU,NO,1,0
81292U-FBR,NO,1,0
81292U-FBS,NO,1,0
81292U-FBT,NO,1,0
81292U-FBU,NO,1,0
81293U-FBR,NO,1,0
81293U-FBS,NO,1,0
81293U-FBT,NO,1,0
81293U-FBU,NO,1,0
81295U-FBR,NO,1,0
81295U-FBS,NO,1,0
81295U-FBT,NO,1,0
81295U-FBU,NO,1,0
81296U-FBR,NO,1,0
81296U-FBS,NO,1,0
81296U-FBT,NO,1,0
81296U-FBU,NO,1,0
81297U-FBR,NO,1,0
81297U-FBS,NO,1,0
81297U-FBT,NO,1,0
B-NSHTM17WBP-BK,NO,1,0
B-NSHTM17WBP-RD,NO,1,0
B-NSHTT01WBP-WE,NO,1,0
B-NSHTT12WBP-WE,NO,1,0
B-NSHTT22WBP-WE,NO,1,0
B-SRSDT17WBP-BK,NO,1,0
B-SRSDT17WBP-NY,NO,1,0
B-SRSDT17WBP-RD,NO,1,0
B-SSACT01WBP-NY,NO,1,0
B-SSACT02WBP-RD,NO,1,0
B-SSACT07WBP-RD,NO,1,0
B-SSACT12WBP-RY,NO,1,0
B-SSACT17WBP-NY,NO,1,0
B-SSACT18WBP-DG,NO,1,0
B-SSACT20WBP-BK,NO,1,0
B-SSACT22WBP-BK,NO,1,0
BCPTN-WOODS02P-RD,NO,1,0
BCPTN-WOODS10P-NY,NO,1,0
BCPTN-WOODS12P-NY,NO,1,0
BCPTN-WOODS19P-RD,NO,1,0
H-TWOTH05CTPXC-RZ,NO,1,0
H-TWOTH14CTPXC-TH,NO,1,0
B-SRS17WBP-BKG,NO,1,0
NZR76-WTE-5CBU92,NO,1,0
NZR88-005-5ROCKE,NO,1,0
NZR78-004-5BULLS,NO,1,0
NZR93-TPC-5SPURS,NO,1,0
NT78Z-TSC-5CHOR1,NO,1,0
NT78Z-TPC-5CLIPP,NO,1,0
NT78Z-TPC-5PELIC,NO,1,0
NZZ52-FAS-5WARRI,NO,1,0
NZM17-BGY-5CAVAL,NO,1,0
NZM17-101-5BULLS,NO,1,0
NZM17-A14-5BULLS,NO,1,0
VV16Z-TPC-5CAVAL,NO,1,0
ZY17001,NO,1,0
TFES18201-NVY,NO,1,0
TFES18202-NVY,NO,1,0
SWCV172032-BLK,NO,1,0
NZS37-WTE-5BNETS,NO,1,0
NZS37-016-5BNETS,NO,1,0
NZS37-WTE-5BULLS,NO,1,0
NZS36-GHT-5BULLS,NO,1,0
NZS36-005-5BULLS,NO,1,0
NZT55-037-5BULLS,NO,1,0
142VZ-005-5WARRI,NO,1,0
142VZ-005-5BNETS,NO,1,0
142VZ-005-5LAKER,NO,1,0
143VZ-005-7HAWKS,NO,1,0
147VZ-ALT-5CAVAL,NO,1,0
147VZ-TPC-5CAVAL,NO,1,0
VV02Z-FAS-7HAWKS,NO,1,0
VV01Z-FAS-5CAVAL,NO,1,0
VV01Z-FAS-5WARRI,NO,1,0
VV01Z-FAS-5BNETS,NO,1,0
VV01Z-FAS-5BULLS,NO,1,0
VV01Z-FAS-5LAKER,NO,1,0
VV01Z-FAS-5KNICK,NO,1,0
VV01Z-FAS-5SPURS,NO,1,0
VV01Z-FAS-5CHOR1,NO,1,0
118AZ-MTC-7RANGE,NO,1,0
118AZ-005-7RANGE,NO,1,0
118AZ-MTC-7FLYER,NO,1,0
VV27Z-MTC-5CAVAL,NO,1,0
VV28Z-MTC-5WARRI,NO,1,0
VV27Z-MTC-5WARRI,NO,1,0
VV27Z-MTC-5BNETS,NO,1,0
VV27Z-MTC-5BULLS,NO,1,0
VV28Z-MTC-5BULLS,NO,1,0
VU44Z-FAS-5BULLS,NO,1,0
VU45Z-FAS-5BULLS,NO,1,0
VV16Z-TPC-5WARRI,NO,1,0
VV16Z-TPC-5BNETS,NO,1,0
VV16Z-TPC-5BULLS,NO,1,0
VV16Z-TPC-5ROCKE,NO,1,0
VV16Z-TPC-5SPURS,NO,1,0
VV16Z-TPC-5RAPTO,NO,1,0
VV19Z-005-5WARRI,NO,1,0
VV20Z-MTC-5WARRI,NO,1,0
VV19Z-005-5BNETS,NO,1,0
VQ69Z-GTE-5ROCKE,NO,1,0
VQ69Z-GTE-5SPURS,NO,1,0
058VZ-018-5CAVAL,NO,1,0
058VZ-018-5WARRI,NO,1,0
058VZ-018-5BNETS,NO,1,0
058VZ-018-5BULLS,NO,1,0
058VZ-018-5LAKER,NO,1,0
058VZ-018-5KNICK,NO,1,0
058VZ-018-5SPURS,NO,1,0
058VZ-018-5CHOR1,NO,1,0
059VZ-TPC-5CAVAL,NO,1,0
059VZ-005-5CAVAL,NO,1,0
059VZ-005-5WARRI,NO,1,0
059VZ-TPC-5WARRI,NO,1,0
059VZ-005-5BNETS,NO,1,0
059VZ-TPC-5BNETS,NO,1,0
059VZ-TPC-5BULLS,NO,1,0
059VZ-005-5BULLS,NO,1,0
059VZ-TPC-5LAKER,NO,1,0
059VZ-005-5LAKER,NO,1,0
059VZ-005-5KNICK,NO,1,0
059VZ-005-5SPURS,NO,1,0
059VZ-TPC-5SPURS,NO,1,0
059VZ-TPC-5CHOR1,NO,1,0
NZU70-GTE-5BNETS,NO,1,0
NZU72-GTE-5BNETS,NO,1,0
VY46Z-005-5WARRI,NO,1,0
VY46Z-005-5SPURS,NO,1,0
VY46Z-005-5RAPTO,NO,1,0
VY46Z-005-5CELTI,NO,1,0
VY46Z-005-5BUCKS,NO,1,0
VY46Z-005-5TRAIL,NO,1,0
VO55Z-005-5CAVAL,NO,1,0
VO55Z-005-5WARRI,NO,1,0
VO55Z-TPF-5BNETS,NO,1,0
VO55Z-004-5BULLS,NO,1,0
VV32Z-TPF-5CAVAL,NO,1,0
VV32Z-TPF-5WARRI,NO,1,0
VV33Z-TPF-5WARRI,NO,1,0
SWES181030-BLK,NO,1,0
RMES318108-NVY,NO,1,0
RMES318109-BLK,NO,1,0
TF17209-NVY,NO,1,0
TFES181013-NVY,NO,1,0
TFES181012-BLK,NO,1,0
VV32Z-TPF-5BNETS,NO,1,0
VV32Z-TPF-5BULLS,NO,1,0
VV32Z-TPF-5SPURS,NO,1,0
NL99Z-005-5WARRI,NO,1,0
NZX80-NEB-5BNETS,NO,1,0
NL99Z-005-5ROCKE,NO,1,0
NZX98-004-5KNICK,NO,1,0
NZX57-WFY-5BULLS,NO,1,0
NZX90-WSL-5BULLS,NO,1,0
NZX58-W15-5BULLS,NO,1,0
NM04Z-BTE-5WARRI,NO,1,0
NZU49-177-5WARRI,NO,1,0
NZU49-WTE-5BNETS,NO,1,0
NZU49-005-5BNETS,NO,1,0
NM04Z-005-5BNETS,NO,1,0
NZU49-BTE-5BULLS,NO,1,0
NM04Z-005-5BULLS,NO,1,0
NZU49-005-5BULLS,NO,1,0
NZZ35-005-5SPURS,NO,1,0
SWES18110-NVY,NO,1,0
BH768O-BNE-K-DV1,NO,1,0
BH72PZ-BCE-K-AI4,NO,1,0
BH72Q3-CCA-K-AI8,NO,1,0
BH72Q7-GSW-K-AIC,NO,1,0
BH72QD-LAC-K-AIF,NO,1,0
BH71TV-CBU-K-9RQ,NO,1,0
BH71TZ-DPI-K-9RU,NO,1,0
BH71UL-SAS-K-9SD,NO,1,0
BH71UN-SFW-K-9SF,NO,1,0
BH71X1-BCE-K-9UN,NO,1,0
BH71X4-CBU-K-9UQ,NO,1,0
NZX97 005 5KNICK,NO,1,0
338VZ-005-5BULLS,NO,1,0
TFCV181014-BLUE,NO,1,0
HX-QD-KIDS03,NO,1,0
HX-ROOKIE-1M001,NO,1,0
WL-CAY-SS16-39,NO,1,0
WL-CAY-SS16-40,NO,1,0
B-MVP20WBV-HM,NO,1,0
B-PHRTC11PNS-NY,NO,1,0
B-REBND15GWH-RD,NO,1,0
B-RGW02GWS-WH,NO,1,0
B-RGW04GWS-HM,NO,1,0
B-RGW04GWS-NY,NO,1,0
B-RGW05GWS-RYB,NO,1,0
B-RGW05GWS-WH,NO,1,0
B-RGW06GWS-HM,NO,1,0
B-RGW06GWSNL-BKB,NO,1,0
B-RGW06GWSNL-WHA,NO,1,0
B-RGW07GWS-HM,NO,1,0
B-RGW11GWS-RY,NO,1,0
B-RGW12GWS-RY,NO,1,0
B-RGW12GWS-WHA,NO,1,0
B-RGW15GWSNL-KM,NO,1,0
B-RGW16GWS-RY,NO,1,0
B-RGW16GWSNL-BKA,NO,1,0
B-RGW16GWSNL-BOA,NO,1,0
B-RGW16GWSNL-HK,NO,1,0
B-RGW16GWSRP-RY,NO,1,0
B-RGW17GWS-BKD,NO,1,0
B-RGW17GWS-BKI,NO,1,0
B-RGW17GWS-CC,NO,1,0
B-RGW17GWS-VN,NO,1,0
81297U-FBU,NO,1,0
81308U-FBR,NO,1,0
81308U-FBS,NO,1,0
81308U-FBT,NO,1,0
81308U-FBU,NO,1,0
81309U-FBR,NO,1,0
81309U-FBS,NO,1,0
81309U-FBT,NO,1,0
81309U-FBU,NO,1,0
81252U-EZL,NO,1,0
81252U-FBS,NO,1,0
81252U-FCC,NO,1,0
81252U-FCD,NO,1,0
81254U-EZL,NO,1,0
81254U-FBS,NO,1,0
81254U-FCC,NO,1,0
81254U-FCD,NO,1,0
81256U-EZL,NO,1,0
81256U-FBS,NO,1,0
81256U-FCC,NO,1,0
81256U-FCD,NO,1,0
85787U-EZL,NO,1,0
85787U-FBS,NO,1,0
85787U-FCC,NO,1,0
85787U-FCD,NO,1,0
81283U-FC2,NO,1,0
81283U-FC9,NO,1,0
81283U-FCA,NO,1,0
81283U-FCB,NO,1,0
81284U-FC2,NO,1,0
81284U-FC9,NO,1,0
81284U-FCA,NO,1,0
81284U-FCB,NO,1,0
81285U-FC2,NO,1,0
81285U-FC9,NO,1,0
81285U-FCA,NO,1,0
81285U-FCB,NO,1,0
81286U-FC2,NO,1,0
81286U-FC9,NO,1,0
81179U-FAF,NO,1,0
81179U-FC4,NO,1,0
81180U-EZL,NO,1,0
81180U-FA3,NO,1,0
81180U-FAF,NO,1,0
81180U-FC4,NO,1,0
81181U-EZL,NO,1,0
81181U-FA3,NO,1,0
81181U-FAF,NO,1,0
81181U-FC4,NO,1,0
81182U-EZL,NO,1,0
81182U-FA3,NO,1,0
81182U-FAF,NO,1,0
81182U-FC4,NO,1,0
81183U-EZL,NO,1,0
81183U-FA3,NO,1,0
81183U-FAF,NO,1,0
81183U-FC4,NO,1,0
81185U-EZL,NO,1,0
81185U-FA3,NO,1,0
81185U-FAF,NO,1,0
81185U-FC4,NO,1,0
81186U-EZL,NO,1,0
81186U-FA3,NO,1,0
81186U-FAF,NO,1,0
81186U-FC4,NO,1,0
81187U-EZL,NO,1,0
81187U-FA3,NO,1,0
81187U-FAF,NO,1,0
81187U-FC4,NO,1,0
80957U-DAZ,NO,1,0
80957U-DJU,NO,1,0
81071U-DAZ,NO,1,0
81072U-DAZ,NO,1,0
81072U-DJU,NO,1,0
81073U-DAZ,NO,1,0
81073U-DJU,NO,1,0
81081U-DAZ,NO,1,0
81081U-DJU,NO,1,0
81082U-DAZ,NO,1,0
81083U-DAZ,NO,1,0
81083U-DJU,NO,1,0
81084U-DAZ,NO,1,0
81084U-DJU,NO,1,0
81085U-DAZ,NO,1,0
81092U-DAZ,NO,1,0
81092U-DJU,NO,1,0
81207U-DAZ,NO,1,0
81207U-DJU,NO,1,0
81208U-DAZ,NO,1,0
81208U-DJU,NO,1,0
81210U-DAZ,NO,1,0
81210U-DJU,NO,1,0
81220U-DAZ,NO,1,0
81220U-DJU,NO,1,0
B-RGW17GWS-WHB,NO,1,0
B-RGW17GWSNL-CO,NO,1,0
B-RGW20GWS-HM,NO,1,0
B-RGW23GWS-HM,NO,1,0
B-RGW23GWS-NY,NO,1,0
B-RGW23GWSNL-KM,NO,1,0
B-RGW26GWS-RY,NO,1,0
B-RGW26GWSNL-BKA,NO,1,0
B-RGW26GWSNL-PW,NO,1,0
B-RGW26GWSNL-WH,NO,1,0
B-SPGBN15GWS-NY,NO,1,0
B-TRACK26LIV-BK,NO,1,0
BH78T0-OMA-K-GW3,NO,1,0
BH78T1-P76-K-GW4,NO,1,0
BH78T2-SAS-K-GW5,NO,1,0
BH78T3-SSU-K-GW6,NO,1,0
BH78T4-GSW-K-GW7,NO,1,0
BH78T5-TRA-K-GW8,NO,1,0
BH78T6-VGR-K-GW9,NO,1,0
BH78T7-WBU-K-GWA,NO,1,0
BH78T8-BNE-K-GWB,NO,1,0
BH78T9-CBU-K-GWC,NO,1,0
BH78TD-CCA-K-GWD,NO,1,0
BH78TE-CHO-K-GWE,NO,1,0
BH78TF-GSW-K-GWF,NO,1,0
BH78TG-HRO-K-GWG,NO,1,0
BH78TH-LAL-K-GWH,NO,1,0
BH78TI-NYK-K-GWI,NO,1,0
BH78TJ-SKI-K-GWJ,NO,1,0
BH78TK-SAS-K-GWK,NO,1,0
BH78TL-TRA-K-GWL,NO,1,0
BH79K8-AHA-K-LPXÁ,NO,1,0
BH79K9-BCE-K-LPY,NO,1,0
BH79K8-AHA-K-LPX,NO,1,0
837VZ-013-5KNICK,NO,1,0
BH71X9-GSW-K-9UV,NO,1,0
BH72I2-HRO-R-AAV,NO,1,0
BH72IJ-PTB-R-AB9,NO,1,0
BH72KJ-AHA-R-AD3,NO,1,0
BH72KL-BNE-K-AD5,NO,1,0
BH7125-AHA-2T-8WP,NO,1,0
BH7120-BNE-2T-8DL,NO,1,0
BH72KN-CBU-R-AD7,NO,1,0
LF3181056-BLK,NO,1,0
BH72KO-CCA-7-AD8,NO,1,0
BH72KS-GSW-B-ADC,NO,1,0
BH72KT-HRO-R-ADD,NO,1,0
81221U-DAZ,NO,1,0
20859U-FGH,NO,1,0
20891U-FD7,NO,1,0
20892U-DKF,NO,1,0
20860U-FCY,NO,1,0
20892U-FC5,NO,1,0
20892U-FD7,NO,1,0
20861U-FCX,NO,1,0
20894U-DSB,NO,1,0
20894U-EZG,NO,1,0
20862U-FCX,NO,1,0
20894U-FA3,NO,1,0
81286U-FCA,NO,1,0
81286U-FCB,NO,1,0
81264U-FC5,NO,1,0
81264U-FC6,NO,1,0
81264U-FC7,NO,1,0
81264U-FC8,NO,1,0
81266U-FC5,NO,1,0
81266U-FC6,NO,1,0
81266U-FC7,NO,1,0
81266U-FC8,NO,1,0
81268U-FC5,NO,1,0
81268U-FC6,NO,1,0
81268U-FC7,NO,1,0
81268U-FC8,NO,1,0
81271U-FC5,NO,1,0
81271U-FC6,NO,1,0
81271U-FC7,NO,1,0
81271U-FC8,NO,1,0
85791U-FC5,NO,1,0
85791U-FC6,NO,1,0
85791U-FC7,NO,1,0
85791U-FC8,NO,1,0
81312U-075,NO,1,0
20867U-FCX,NO,1,0
20872U-356,NO,1,0
20873U-356,NO,1,0
20874U-0V6,NO,1,0
20875U-CBK,NO,1,0
20898U-FGK,NO,1,0
20900U-FBW,NO,1,0
20902U-FA3,NO,1,0
20864U-FCX,NO,1,0
20864U-FCY,NO,1,0
20871U-FCX,NO,1,0
20871U-FCY,NO,1,0
BH72L2-NYK-B-ADM,NO,1,0
BH72L7-PTB-K-ADR,NO,1,0
BH72L9-SAS-K-ADT,NO,1,0
BH73GS-AHA-K-B3M,NO,1,0
BH73GV-CHO-K-B3P,NO,1,0
BH73GW-CBU-K-B3Q,NO,1,0
BH73H2-HRO-K-B3W,NO,1,0
BH73H5-LAL-K-B3Z,NO,1,0
BH73HL-SAS-K-B4C,NO,1,0
BH78OE-AHA-K-GMR,NO,1,0
BH78OE-BBU-K-GMS,NO,1,0
BH78OE-BCE-K-GMT,NO,1,0
BH78OE-CBU-K-GMU,NO,1,0
BH78OE-CHO-K-GMV,NO,1,0
BH78OE-GSW-K-GMW,NO,1,0
BH78OE-LAL-K-GMX,NO,1,0
BH78OE-MGR-K-GN6,NO,1,0
BH78OE-MHE-K-GMY,NO,1,0
BH78OE-MTI-K-GMZ,NO,1,0
BH78OE-MTI-W-GNF,NO,1,0
BH78OE-NYK-K-GN0,NO,1,0
BH78OE-P76-K-GN1,NO,1,0
BH78OE-PTB-K-GN2,NO,1,0
BH78OE-SAS-K-GN3,NO,1,0
BH78OE-SFW-K-GN4,NO,1,0
BH78OE-TRA-K-GN5,NO,1,0
BH78OF-AHA-K-GNN,NO,1,0
BH78OF-AHA-W-GO6,NO,1,0
BH78OF-BCE-K-GNP,NO,1,0
BH78OF-BCE-W-GO8,NO,1,0
BH78OF-BNE-K-GNO,NO,1,0
BH78OF-BNE-W-GO7,NO,1,0
BH78OF-CBU-K-GNR,NO,1,0
BH78OF-CBU-W-GOA,NO,1,0
BH78OF-CCA-K-GNS,NO,1,0
BH78OF-CCA-W-GOB,NO,1,0
BH78OF-CHO-K-GNQ,NO,1,0
BH78OF-CHO-W-GO9,NO,1,0
BH78OF-GSW-K-GNT,NO,1,0
BH78OF-GSW-W-GOC,NO,1,0
BH78OF-HRO-K-GNU,NO,1,0
BH78OF-HRO-W-GOD,NO,1,0
BH78OF-MBU-K-GNV,NO,1,0
BH78OF-MBU-W-GOE,NO,1,0
BH78OF-MHE-K-GNW,NO,1,0
BH78OF-MHE-W-GOF,NO,1,0
BH78OF-NOP-K-GNX,NO,1,0
20871U-FD2,NO,1,0
20871U-FHE,NO,1,0
20871U-FHF,NO,1,0
UMJS5PLA01-ROY,NO,1,0
UMJS5PLA02-WHT,NO,1,0
UMJS5PLA03-BLK,NO,1,0
UMSH5PLA01-ROY,NO,1,0
SPCV18101-RED,NO,1,0
SPSK18106-RED,NO,1,0
MCES172003-NVY,NO,1,0
AVAS18109-BLK,NO,1,0
AVAS18108-BLU,NO,1,0
AVES172036-BLU,NO,1,0
SPFF18101-NVY,NO,1,0
AVFF317204-BLU,NO,1,0
AVFF317203-BLK,NO,1,0
MCTS318122-BLU,NO,1,0
MCTS318122-NVY,NO,1,0
SPES18105-BLK,NO,1,0
MCTS318121-BLU,NO,1,0
MCTS318121-LBL,NO,1,0
SPES18107-NVY,NO,1,0
MCTS318121-NVY,NO,1,0
MCTS318123-BLU,NO,1,0
AVES181011-BLK,NO,1,0
UMPL5HER01-BLK,NO,1,0
UMPL5HER01-WHT,NO,1,0
UMJS5HER04-BLK,NO,1,0
UMJS5HER04-WHT,NO,1,0
UMJK5HER01-BLK,NO,1,0
20893U-FC5,NO,1,0
20893U-FD7,NO,1,0
20896U-DSB,NO,1,0
20863U-FCX,NO,1,0
20865U-FCX,NO,1,0
20866U-FCX,NO,1,0
20856U-FDC,NO,1,0
20856U-FDG,NO,1,0
20856U-FDL,NO,1,0
20878U-FBS,NO,1,0
20878U-FCX,NO,1,0
20878U-FCY,NO,1,0
20878U-FD4,NO,1,0
20878U-FGJ,NO,1,0
20809U-EXV,NO,1,0
20809U-FAF,NO,1,0
20809U-FD8,NO,1,0
20809U-STT,NO,1,0
20879U-DKF,NO,1,0
20879U-FBR,NO,1,0
20879U-FBS,NO,1,0
20880U-DKF,NO,1,0
20880U-FBR,NO,1,0
20880U-FBS,NO,1,0
20881U-DKF,NO,1,0
20881U-FBR,NO,1,0
20881U-FBS,NO,1,0
20882U-DKF,NO,1,0
20882U-FBR,NO,1,0
20882U-FBS,NO,1,0
UMJS6MUN01-RED,NO,1,0
UMJS3MUN01-RED,NO,1,0
UMSH5MUN03-BLK,NO,1,0
20883U-DKF,NO,1,0
20883U-FBR,NO,1,0
20883U-FBS,NO,1,0
20884U-DKF,NO,1,0
20884U-FBR,NO,1,0
20884U-FBS,NO,1,0
20886U-DKF,NO,1,0
20886U-FBR,NO,1,0
20886U-FBS,NO,1,0
20888U-DKF,NO,1,0
20888U-FBR,NO,1,0
20888U-FBS,NO,1,0
20810U-EXV,NO,1,0
20810U-FAF,NO,1,0
20810U-FD8,NO,1,0
20810U-STT,NO,1,0
20594U-157,NO,1,0
20628U-096,NO,1,0
20628U-157,NO,1,0
20868U-FCX,NO,1,0
20870U-FCX,NO,1,0
20870U-FCY,NO,1,0
20876U-FCX,NO,1,0
20876U-FCY,NO,1,0
20877U-FBS,NO,1,0
20877U-FCX,NO,1,0
20877U-FCY,NO,1,0
20877U-FD4,NO,1,0
20877U-FGJ,NO,1,0
20904U-095,NO,1,0
20904U-096,NO,1,0
BH78OF-NOP-W-GOG,NO,1,0
BH78OF-NYK-K-GNY,NO,1,0
BH78OF-NYK-W-GOH,NO,1,0
BH78OF-OCT-K-GNZ,NO,1,0
BH78OF-OCT-W-GOI,NO,1,0
BH78OF-P76-K-GO0,NO,1,0
BH78OF-P76-W-GOJ,NO,1,0
BH78OF-PSU-K-GO1,NO,1,0
BH7118-CBU-2T-8FO,NO,1,0
BH7119-P76-2T-81L,NO,1,0
BH72QR-SAS-K-AIT,NO,1,0
BH73S2-BCE-K-BDZ,NO,1,0
BH73S4-CHO-K-BE1,NO,1,0
BH73S5-CBU-K-BE2,NO,1,0
BH73SH-LAL-K-BEB,NO,1,0
BH73SO-NYK-K-BEI,NO,1,0
BH73SR-P76-K-BEL,NO,1,0
BH73ST-PTB-K-BEN,NO,1,0
BH73SZ-TRA-K-BET,NO,1,0
BH7123-CHO-2T-8SQ,NO,1,0
BH7121-CBU-2T-8FO,NO,1,0
BH7122-CCA-2T-8TI,NO,1,0
BH7128-LAL-2T-8FP,NO,1,0
BH7127-NYK-2T-8YQ,NO,1,0
BH7129-OCT-2T-8PJ,NO,1,0
BH7134-GSW-2T-8DP,NO,1,0
BH7132-HRO-2T-81Q,NO,1,0
BH7130-NOP-2T-8RK,NO,1,0
BH7133-SAS-2T-8JI,NO,1,0
LF3182030-BLK,NO,1,0
BH7138-SAS-2T-8JI,NO,1,0
BH7139-SSU-2T-8QQ,NO,1,0
BH7135-WWI-2T-8WL,NO,1,0
BH7140-GSW-2T-800,NO,1,0
BH7225-BNE-K-810,NO,1,0
BH7226-CBU-K-811,NO,1,0
BH7227-CBU-2T-812,NO,1,0
BH7228-CCA-2T-813,NO,1,0
BH7234-NYK-2T-819,NO,1,0
BH7237-TRA-2T-822,NO,1,0
BH7249-AHA-K-834,NO,1,0
BH7240-SAS-K-825,NO,1,0
BH7241-SSU-K-826,NO,1,0
BH7243-TRA-K-828,NO,1,0
BH7244-VGR-K-829,NO,1,0
BH7250-BNE-K-835,NO,1,0
BH7251-CBU-K-836,NO,1,0
BH7253-CCA-K-838,NO,1,0
BH7254-GSW-K-839,NO,1,0
BH7255-HRO-K-840,NO,1,0
BH7257-MGR-K-842,NO,1,0
BH7261-P76-K-846,NO,1,0
BH7266-SAS-K-851,NO,1,0
BH7262-TRA-K-847,NO,1,0
BH7275-CBU-2T-860,NO,1,0
BH7276-CBU-K1-861,NO,1,0
BH7277-CBU-2T-862,NO,1,0
BH7279-CBU-K-864,NO,1,0
BH7272-VGR-K-857,NO,1,0
BH7425-CBU-K-81S,NO,1,0
BH7434-CBU-W-82S,NO,1,0
BH7440-NOP-2T-82Y,NO,1,0
BH7441-SAS-2T-82Z,NO,1,0
BH75N3-BNE-2T-CY0,NO,1,0
BH75N4-CBU-2T-CY1,NO,1,0
BH75N6-CCA-2T-CY3,NO,1,0
BH75NJ-P76-2T-CYD,NO,1,0
BH75R5-BNE-K-D1Q,NO,1,0
BH75R6-CBU-K-D1R,NO,1,0
BH75ZY-AHA-2T-DPK,NO,1,0
BH760D-CBU-2T-DPM,NO,1,0
BH760H-GSW-2T-DPQ,NO,1,0
BH760U-SAS-2T-DQ3,NO,1,0
BH762E-BNE-K-DQX,NO,1,0
BH762F-CBU-K-DQY,NO,1,0
BH78OF-PSU-W-GOK,NO,1,0
BH78OF-PTB-K-GO2,NO,1,0
BH78OF-PTB-W-GOL,NO,1,0
BH78OF-SAS-K-GO3,NO,1,0
BH78OF-SAS-W-GOM,NO,1,0
BH78OF-TRA-K-GO4,NO,1,0
BH78OF-TRA-W-GON,NO,1,0
BH78OF-WWI-K-GO5,NO,1,0
BH78OF-WWI-W-GOO,NO,1,0
BH78RR-BCE-W-GUX,NO,1,0
BH78RS-BNE-W-GUY,NO,1,0
BH78RT-CHO-W-GUZ,NO,1,0
BH78RU-CBU-W-GV0,NO,1,0
BH78RV-CCA-W-GV1,NO,1,0
BH78RW-GSW-W-GV2,NO,1,0
BH78RX-HRO-W-GV3,NO,1,0
BH78RY-LAC-W-GV4,NO,1,0
BH78RZ-LAL-W-GV5,NO,1,0
BH78S0-MBU-W-GV6,NO,1,0
BH78S1-MTI-W-GV7,NO,1,0
BH78S2-NYK-W-GV8,NO,1,0
BH78S3-OCT-W-GV9,NO,1,0
BH78S4-PSU-W-GVA,NO,1,0
BH78S5-PTB-W-GVB,NO,1,0
BH78S6-SAS-W-GVC,NO,1,0
BH78SJ-BCE-W-GVM,NO,1,0
BH78SK-CHO-W-GVN,NO,1,0
BH78SL-CBU-W-GVO,NO,1,0
BH78SM-GSW-W-GVP,NO,1,0
BH78SN-NYK-W-GVQ,NO,1,0
BH78SO-SAS-W-GVR,NO,1,0
BH78SP-SFW-W-GVS,NO,1,0
BH78SQ-TRA-W-GVT,NO,1,0
BH78SR-AHA-W-GVU,NO,1,0
BH79K7-TRA-W-LPW,NO,1,0
BH72TM-AHA-W-ALF,NO,1,0
BH72TN-BCE-W-ALG,NO,1,0
BH72TO-BNE-W-ALH,NO,1,0
BH72TP-CHO-W-ALI,NO,1,0
BH72TQ-CBU-W-ALJ,NO,1,0
BH72TR-CCA-W-ALK,NO,1,0
BH72TV-GSW-W-ALO,NO,1,0
BH72TW-HRO-W-ALP,NO,1,0
BH72TZ-LAL-W-ALS,NO,1,0
BH72U1-MHE-W-ALU,NO,1,0
BH72U3-MTI-W-ALW,NO,1,0
BH72U5-NYK-W-ALY,NO,1,0
BH72UE-SKI-W-AM4,NO,1,0
BH72UF-SAS-W-AM5,NO,1,0
BH72UG-TRA-W-AM6,NO,1,0
BH73U6-AHA-W-BFX,NO,1,0
BH73UE-CBU-W-BG2,NO,1,0
BH73UJ-GSW-W-BG7,NO,1,0
BH73V3-SFW-W-BGR,NO,1,0
BH73V5-TRA-W-BGT,NO,1,0
BH73V7-VGR-W-BGV,NO,1,0
BH78S7-BCE-K-GVD,NO,1,0
BH78S8-BNE-K-GVE,NO,1,0
BH78S9-CBU-K-GVF,NO,1,0
BH78SD-GSW-K-GVG,NO,1,0
BH78SE-LAL-K-GVH,NO,1,0
BH78SF-HRO-K-GVI,NO,1,0
BH78SG-SAS-K-GVJ,NO,1,0
BH78SH-CCA-K-GVK,NO,1,0
BH78SI-TRA-K-GVL,NO,1,0
BH78SS-AHA-K-GVV,NO,1,0
BH78ST-BCE-K-GVW,NO,1,0
BH762G-CBU-R-DQZ,NO,1,0
BH762H-CCA-K-DR0,NO,1,0
BH762J-GSW-K-DR2,NO,1,0
BH762K-HRO-K-DR3,NO,1,0
BH762O-NOP-K-DR7,NO,1,0
BH762T-TRA-K-DRC,NO,1,0
BH763G-BNE-2T-DRM,NO,1,0
BH763D-TRA-K-DRJ,NO,1,0
BH763V-TRA-2T-DS1,NO,1,0
BH764K-CCA-2T-DSD,NO,1,0
BH765K-CBU-R-DT0,NO,1,0
BH765L-CCA-R-DT1,NO,1,0
MH7307-MNN-K-892,NO,1,0
NZS72-BGY-5BULLS,NO,1,0
NZS75-005-5BULLS,NO,1,0
NZX53-069-5BULLS,NO,1,0
NZX89-034-5BULLS,NO,1,0
NZX89-A14-5BULLS,NO,1,0
NZX89-005-5BULLS,NO,1,0
VZ11Z-005-5BULLS,NO,1,0
XZA81-005-5BULLS,NO,1,0
XZB63-BLU-5BULLS,NO,1,0
TF3182044-BLK,NO,1,0
RMJK518304-BLK,NO,1,0
RMJK518304-NVY,NO,1,0
RMPT518303-BLK,NO,1,0
RMPT518303-NVY,NO,1,0
RMJS318303-BLK,NO,1,0
RMJS318303-NVY,NO,1,0
RMJS318303-WHT,NO,1,0
BH7270-SFW-K-855,NO,1,0
BH72O1-TRA-K-AGC,NO,1,0
RMJS318403-WHT,NO,1,0
RMJS318403-NVY,NO,1,0
RMJS318403-BLK2,NO,1,0
RMJS318401-GRY,NO,1,0
BH72O9-CCA-7-AGK,NO,1,0
RMJS318401-WHT,NO,1,0
RMJS318401-NVY,NO,1,0
RMJS318401-BLK,NO,1,0
RMPL318301-NVY,NO,1,0
RMPL318301-WHT,NO,1,0
RMSH318305-BLK,NO,1,0
RMSH318305-NVY,NO,1,0
RMSH318401-BLK,NO,1,0
RMSH318401-NVY,NO,1,0
TFTS317204-WHT,NO,1,0
S6447PA3EF,NO,1,0
NBATS52215-LIL,NO,1,0
NBACS32204-RED,SI,30,0
NBATS52215-ORG,NO,30,0
NBATS52215-LPU,NO,30,0
NBATS52215-LBL,NO,30,0
NBATS52215-LBL2,NO,30,0
NBAJP52207-RED,NO,30,0
NBAJP52207-BLK,NO,30,0
NBAJP52207-PUR,NO,30,0
NBAJK52208-RED,NO,30,0
NBAJK52208-BLK,SI,5,0
NBAJK52208-PUR,SI,2,0
NBAHD52218-RED,NO,2,0
NBAHD52218-BLK,NO,2,0
NBAHD52218-PUR,NO,2,0
NBASW52218-PUR,SI,5,0
NBASW52218-BLK,SI,3,0
NBASW52218-RED,SI,1,0
NBASL52207-RED,SI,0,0
NBASW52217-PUR,NO,0,0
NBASW52217-GRN2,NO,0,0
NBASW52217-PUR2,NO,0,0
BH77RM-HRO-2T-FNQ,NO,0,0
LOGO CDEFC,NO,0,0
BH77Q8-P76-2T-FMI,NO,0,0
BH77RI-CBU-2T-FNM,NO,0,0
BH77RJ-CCA-2T-FNN,NO,0,0
BH77RL-GSW-2T-FNP,NO,0,0
NBASW52217-BLK,NO,0,0
NBASW52217-GRN,NO,0,0
NBASW52217-RED,NO,0,0
NBASW52209-RED,SI,24,6
NBASW52209-YEL,SI,40,6
NBATS52224-GRN,SI,52,1
NBATS52224-BLK4,SI,16,9
NBATS52224-RED2,SI,1,20
NBATS52224-BLK3,SI,48,0
NBATS52224-RED,SI,0,0
NBATS52224-YEL2,SI,23,35
NBATS52224-BLU2,SI,30,0
NBATS52224-BLU,SI,56,1
NBATS52224-WHT2,SI,43,23
NBATS52224-WHT,SI,75,18
NBATS52224-BLK2,SI,43,0
NBATS52224-BLK,SI,48,1
20904U-157,NO,48,1
20904U-772,NO,48,1
20537U-FD2,NO,48,1
20537U-FDD,NO,48,1
20537U-FDH,NO,48,1
20899U-FBV,NO,48,1
20899U-FGL,NO,48,1
20901U-FBW,NO,48,1
20901U-FGM,NO,48,1
20903U-FA3,NO,48,1
20903U-FBR,NO,48,1
20808U-EXV,NO,48,1
20808U-FAF,NO,48,1
20808U-FD8,NO,48,1
20808U-STT,NO,48,1
20850U-FDJ,NO,48,1
20850U-FDK,NO,48,1
30639U-FBS,NO,48,1
30640U-FBS,NO,48,1
30641U-FBS,NO,48,1
30642U-FBS,NO,48,1
30470U-090,NO,48,1
30479U-090,NO,48,1
20700U-651,NO,48,1
20700U-T36,NO,48,1
20896U-EZG,NO,48,1
SP3181055-BLK,NO,48,1
MV318203-NVY,NO,48,1
DS418206-PNK,NO,48,1
DS4181012-PNK,NO,48,1
DS4181058-PNK,NO,48,1
DS4181017-TUR,NO,48,1
DS4181020-PNK,NO,48,1
DS3182035-BLU,NO,48,1
DS3182011-NVY,NO,48,1
DS4182039-NVY,NO,48,1
DS4181019-PNK,NO,48,1
DS4182021-PNK,NO,48,1
DS4182013-BLU,NO,48,1
SP318207-RED,NO,48,1
MLBJP52204-BLU,NO,48,1
MLBJP52204-NVY2,NO,48,1
MLBJP52204-NVY,SI,19,23
MLBSW52204-NVY,SI,0,0
MLBSW52204-NVY2,SI,1,0
MLBSW52204-BLU,SI,8,0
MLBFF52203-NVY,NO,8,0
BCSB518105-RED,NO,8,0
BCSB318101-BLU,NO,8,0
BCSB318102-NVY,NO,8,0
BCSB318103-BLU,NO,8,0
BCSB318104-BLU,NO,8,0
BCSB318105-RED,NO,8,0
JVSH52201-BLK,SI,17,0
JVPT52203-BLK,SI,0,0
JVHD52205-BLK,SI,0,0
JVHD52204-GRY,SI,0,0
JVTS52207-WHT,SI,0,0
BCPT52203-NVY,SI,0,0
BCHD52201-NVY,SI,0,0
BCSH52203-GRY,SI,0,0
BCSH52203-NVY,SI,0,0
BCTS52206-BLU,SI,0,0
BCTS52206-RED,SI,9,0
BCTS52206-NVY2,SI,0,0
BCTS52206-NVY,SI,11,0
BCTS52205-GRY,SI,0,0
BCTS52205-BLU,SI,0,0
BCTS52205-NVY,SI,1,0
JVSH32201-BLK,SI,33,0
JVPT32203-BLK,SI,0,0
JVHD32205-BLK,SI,0,0
20897U-DSB,NO,0,0
20897U-EZG,NO,0,0
20897U-FA3,NO,0,0
20814U-EXV,NO,0,0
20814U-FD7,NO,0,0
20814U-FD8,NO,0,0
20814U-STT,NO,0,0
25045U-EZG,NO,0,0
20885U-DKF,NO,0,0
20885U-FBR,NO,0,0
20885U-FBS,NO,0,0
20887U-DKF,NO,0,0
20887U-FBR,NO,0,0
20887U-FBS,NO,0,0
20889U-DKF,NO,0,0
20889U-FBR,NO,0,0
20889U-FBS,NO,0,0
20811U-EXV,NO,0,0
20811U-FAF,NO,0,0
20811U-FD8,NO,0,0
UMJK5HER01-RED,NO,0,0
MVES17202-BLK,NO,0,0
NBATS52224-PUR,SI,76,20
NBATS52224-YEL,SI,62,6
NBASH52205-BLK,SI,28,0
NBASH52205-BLU,SI,25,0
NBASH52205-GRN,SI,11,20
NBASH52205-PUR,SI,29,0
NBASH52205-RED,SI,13,19
NBATT52205-NVY,SI,36,0
NBATT52205-BLK8,SI,49,0
NBATT52205-BLK7,SI,30,10
NBATT52205-BLK6,SI,17,19
NBATT52205-BLK5,SI,4,29
NBATT52205-BLK4,SI,22,11
NBATT52205-BLU,SI,38,10
NBATT52205-BLK3,SI,9,44
NBATT52205-YEL,SI,108,9
NBATT52205-BLK2,SI,63,0
NBATT52205-BLK,SI,2,0
NBAPT52205-BLK7,SI,0,0
NBAPT52205-NVY,SI,0,0
NBAPT52205-BLK6,SI,0,0
NBAPT52205-BLK5,SI,0,0
NBAPT52205-BLU,SI,29,0
NBAPT52205-BLK4,SI,29,0
NBAPT52205-BLK3,SI,0,0
NBAPT52205-BLK2,SI,15,20
NBAPT52205-BLK,SI,19,20
NBASW52209-NVY,SI,0,0
NBASW52209-BLK5,SI,0,0
NBASW52209-BLK4,SI,0,0
NBASW52209-BLU,SI,0,0
NBASW52209-BLK3,SI,8,0
NBASW52209-BLK2,SI,0,10
NBASW52209-GRN,SI,0,0
NBASW52209-BLK,SI,17,20
NBAJS552201-RED,SI,6,2
NBAJS552201-WHT2,SI,2,20
NBAJS552201-BLK3,SI,1,18
NBAJS552201-BLK2,SI,1,27
NBAJS552201-WHT,SI,0,9
NBAJS552201-BLU,SI,1,28
NBAJS552201-BLK,SI,1,13
NBAJS552201-GRN,SI,0,37
NBAJS552201-YEL,SI,31,7
NBATS32215-ORG2,SI,0,0
NBATS32215-ORG,SI,32,0
NBATS32215-NVY3,SI,0,0
NBATS32215-NVY2,SI,0,0
NBATS32215-BLK7,SI,0,0
NBATS32215-WHT4,SI,0,0
NBATS32215-BLK6,SI,0,0
NBATS32215-GRN2,SI,0,0
NBATS32215-NVY,SI,0,0
NBATS32215-WHT3,SI,0,0
NBATS32215-BLK5,SI,0,0
NBATS32215-GRN,SI,31,0
NBATS32215-BLK4,SI,0,0
NBATS32215-RED2,SI,0,0
NBATS32215-BLK3,SI,0,0
NBATS32215-RED,SI,0,0
NBATS32215-YEL2,SI,30,0
NBATS32215-BLU2,SI,0,0
NBATS32215-BLU,SI,24,0
NBATS32215-WHT2,SI,37,0
NBATS32215-WHT,SI,0,0
NBATS32215-BLK2,SI,0,0
NBATS32215-BLK,SI,66,0
NBATS32215-PUR,SI,67,0
NBATS32215-YEL,SI,48,0
NBASH32205-BLK,SI,7,20
NBASH32205-BLU,SI,0,0
NBASH32205-GRN,SI,0,0
NBASH32205-PUR,SI,0,18
NBASH32205-RED,SI,0,2
NBATT32205-NVY,SI,10,25
NBATT32205-BLK8,SI,43,0
NBATT32205-BLK7,SI,48,15
NBATT32205-BLK6,SI,7,17
NBATT32205-BLK5,SI,0,32
NBATT32205-BLK4,SI,0,0
NBATT32205-BLU,SI,62,4
NBATT32205-BLK3,SI,28,8
NBATT32205-YEL,SI,65,7
NBATT32205-BLK2,SI,38,23
NBATT32205-BLU3,SI,22,19
NBAPT32205-BLK7,SI,0,0
NBAPT32205-NVY,SI,0,0
NBAPT32205-BLK6,SI,0,18
NBAPT32205-BLK5,SI,0,0
NBAPT32205-BLU,SI,0,0
NBAPT32205-BLK4,SI,0,0
NBAPT32205-BLK3,SI,0,0
NBAPT32205-BLK2,SI,13,16
NBAPT32205-BLK,SI,10,16
NBASW32209-NVY,SI,0,0
NBASW32209-BLK5,SI,0,0
NBASW32209-BLK4,SI,0,0
NBASW32209-BLU,SI,0,0
NBASW32209-BLK3,SI,0,0
NBASW32209-BLK2,SI,0,0
NBASW32209-GRN,SI,0,0
NBASW32209-BLK,SI,0,0
NBAJS532201-RED,SI,18,21
NBAJS532201-WHT2,SI,8,21
NBAJS332201-BLK3,NO,8,21
NBAJS532201-BLK2,SI,18,38
NBAJS532201-WHT,SI,0,0
NBAJS32201-BLU,NO,0,0
NBAJS532201-BLK,SI,8,54
NBAJS532201-GRN,SI,0,0
NBAJS332201-YEL,NO,0,0
NBAJS552201-PUR,SI,14,22
NBAJS532201-PUR,SI,7,24
RMPT52204-NVY,SI,0,0
RMHD52202-NVY,SI,0,0
RMSH52203-NVY,SI,7,0
RMTS52202-WHT,SI,0,0
RMTS52201-WHT2,SI,2,0
RMTS52201-WHT,SI,0,0
RMTS52201-NVY,SI,7,0
RMPT32204-NVY,SI,0,0
RMHD32202-NVY,SI,12,0
RMSH32203-NVY,SI,22,0
RMTS32202-WHT,SI,0,0
RMTS32201-WHT2,SI,12,0
RMTS32201-WHT,SI,0,0
RMTS32201-NVY,SI,42,0
NFLHD62201-BLK4,SI,0,0
NFLHD62201-BLK2,SI,0,0
NFLHD62201-NVY,SI,0,0
NFLHD62201-TUR,SI,0,0
NFLHD62201-BLK,SI,0,0
NFLHD62201-BLK3,SI,0,0
NFLTS62201-BLK2,SI,33,0
NFLTS62201-BLK,SI,34,0
NFLTS62201-NVY,SI,34,0
NFLTS62201-TUR,SI,35,0
NFLTS62201-RED,SI,35,0
NFLTS62201-BLK3,SI,35,0
EU1082-MIAHEA-BLK,NO,35,0
EU1082-MIAHEA-RED,NO,35,0
EU1082-ATLHAW-YEL,NO,35,0
EU1082-BLK-SFWARR,NO,35,0
EU1082-NYKNICK-BLK,NO,35,0
EU1082-ORLMAG-BLK,NO,35,0
EU1082-ORLMAG-BLU,NO,35,0
EU1082-ORLMAG-GRY,NO,35,0
EU1082-PH76ERS-RE,NO,35,0
EU1082-BLK-PORTRA,NO,35,0
EU1082-GRE-PORTRA,NO,35,0
EU1082-RED-PORTRA,NO,35,0
EU1082-GRE-SAKING,NO,35,0
EU1082-BLK-SASPU,NO,35,0
EU1082-GRE-SASPU,NO,35,0
EU1082-TEAL-SASPU,NO,35,0
EU1082-BLK-GOLWAR,NO,35,0
EU1082-ROY-GOLWAR,NO,35,0
EU1082-GRY-TORAP,NO,35,0
EU1082-PUR-TORAP,NO,35,0
EU1082-RED-TORAP,NO,35,0
EU1082-BLK-VAGRIZ,NO,35,0
EU1082-GRE-VAGRIZ,NO,35,0
EU1082-TEAL-VAGRIZ,NO,35,0
EU1082-BLK-UTAJAZ,NO,35,0
EU1082-BLU-UTAJAZ,NO,35,0
EU1082-GRE-UTAHJAZ,NO,35,0
EU1083-RED-ATLHAWK,NO,35,0
EU1083-BLK-BOSCEL,NO,35,0
EU1083-BLK-CHIBULL,NO,35,0
EU1083-RED-CHIBULL,NO,35,0
EU1083-ROY-GOLWAR,NO,35,0
EU1083-BLK-LALAKER,NO,35,0
EU1083-YEL-LALAKER,NO,35,0
EU1083-BLK-MIAHEA,NO,35,0
EU1083-RED-MIAHEA,NO,35,0
BH78SU-CBU-K-GVX,NO,35,0
BH78SV-CCA-K-GVY,NO,35,0
BH78SW-GSW-K-GVZ,NO,35,0
BH78SX-LAL-K-GW0,NO,35,0
BH78SY-NYK-K-GW1,NO,35,0
BH78SZ-NYE-K-GW2,NO,35,0
NBASBTS321201-BLK,SI,2,0
NBASBTS321201-BLK2,NO,2,0
EU1083-BLK-ORLJAZ,NO,2,0
EU1083-PUR-ORLJAZ,NO,2,0
EU1082-ATLHAW-RED,NO,2,0
EU1082-ROY-SFWARR,NO,2,0
EU1083-ROY-SFWARR,NO,2,0
EU1083-BLK-SFWARR,NO,2,0
CSBL-SS17-05A,NO,2,0
CSBL-SS17-01,NO,2,0
CSBL-SS17-07,NO,2,0
EU1082-GOLWAR-ROY,NO,2,0
EU1082-GOLWAR-YELL,NO,2,0
EU1082-HOUROCK-RED,NO,2,0
EU1082-LACLIPP-RED,NO,2,0
EU1082-LACLIPP-ROY,NO,2,0
EU1082-LALAKER-GR,NO,2,0
EU1082-LALAKER-PU,NO,2,0
EU1082-LALAKER-YE,NO,2,0
WL-SS17-53,NO,2,0
WL-SS17-52,NO,2,0
WL-SS17-50,NO,2,0
WL-SS17-48,NO,2,0
NBATS62212-GRY,SI,0,0
NBATS62212-BLK3,SI,0,0
NBATS62212-PUR,SI,32,11
NBATS62212-YEL2,SI,37,7
NBATS62212-BLK4,SI,40,21
NBATS62212-RED2,SI,43,15
NBATS62212-GRN,SI,0,0
NBATS62212-BLK2,SI,0,0
NBATS62212-BLK,SI,30,13
NBATS62212-RED,SI,29,15
NFLSW52205-BLK4,SI,25,0
NFLSW52205-RED,SI,0,0
NFLSW52205-GRN,SI,0,0
NFLSW52205-BLK3,SI,0,0
NFLSW52205-BLK2,SI,0,0
NFLSW52205-NVY2,SI,31,0
NFLSW52205-BLK,SI,25,0
NFLSW52205-NVY,SI,0,0
NFLHD52206-NVY2,SI,0,0
NFLHD52206-BLK4,SI,0,0
NFLHD52206-RED2,SI,26,0
NFLHD52206-GRN,SI,0,0
NFLHD52206-BLK3,SI,0,0
NFLHD52206-RED,SI,0,0
NFLHD52206-BLK2,SI,0,0
NFLHD52206-BLK,SI,28,11
NFLHD52206-NVY,SI,0,0
NFLJP52203-BLK4,SI,4,0
NFLJP52203-RED2,SI,0,0
NFLJP52203-GRN,SI,0,0
NFLJP52203-BLK3,SI,0,0
NFLJP52203-RED,SI,0,0
NFLJP52203-BLK2,SI,0,0
NFLJP52203-NVY2,SI,0,0
NFLJP52203-BLK,SI,8,0
NFLJP52203-NVY,SI,8,0
NFLSH52202-NVY2,SI,0,0
NFLSH52202-BLK6,SI,0,0
EU1083-BLK-ORLMAG,NO,0,0
EU1083-ROY-ORLMAG,NO,0,0
EU1083-BLK-SAKINGS,NO,0,0
EU1083-BLK-SASPUR,NO,0,0
EU1083-TEAL-SASPUR,NO,0,0
EU1083-BLK-GOLWAR,NO,0,0
EU1083-BLK-TORAPTO,NO,0,0
EU1083-BLK-SADGOCL,NO,0,0
EU1083-BLK-VAGRIZ,NO,0,0
EU1083-TEAL-VAGRIZ,NO,0,0
EU1083-BLK-UTAJAZ,NO,0,0
EU1083-PUR-UTAJAZ,NO,0,0
EU1083-BUR-DEPI,NO,0,0
EU1083-TEAL-DEPI,NO,0,0
CSBL-SS17-08,NO,0,0
CSBL-SS17-14,NO,0,0
CSBL-SS17-16,NO,0,0
WL-SS17-04,NO,0,0
WL-SS17-07,NO,0,0
WL-SS17-09,NO,0,0
WL-SS17-06,NO,0,0
WL-SS17-25,NO,0,0
WL-SS17-27,NO,0,0
WL-SS17-30,NO,0,0
WL-SS17-15,NO,0,0
WL-SS17-16,NO,0,0
WL-SS17-18,NO,0,0
WL-SS17-21,NO,0,0
WL-SS17-24,NO,0,0
WL-SS17-33,NO,0,0
WL-SS17-35,NO,0,0
WL-SS17-37,NO,0,0
WL-SS17-38,NO,0,0
WL-SS17-40,NO,0,0
WL-SS17-44,NO,0,0
WL-SS17-45,NO,0,0
WL-SS17-46,NO,0,0
WL-SS17-47,NO,0,0
WL-SS17-31,NO,0,0
WL-SS17-39,NO,0,0
S6447PA3CF,NO,0,0
S0888407D55XZ7,NO,0,0
NBAJP42201-BLK,SI,8,0
NBAHD42201-BLK,SI,8,0
NBAHD42201-PUR,SI,10,0
NBAHD42201-BLK3,SI,10,0
NBAJP42201-BLK2,SI,10,0
NBAJP42201-BLK5,SI,8,0
NBACT42201-LBL,SI,13,0
NBACT42201-PUR,SI,14,0
NBACT42201-PUR2,SI,12,0
NBAHD62208-BLU,SI,0,0
NBAHD62208-NVY,SI,0,0
NBAHD62208-GRY,SI,0,0
NBAHD62208-BLK4,SI,0,0
NBAHD62208-YEL,SI,0,0
NBAHD62208-PUR,SI,18,26
NBAHD62208-BLK3,SI,0,0
NBAHD62208-GRN,SI,0,0
NBAHD62208-BLK2,SI,0,0
NBAHD62208-BLK,SI,22,14
NBAHD62208-RED,SI,23,0
NBATT62203-BLK3,SI,0,0
NBATT62203-GRY,SI,0,0
NBATT62203-YEL,SI,31,0
NBATT62203-PUR,SI,30,0
NBATT62203-BLK4,SI,40,0
NFLSH52202-RED2,SI,0,0
NFLSH52202-BLK5,SI,0,0
NFLSH52202-GRN,SI,0,0
NFLSH52202-BLK4,SI,0,0
NFLSH52202-RED,SI,0,0
NFLSH52202-BLK3,SI,0,0
NFLSH52202-BLK2,SI,0,0
NFLSH52202-BLK,SI,0,0
NFLSH52202-NVY,SI,0,0
NFLTS52209 -NVY,SI,39,0
NFLTS52209-BLK5,SI,26,0
NFLTS52209-BLK4,SI,26,0
NFLTS52209-RED2,SI,30,0
NFLTS52209-RED,SI,39,0
NFLTS52209-BLK3,SI,0,0
NFLTS52209-BLK2,SI,25,0
NFLTS52209-NVY2,SI,0,0
NFLTS52209-BLK,SI,35,0
NFLTS52209-AQU,SI,38,0
NFLTS52209-NVY,SI,28,0
NFLSW32205-BLK4,SI,0,0
NFLSW32205-RED,SI,0,0
NFLSW32205-GRN,SI,0,0
NFLSW32205-BLK3,SI,0,0
NFLSW32205-BLK2,SI,0,0
NFLSW32205-NVY2,SI,0,0
MN SHELVES,NO,0,0
CLASSIC-CAYSU16-03,NO,0,0
NT78Z-TSC-5KNICK,NO,0,0
338VZ-005-5PELIC,NO,0,0
338VZ-005-5KNICK,NO,0,0
369VZ-FAS-5BNETS,NO,0,0
NZP88-049-5CAVAL,NO,0,0
NL99Z-TPC-5MAVER,NO,0,0
NL99Z-TSC-5MAVER,NO,0,0
NZP88-049-5KNICK,NO,0,0
NZX54-005-5BULLS,NO,0,0
NZX97-005-5KNICK,NO,0,0
XZB64-C22-5BULLS,NO,0,0
NJ16Z MTC 5CELTI,NO,0,0
367AZ 005 5KNICK,NO,0,0
BH71ND-WBU-2T-9LQ,NO,0,0
BH765N-GSW-B-DT3,NO,0,0
BH763J-CCA-2T-DRP,NO,0,0
BH76K9-CBU-K-EBL,NO,0,0
BH76KE-CBU-R-EBN,NO,0,0
BH7428-CBU-R-81V,NO,0,0
BH74B1-CBU-K-BSL,NO,0,0
338VZ-005-5HAWKS,NO,0,0
338VZ-MTC-5PISTO,NO,0,0
UMBRO WALL PANEL,NO,0,0
UMBRO SLATWALL,NO,0,0
UMBRO HAT HOLDER,NO,0,0
UMBRO BALL HOLDER,NO,0,0
UMBRO CONNECT,NO,0,0
UMBRO SHOE HOLDER,NO,0,0
UMBRO TABLE SET,NO,0,0
UMBRO BIG DISPLAY,NO,0,0
UMBRO HEADER 1200*,NO,0,0
UMBRO HEADER 600*,NO,0,0
NFLSW32205-BLK,SI,0,0
NFLSW32205-NVY,SI,0,0
NFLHD32206-NVY2,SI,0,0
NFLHD32206-BLK4,SI,0,0
NFLHD32206-RED2,SI,0,0
NFLHD32206-GRN,SI,0,0
NFLHD32206-BLK3,SI,0,0
NFLHD32206-RED,SI,0,0
NFLHD32206-BLK2,SI,0,0
NFLHD32206-BLK,SI,0,0
NFLHD32206-NVY,SI,0,0
NFLJP32203-BLK4,SI,0,0
NFLJP32203-RED2,SI,0,0
NFLJP32203-GRN,SI,0,0
NFLJP32203-BLK3,SI,0,0
NFLJP32203-RED,SI,0,0
NFLJP32203-BLK2,SI,0,0
NFLJP32203-NVY2,SI,0,0
NFLJP32203-BLK,SI,0,0
NFLJP32203-NVY,SI,0,0
NFLSH32202-NVY2,SI,0,0
NFLSH32202-BLK6,SI,0,0
NFLSH32202-RED2,SI,0,0
NFLSH32202-BLK5,SI,0,0
NFLSH32202-GRN,SI,0,0
NFLSH32202-BLK4,SI,0,0
NFLSH32202-RED,SI,0,0
NFLSH32202-BLK3,SI,0,0
NFLSH32202-BLK2,SI,0,0
NFLSH32202-BLK,SI,0,0
NFLSH32202-NVY,SI,0,0
NFLTS32209 -NVY,SI,0,0
NFLTS32209-BLK5,SI,0,0
NFLTS32209-BLK4,SI,0,0
NFLTS32209-RED2,SI,0,0
NFLTS32209-RED,SI,0,0
NFLTS32209-BLK3,SI,0,0
NFLTS32209-BLK2,SI,0,0
NFLTS32209-NVY2,SI,0,0
NFLTS32209-BLK,SI,0,0
NFLTS32209-AQU,SI,0,0
NFLTS32209-NVY,SI,0,0
NBATS521424-GRY,SI,38,0
NBATS521424-BLK3,SI,51,0
NBATS521424-BLK2,SI,0,0
NBATS521424-GRN,SI,0,0
NBASL52206-BLK,SI,28,0
NBAFF52202-GRY,NO,28,0
NBAFF52202-BLK,SI,21,0
NBAFF52202-RED,SI,17,0
NBAFF52201-GRY,NO,17,0
NBAFF52201-BLK2,NO,17,0
NBAFF52201-BLK,SI,14,0
NBASL52205-GRY,NO,14,0
NBASL52205-BLK,SI,25,0
NBASL52205-RED,SI,33,0
NBASL52204-RED,SI,4,0
NBASL52204-BLK2,SI,52,0
NBASL52204-BLK,SI,0,0
NBASL52203-GRY,NO,0,0
NBASL52203-BLK,NO,0,0
NBASL52203-RED,SI,20,0
NBASL52202-GRY,NO,20,0
NBASL52202-BLK,NO,20,0
NBASL52202-RED,NO,20,0
NBASL52201-PUR,SI,0,0
NBASL52201-RED,SI,0,0
NBACS52204-GRY,SI,12,0
NBACS52204-BLK,SI,14,0
NBACS52204-RED,SI,27,0
NBACS52203-GRY,SI,0,0
NBACS52203-YEL,SI,17,0
NBACS52203-RED,SI,13,0
NBACS52202-BLK,SI,12,0
NBATT62203-RED2,SI,42,0
NBATT62203-BLK2,SI,0,0
NBATT62203-GRN,SI,0,0
NBATT62203-BLK,SI,42,20
NBATT62203-RED,SI,32,0
NBATS62212-YEL,SI,0,16
NBATS62212-BLU,SI,0,12
WL-SS17-41,NO,0,12
WL-SS17-42,NO,0,12
WL-SS17-43,NO,0,12
WL-SS17-49,NO,0,12
GSTS62202-BLK,NO,0,12
CH42F3AQBI,NO,0,12
GSTS62202-WHT,NO,0,12
GSTS62201-WHT,NO,0,12
GSTS62201-BLK,NO,0,12
MTBX52202-NVY,SI,0,0
MTBX52201-NVY,SI,61,0
FDBX52202-NVY,SI,0,0
FDBX52201-NVY,SI,0,0
FTBX52202-BLU,SI,0,0
FTBX52201-GRY,SI,0,0
COCBX52202-RED,SI,101,0
COCBX52201-BLK,SI,100,0
ROCBX52202-BLK,SI,0,0
ROCBX52201-BLK,SI,0,0
WWEBX52202-BLK,SI,0,0
AVES18108-NVY,NO,0,0
MCTS318123-NVY,NO,0,0
MCST318120-BLU,NO,0,0
UMPLMUN01-RED,NO,0,0
UMPLMUN01-BLU,NO,0,0
UMJKMUN01-BLU,NO,0,0
UMPTMUN01-NVY,NO,0,0
20811U-STT,NO,0,0
20562U-ER2,NO,0,0
20890U-DKF,NO,0,0
25044U-DSB,NO,0,0
20890U-FC5,NO,0,0
20890U-FD7,NO,0,0
20859U-FCX,NO,0,0
20891U-DKF,NO,0,0
20891U-FC5,NO,0,0
MV3181033-BLU,NO,0,0
MV3181045-BLK,NO,0,0
DS3181010-BLU,NO,0,0
DS3181016-BLK,NO,0,0
DS3181032-RED,NO,0,0
MKS23171007,NO,0,0
MKS23171009,NO,0,0
MNS34171007,NO,0,0
AVS23171004,NO,0,0
UMSH5171001-RED,NO,0,0
UMSH5171001-NVY,NO,0,0
4258FT,NO,0,0
4015FD,NO,0,0
7243FT,NO,0,0
UMJS517201-WHT,NO,0,0
UMJS517201-NVY,NO,0,0
UMJS517201-BLK,NO,0,0
UMJS517202-BLK,NO,0,0
UMJS517202-GRY,NO,0,0
UMJS517202-NVY,NO,0,0
UMJS517202-RED,NO,0,0
UMJS517203-RED,NO,0,0
UMJS517203-BLK,NO,0,0
UMJS517203-NVY,NO,0,0
UMJS517205-ROY,NO,0,0
81086U-DAZ,NO,0,0
81086U-DJU,NO,0,0
81090U-DAZ,NO,0,0
81090U-DJU,NO,0,0
JVHD32204-GRY,SI,25,0
JVTS32207-WHT,SI,0,0
BCPT32203-NVY,SI,1,0
BCHD32201-NVY,SI,0,0
BCSH32203-GRY,SI,0,0
BCSH32203-NVY,SI,1,17
BCTS32206-BLU,SI,0,0
BCTS32206-RED,SI,0,0
BCTS32206-NVY2,SI,0,0
BCTS32206-NVY,SI,17,0
BCTS32205-GRY,SI,0,0
BCTS32205-BLU,SI,0,0
BCTS32205-NVY,SI,26,0
MLBTS62208-GRY,SI,15,15
MLBTS62208-BLU,SI,18,0
MLBTS62208-NVY,SI,16,14
MLBTS62208-NVY2,SI,2,0
UMSH5171001-NEON,NO,2,0
UMSH5171001-ROY,NO,2,0
MLBSW62202-NVY,SI,3,0
MLBSW62202-BLK,NO,3,0
MLBHD62207-LBLU,SI,2,0
MLBSW62202-BLU,SI,0,0
MLBSW62202-GRY,SI,0,0
MLBHD62206-LBLU,NO,0,0
MLBHD62206-BLK,SI,6,0
MLBHD62206-BLK2,SI,17,0
MLBHD62206-GRY,SI,8,0
MLBTS62208-BLU2,SI,3,19
MLBTS62207-WHT,SI,8,15
MLBTS62207-GRY,SI,23,0
MLBTS62207-NVY,SI,10,15
MLBTS62207-RED,SI,32,0
MLBTS62207-NVY3,SI,18,19
MLBTS62207-BLU,SI,26,0
MLBTS62207-NVY2,SI,21,0
MLBTT62203-WHT,SI,24,0
MLBTT62203-NVY,SI,23,0
MLBTT62203-GRY,SI,22,0
MLBHD62207-LBL2,SI,10,0
MLBJP62202-NVY,NO,10,0
MLBHD62207-GRY,SI,3,0
MLBJP62202-NVY2,NO,3,0
MLBJP62202-BLK,NO,3,0
MLBTT62202-GRY,SI,21,0
MLBTT62202-WHT,SI,14,0
MLBTT62202-NVY,SI,13,0
BUDDR62201-NVY,NO,13,0
BUDHD62201-NVY,NO,13,0
BUDSW62201-RED,NO,13,0
BUDCT62202-WHT,NO,13,0
BUDCT62201-RED,NO,13,0
BUDTS62202-GRY,NO,13,0
BUDTS62203-RED,NO,13,0
BUDTS62201-WHT,NO,13,0
KISSW62201-GRY,SI,0,0
KISSW62201-BLK,NO,0,0
KISCT62201-BLK,SI,0,0
KISTS62203-BLK,SI,16,0
KISTS62202-WHT,SI,19,0
KISTS62201-WHT,NO,19,0
SMCT62202-GRY,SI,24,0
SMCT62201-PNK,SI,10,0
SMTS62202-BLU,SI,17,0
PCBX52202-BLK,SI,0,0
PCBX52201-NVY,SI,31,0
STFBX2202-BLK,SI,0,0
STFBX52201-GRY,SI,67,0
NASBX52202-BLU,SI,0,0
NASBX52201-BLU,SI,0,0
SPRBX52202-GRN,SI,0,0
SPRBX52201-GRN,SI,0,0
GLBX52202-BLK,SI,0,0
GLBX52201-BLK,SI,0,0
ACBX52202-BLK,SI,90,0
ACBX52201-BLK,SI,101,0
GFBX52202-BLK,SI,0,0
GFBX52201-NVY,SI,0,0
PCSO52202-NVY,SI,209,0
PCSO52201-BLK,SI,1,0
STFSO52202-NVY,SI,0,0
STFSO52201-BLK,SI,16,0
NASSO52202-BLU,SI,221,0
NASSO52201-BLUE,SI,57,0
SPRSO52202-GRN,SI,59,0
SPRSO52201-GRN,SI,0,0
UMST517101-ORN,NO,0,0
UMST517101,NO,0,0
UMST517101-YEL,NO,0,0
UMST517101-TUR,NO,0,0
UMST517101-ROY,NO,0,0
81237U-EZLY,NO,0,0
81237U-FBWY,NO,0,0
81269U-FC6Y,NO,0,0
81087U-DJUY,NO,0,0
GLSO52202-BLK,SI,0,0
GLSO52201-NVY,SI,0,0
ACSO52202-BLK,SI,209,0
ACSO52201-GRY,SI,74,0
GFSO52203-GRY,SI,0,0
GFSO52202-GRY,SI,0,0
STFHD52201-BLK,SI,0,0
STFTS52206-BLK,NO,0,0
STFJP52201-GRN,NO,0,0
STFJP52201-BLK,NO,0,0
STFTS52204-BLK,SI,4,0
STFLS52201-GRY,NO,4,0
STFTS52203-WHT,SI,10,0
STFTS52202-GRY,NO,10,0
STFTS52201-TUR,SI,21,0
STFTS52201-BLK,SI,4,0
SPTS62201-WHT,SI,27,0
SPCT62202-GRN,NO,27,0
SPCT62201-GRN,NO,27,0
SPSW62201-GRN,SI,11,0
SPJP52201-BLK,NO,11,0
SPSL52201-BLK,NO,11,0
SPHD52201-TEL,NO,11,0
SPTS52203-GRN,NO,11,0
SPTS52202-DGR,NO,11,0
SPTS52201-GRY,NO,11,0
SPTS52201-WHT,NO,11,0
ACLS52201-BLK,SI,27,0
ACHD52201-BLK,SI,12,0
WKHTS52202-BLK,SI,22,0
WKHTS52201-BLK,NO,22,0
JLTS62201-BLK,NO,22,0
GYTS52202-WHT,NO,22,0
GYTS52203-GRN,SI,24,0
GYLS52201-BLK,SI,16,0
GYHD52201-BLK,NO,16,0
GYTS52201-BLK,NO,16,0
GLTS52202-BEI,SI,11,0
81298U-FBR,NO,11,0
81298U-FBT,NO,11,0
81299U-FBR,NO,11,0
81299U-FBU,NO,11,0
UMBRO FLOOR,NO,11,0
81211U-DAZ,NO,11,0
81211U-DJU,NO,11,0
81270U-FC7,NO,11,0
UMST517101-PUR,NO,11,0
WWEBX52201-BLK,SI,80,0
PWBX52202-BLK,SI,0,0
PWBX52201-BLK,SI,67,0
SOUBX52202-NVY,SI,89,0
SOUBX52201-NVY,SI,71,0
BABBX52202-NVY,SI,0,0
M5685001,NO,0,0
NBAEHD52201-PUR,SI,1,0
M5686PAZNF,NO,1,0
M1718H1S,NO,1,0
GF567586974100,NO,1,0
M5689G586964JHO,NO,1,0
GT18H586979H1S,NO,1,0
GT18H586979N4E,NO,1,0
GT18H586979NTC,NO,1,0
GF567586974H1S,NO,1,0
GF567586974N4E,NO,1,0
BABBX52201-NVY,SI,73,0
MTSO52202-NVY,SI,0,0
MTSO52201-NVY,SI,0,0
FDSO52202-GRY,SI,0,0
FDSO52201-BLK,SI,0,0
FTSO52202-BLK,SI,0,0
W59235586973N4E,NO,0,0
GF567586974023,NO,0,0
GF567586974NTC,NO,0,0
GF567586979H1S,NO,0,0
GF567586979NTC,NO,0,0
GF567586979N4E,NO,0,0
GT17H586979H1S,NO,0,0
FTSO52201-NVY,SI,59,0
COCSO52202-BLK,SI,249,0
COCSO52201-BLK,SI,38,0
ROCSO52202-GRN,SI,0,0
ROCSO52201-BLK,SI,0,0
WWESO52202-BLK,SI,209,0
WWESO52201-BLK,SI,0,0
PWSO52202-NVY,SI,209,0
PWSO52201-BLK,SI,1,0
SOUSO52202-NVY,SI,229,0
SOUSO52201-BLU,SI,21,0
BABSO52202-BLK,SI,1,0
BABSO52201-BLK,SI,1,0
SOPSW52202-BLU,SI,14,0
SOPSW52201-BLK,SI,3,0
SOPHD52201-NVY,SI,0,0
SOPTS52202-WHT,SI,19,0
UMST517101-COR,NO,19,0
MLBHD52001-GRY,SI,14,20
MLBFF52204-NVY,SI,58,0
MLBFF52201-GRY,SI,47,0
MLBFF52201-NVY,NO,47,0
MLBSL52203-NVY,NO,47,0
MLBSL52203-GRY,NO,47,0
MLBSL52202-NVY,NO,47,0
MLBSL52201-BLK,SI,0,0
MLBCS52201-NVY2,SI,44,0
MLBCS52201-NVY1,SI,17,0
MLBCS32201-BLU,SI,59,0
MLBCS32201-NVY1,SI,0,0
CLTS62202-WHT,NO,0,0
CNHD52201-NVY,NO,0,0
CNHD52202-GRY,NO,0,0
CNHD52202-BLU,NO,0,0
CNHD52203-GRY,NO,0,0
CNJP52201-NVY,NO,0,0
CNSH52201-NVY,NO,0,0
CNTS52201-BLU,SI,13,0
CNTS52202-LBL,SI,15,0
CNTS52202-BLU,SI,5,0
CNTS52203-LBL,SI,7,0
CNTS52204-WHT,SI,3,0
CNLS52201-WHT,NO,3,0
GFTS52202-BLK,NO,3,0
GFHD52201-BLK,NO,3,0
GFTS52201-BLK,NO,3,0
WKHPJ52201-GRY,SI,0,0
WKHPJ52202-GRY,SI,0,0
SPRPJ52202-GRN,SI,0,0
STFPJ52201-GRY,SI,36,0
STFPJ52202-GRY,SI,0,0
GFPJ52201-RED,SI,0,0
GFPJ52202-RED,SI,0,0
SPRPJ52201-GRN,SI,0,0
NASPJ52201-BLK,SI,30,0
NASPJ52202-BLK,SI,29,0
PCPJ52201-BLU,SI,34,0
PCPJ52202-BLU,SI,5,0
LLPJ52201-GRY,SI,0,0
LLPJ52202-GRY,SI,0,0
GLPJ52201-GRN,SI,0,0
GLPJ52202-GRN,SI,0,0
GYPJ52201-GRY,SI,0,0
GYPJ52202-GRY,SI,0,0
ACPJ52201-GRY,SI,55,0
ACPJ52202-GRY,SI,49,0
JVBX52202-BLK,SI,0,0
BCBX52201-NVY,SI,34,0
BCBX52202-NVY,SI,0,0
JVBX52201-BLK,SI,85,0
MLBBX52205-BLU,SI,30,0
MLBBX52207-RED,SI,33,0
MLBBX52203-NVY,SI,0,0
BCSO52201-NVY,SI,0,0
JVSO52201-BLK,SI,0,0
MLBBX52201-NVY,SI,1,0
MLBSO52201-NVY,SI,0,0
MLBSO52202-NVY,SI,1,0
MLBSO52203-BLU,SI,0,0
MLBSO52204-NVY,SI,0,0
MLBJP32202-BLU,NO,0,0
MLBJP32202-NVY2,NO,0,0
MLBHD32202-NVY,NO,0,0
MLBHD32202-GRY,NO,0,0
MLBHD32202-WHT2,SI,1,0
MLBJP32202-NVY,NO,1,0
MLBHD32202-WHT,NO,1,0
MLBSW32202-BLU,SI,7,0
MLBSW32202-NVY,SI,5,0
MLBHD32201-GRY,NO,5,0
MLBHD32201-NVY,NO,5,0
MLBHD32201-BLK,NO,5,0
MLBSW32202-WHT,SI,3,0
MLBTS32205-BLU,SI,6,0
MLBTS32205-NVY,SI,15,0
MLBTS32206-NVY,SI,4,0
MLBTS32206-RED,SI,19,0
MLBTS32206-BLU,SI,16,0
MLBTS32201-BLU,NO,16,0
MLBTS32201-NVY2,SI,2,0
MLBTS32205-BLK,SI,7,0
MLBTS32201-NVY,NO,7,0
SMTS52201-WHT,NO,7,0
SMTS52202-BLU,NO,7,0
KISHD52201-BLK,NO,7,0
KISSL52201-BLK,NO,7,0
CLTS62201-WHT,NO,7,0
CLTS62201-PNK,NO,7,0
MLBSH32202-NVY2,SI,24,0
MLBSH32202-NVY3,SI,6,0
SOPTS52201-NVY,SI,0,0
SOPTS52201-BLK,SI,9,0
SOPTS52201-GRY,NO,9,0
PWHD52201-BLK,NO,9,0
PWTS52203-BLK,SI,9,0
PWTS52203-WHT,SI,3,0
PWTS52202-BLK,NO,3,0
PWTS52201-BLK,SI,16,0
NFLHD52204-BLK3,NO,16,0
FTHD52201-BLK,NO,16,0
FTSW52201-GRY,NO,16,0
FTSH52201-GRY,NO,16,0
FTTS52202-LBL,NO,16,0
FTTS52203-ORG,NO,16,0
FTTS52204-WHT,SI,19,0
FTTS52201-WHT,NO,19,0
COCSW62201-PNK,SI,14,0
COCSW62201-BLK,SI,14,0
COCSW62202-RED,NO,14,0
COCTS62202-RED,SI,37,0
COCDR62201-BLK,NO,37,0
COCHD62201-RED,SI,15,0
COCHD62202-GRY,SI,8,0
COCCT62203-LBL,SI,5,0
COCCT62204-GRY,SI,21,0
COCCT62205-RED,SI,13,0
NFLJP52202-BLK2,SI,9,0
NFLJP52202-TUR,SI,5,0
NFLJP52202-DGRN,NO,5,0
NFLJP52202-BLK3,SI,6,0
NFLJP52202-DRED,NO,6,0
NFLJP52202-RED,NO,6,0
NFLTS52207-RED,NO,6,0
NFLTS52207-BLK3,NO,6,0
NFLJP52202-GRN,NO,6,0
NFLJP52202-NVY,SI,3,0
NFLJP52202-BLK,NO,3,0
NFLTS52207-BLK,NO,3,0
NFLTS52207-DGRN,NO,3,0
NFLTS52207-TUR,NO,3,0
NFLTS52207-BLK2,NO,3,0
NFLTS52207-DRED,SI,5,0
NFLSH52201-RED,NO,5,0
NFLSH52201-BLK4,NO,5,0
NFLSH52201-RED2,NO,5,0
NFLTS52207-GRN,NO,5,0
NFLTS52207-NVY,NO,5,0
NFLSH52201-NVY,NO,5,0
NFLSH52201-NVY2,NO,5,0
NFLSH52201-BLK,NO,5,0
NFLSH52201-BLK2,NO,5,0
NFLSH52201-BLK3,NO,5,0
NFLHD52204-BLK2,NO,5,0
NFLHD52204-RED,NO,5,0
NFLHD52204-NVY2,NO,5,0
NFLHD52204-GRY,NO,5,0
NFLHD52204-RED2,NO,5,0
NFLTS52206-BLK3,SI,1,0
NFLTS52206-GRY,NO,1,0
NFLHD52204-NVY,NO,1,0
NBACS52201-BLK3,NO,1,0
NBACS52201-BLK2,SI,24,0
NBACS52201-BLK,SI,3,0
NBACS32204-GRY,SI,31,0
NBACS32204-BLK,SI,25,0
NBACS32201-BLK3,SI,0,0
NBACS32201-BLK2,SI,21,0
NBACS32201-BLK,SI,2,0
NFLTS52202-DGRN,NO,2,0
NBASL52201-BLK,SI,0,0
NFLTS52202-BLK3,NO,0,0
NBAHD521002-GRN,SI,0,0
NFLTS52202-TUR,NO,0,0
NIRSH52201-BLK,NO,0,0
FTTS62202-WHT,SI,33,0
CH49ASXWH,NO,33,0
COCTS62201-BLK,SI,14,0
COCTS52201-WHT,SI,17,0
COCTS52205-GRY,SI,12,0
COCTS52205-WHT,NO,12,0
COCTS52206-WHT,SI,26,0
COCTS52203-GRY2,SI,27,0
COCTS52203-BLK,NO,27,0
COCHD52203-BLK,NO,27,0
COCHD52203-WHT,NO,27,0
COCJP52201-GRY,NO,27,0
COCTS52207-RED,SI,8,0
COCHD52201-BLK,SI,14,0
COCHD52202-BLK,SI,11,0
COCTS52202-BLK,NO,11,0
COCTS52203-GRY,NO,11,0
TRPJ52201-BLK,SI,0,0
SOPPJ522201-NVY,NO,0,0
SOPPJ522202-NVY,SI,0,0
PWPJ52201-NVY,SI,0,0
PWPJ52202-NVY,SI,14,0
HHPJ52202-BLK,SI,0,0
MTPJ52201-GRY,SI,0,0
MTPJ52202-GRY,SI,0,0
FTPJ52202-NVY,SI,0,0
HHPJ52201-BLK,SI,0,0
BBHPJ52201-GRY,SI,0,0
BBHPJ52202-GRY,SI,17,0
COCPJ52201-BLK,SI,47,0
COCPJ52202-BLK,SI,49,0
NBABX52214-NVY,SI,0,0
RMBX52201-BLK,SI,41,0
RMBX52202-BLK,SI,0,0
NBABX52208-BLK,SI,63,0
NBABX52209-BLK,SI,64,0
NBABX52210-BLK,SI,0,0
NBABX52211-GRN,SI,22,0
NBABX52212-GRN,SI,0,0
NBABX52213-BLK,SI,0,0
NBABX52203-BLK,SI,16,0
NBABX52204-BLK,SI,0,0
NBABX52205-PUR,SI,51,0
NBABX52206-PUR,SI,0,0
NBABX52207-PUR,SI,17,0
NBABX52201-RED,SI,8,0
NBABX52202-BLK,SI,25,0
RMSO52201-BLU,SI,67,0
NBASO52202-RED,SI,1,0
NBASO52203-BLK,SI,105,0
NBASO52204-PUR,SI,1,0
NFLHD52204-DGRN,NO,1,0
NFLHD52204-BLK,NO,1,0
NFLTS52206-BLK,SI,9,0
NFLTS52206-BLU2,SI,10,0
NFLTS52206-RED,SI,6,0
NFLTS52206-WHT,NO,6,0
NFLTS52206-DGRN,NO,6,0
NFLTS52206-BLK2,SI,7,0
NFLSW52202-GRY,NO,7,0
NFLSW52202-DRED,NO,7,0
NFLSW52202-RED,NO,7,0
NFLSW52202-BLK2,NO,7,0
NFLTS52206-BLU,NO,7,0
NFLSW52202-BLK,NO,7,0
NFLSW52202-TUR,NO,7,0
NFLSW52202-DGRN,NO,7,0
NFLSW52202-NVY,NO,7,0
NFLSW52202-GRN,NO,7,0
NFLTS52203-NVY2,SI,2,0
NFLTS52203-TUR,SI,2,0
NFLTS52203-BLK2,SI,2,0
NFLTS52203-DGRN,SI,2,0
NFLTS52203-RED,SI,7,0
NFLTS52203-BLK3,SI,6,0
NFLTS52202-RED2,NO,6,0
NFLTS52202-BLK4,NO,6,0
NFLTS52203-NVY,NO,6,0
NFLTS52203-GRY,SI,2,0
NFLTS52203-BLK,SI,2,0
NFLTS52202-BLK,NO,2,0
NFLTS52202-NVY,NO,2,0
NFLTS52202-BLK2,NO,2,0
CH46F3AQBI,NO,2,0
NFLTS52202-RED,NO,2,0
NBAELS52202-GRN,SI,2,0
NBAEHD52201-RED,SI,1,0
NBAEHD52201-BLK,SI,1,0
NBAEHD52201-BLK1,SI,1,0
NBAEHD52201-BLK2,SI,1,0
NBAEHD52201-BLU,SI,1,0
NBAELS52202-RED,SI,4,0
NBAELS52202-GRY,SI,3,0
NBAELS52202-BLK3,SI,4,0
CABBP1ASE,NO,4,0
CH41F3AQBI,NO,4,0
NFLHD52201-NVY,NO,4,0
CH41LSXBK,NO,4,0
NFLHD52201-BLK3,SI,2,0
NFLHD52201-BLK4,NO,2,0
NFLHD52201-RED,SI,0,0
NFLHD52201-BLK5,SI,8,0
NFLHD52201-BLU,NO,8,0
NFLHD52201-BLK,SI,7,0
NFLHD52201-BLK2,SI,7,0
NFLHD52201-DGRN,SI,1,0
NFLHD52201-GRY,SI,2,0
NFLSW52201-BLK2,NO,2,0
NFLSW52201-RED,NO,2,0
NFLSW52201-BLK3,NO,2,0
NFLSW52201-BLK4,NO,2,0
NFLSW52201-BLK5,NO,2,0
NFLTS52201-BLK2,SI,2,0
NFLTS52201-RED2,SI,4,0
NFLSW52201-NVY,NO,4,0
NFLSW52201-TUR,NO,4,0
NFLSW52201-BLK,NO,4,0
NFLSW52201-NVY2,NO,4,0
NBASO52206-GRN,SI,0,0
NBASO52207-BLU,SI,0,0
NBASO52201-BLK,SI,106,0
FDHD52201-NVY,SI,0,0
FDHD52202-NVY,SI,0,0
FDHD52203-GRY,SI,0,0
FDTS52204-NVY,SI,22,0
FDTS52204-WHT,SI,21,0
FDTS52205-NVY,SI,5,0
FDTS52205-BLK,SI,17,0
FDTS52202-NVY,SI,0,0
FDTS52203-NVY,SI,35,0
FDTS52203-RED,SI,0,0
FDTS52203-WHT,SI,35,0
FDTS52201-BLK,SI,0,0
NFLHD52205-BLK5,NO,0,0
NFLHD52205-BLK3,NO,0,0
NFLHD52205-BLK4,NO,0,0
NFLHD52205-GRN,NO,0,0
NFLHD52205-NVY,NO,0,0
NFLHD52205-BLK,NO,0,0
NFLHD52205-TUR,NO,0,0
NFLHD52205-DGRN,NO,0,0
NFLHD52205-BLK2,NO,0,0
NFLHD32201-BLK5,NO,0,0
NFLTS32202-BLK,NO,0,0
NFLTS32202-NVY,NO,0,0
NFLTS32202-BLK2,NO,0,0
BH78RI-CHO-L-LFC,NO,0,0
BH78RI-GSW-B-LFD,NO,0,0
BH78RI-BNE-K-LF9,NO,0,0
BH78RI-CBU-R-GUL,NO,0,0
B-JOUST02WHV-GY,NO,0,0
B-DBLMV17RPP-GV,NO,0,0
NFLHD32201-BLK3,NO,0,0
NFLHD32201-DGRN,NO,0,0
NFLHD32201-GRY,SI,11,0
NFLHD32201-NVY,SI,11,0
NFLSW32201-BLK4,NO,11,0
NFLSW32201-BLK5,NO,11,0
NFLHD32201-BLU,NO,11,0
NFLHD32201-BLK,NO,11,0
NFLHD32201-BLK2,SI,11,0
NFLSW32201-NVY,NO,11,0
NFLSW32201-TUR,NO,11,0
NFLSW32201-BLK,NO,11,0
NFLSW32201-NVY2,NO,11,0
NFLSW32201-BLK2,NO,11,0
NFLSW32201-RED,NO,11,0
NFLSW32201-BLK3,NO,11,0
B-ENCDC17RPS-GV,NO,11,0
BCPTN-STCLK18W,NO,11,0
B-STCLK22WBP-BK,NO,11,0
B-DBLMV17RPP-AW,NO,11,0
B-DBLMV17RPP-AWA,NO,11,0
B-DBLMV17RPP-GVB,NO,11,0
B-FORMA17WBV-NY,NO,11,0
B-HUDDL17GWS-BK,NO,11,0
B-ICE17GWS-BKA,NO,11,0
B-JOUST17WHV-GY,NO,11,0
B-MVP17WBV-HM,NO,11,0
B-NSHOT12WBP-NY,NO,11,0
B-NSHOT17WBP-BKB,NO,11,0
B-RGW02GWSNL-BKH,NO,11,0
B-RGW12GWSNL-BKD,NO,11,0
B-RGW17GWS-HM,NO,11,0
B-RGW17GWSNL-BKF,NO,11,0
NFLTS32201-DGRN,NO,11,0
NFLTS32201-GRY,SI,1,0
NFLTS32201-RED,SI,14,0
NFLTS32201-BLK2,SI,13,0
NFLTS32201-RED2,NO,13,0
NFLTS32201-BLK,NO,13,0
NBATS622011-GRY,NO,13,0
NBATS622010-LPU,NO,13,0
NBATS622011-BLK,SI,1,0
NBATS622011-PUR,NO,1,0
NBAJP52206-BLK,NO,1,0
NBAJP52206-BLK2,NO,1,0
NBAJP52206-BLK3,NO,1,0
NBAJP52206-BLK4,NO,1,0
NBASH52204-GRY2,NO,1,0
NBASH52204-BLK3,NO,1,0
NBASH52204-GRY3,NO,1,0
NBASH52204-BLK4,NO,1,0
NBASH52204-GRY4,NO,1,0
NBASH52203-BLK3,NO,1,0
NBASH52203-TUR,NO,1,0
NBASH52204-BLK,NO,1,0
NBASH52204-GRY,NO,1,0
NBASH52204-BLK2,NO,1,0
NBASH52203-DGRY,NO,1,0
NBASH52203-PUR,NO,1,0
NBASH52203-BLK2,NO,1,0
NBASH52203-GRY2,NO,1,0
NBASH52203-GRY,NO,1,0
NBATT52204-BLK2,NO,1,0
NBATT52204-GRY2,NO,1,0
NBATT52204-BLK3,NO,1,0
NBATT52204-TUR,NO,1,0
NBASH52203-BLK,NO,1,0
NBATT52204-BLK,NO,1,0
NBATT52204-RED,NO,1,0
NBATT52204-DGRY,NO,1,0
NBATT52204-PUR,NO,1,0
NBAHD52214-GRY2,NO,1,0
NBAHD52214-BLK2,NO,1,0
NBAHD52214-BLK3,NO,1,0
NBAHD52214-GRY3,NO,1,0
NBAHD52214-BLK4,NO,1,0
NBAHD52214-GRY4,NO,1,0
NBAHD52213-BLK2,NO,1,0
NBAHD52213-GRY3,NO,1,0
NBAHD52213-BLK3,NO,1,0
NBAHD52214-BLK,NO,1,0
NBAHD52214-GRY,NO,1,0
NBAHD52213-BLK,NO,1,0
NBAHD52213-GRY,NO,1,0
NBAHD52213-DGRY,NO,1,0
NBAHD52213-PUR,NO,1,0
NBAHD52213-GRY2,NO,1,0
NBATS52214-BLK3,NO,1,0
NBATS52214-GRY3,NO,1,0
NBATS52214-BLK4,NO,1,0
NBATS52214-GRY4,NO,1,0
NBATS52214-BLK2,NO,1,0
NBATS52214-GRY2,NO,1,0
NBATS52213-BLK2,SI,1,0
NBATS52213-TUR,NO,1,0
NBATS52213-BLK3,NO,1,0
NBATS52214-BLK,NO,1,0
NBATS52214-GRY,NO,1,0
NBATS52213-RED,NO,1,0
NFLTS52201-TUR,SI,5,0
NFLTS52201-NVY,NO,5,0
NFLTS52201-BLK,NO,5,0
NFLTS52201-DGRN,SI,1,0
NFLTS52201-GRY,SI,12,0
NFLTS52201-RED,NO,12,0
NFLTS52201-BLU,NO,12,0
NFLHD32205-BLK3,NO,12,0
NFLHD32205-BLK4,NO,12,0
NFLHD32205-BLK5,NO,12,0
NFLHD32205-GRN,NO,12,0
NFLHD32205-NVY,NO,12,0
NFLHD32205-BLK,NO,12,0
NFLHD32205-TUR,NO,12,0
NFLHD32205-DGRN,NO,12,0
NFLHD32205-BLK2,NO,12,0
NFLJP32202-BLK2,NO,12,0
NFLJP32202-TUR,NO,12,0
NFLJP32202-DGRN,NO,12,0
NFLJP32202-BLK3,NO,12,0
NFLJP32202-DRED,NO,12,0
NFLJP32202-RED,NO,12,0
NFLTS32207-RED,NO,12,0
NFLTS32207-BLK4,NO,12,0
NFLJP32202-GRN,NO,12,0
NFLJP32202-NVY,NO,12,0
NFLJP32202-BLK,NO,12,0
NFLTS32207-BLK,NO,12,0
NFLTS32207-DGRN,NO,12,0
NFLTS32207-TUR,NO,12,0
NFLTS32207-BLK2,NO,12,0
NFLTS32207-DRED,NO,12,0
NFLTS32207-BLK3,NO,12,0
NFLTS32206-GRY,NO,12,0
NFLTS32207-GRN,NO,12,0
NFLTS32207-NVY,NO,12,0
NFLTS32206-BLK3,NO,12,0
NFLTS32206-BLK,NO,12,0
NFLTS32206-BLU2,NO,12,0
NFLTS32206-RED,NO,12,0
NFLTS32206-WHT,NO,12,0
NFLTS32206-DGRN,NO,12,0
NFLTS32206-BLK2,SI,15,0
NFLTS32203-BLK2,NO,15,0
NFLTS32203-DGRN,NO,15,0
NFLTS32203-RED,NO,15,0
NFLTS32203-BLK3,NO,15,0
NFLTS32206-BLU,NO,15,0
NFLTS32203-NVY,NO,15,0
NFLTS32203-GRY,NO,15,0
NFLTS32203-BLK,NO,15,0
NFLTS32203-NVY2,NO,15,0
NFLTS32203-TUR,NO,15,0
NFLTS32202-TUR,NO,15,0
NFLTS32202-DGRN,NO,15,0
NFLTS32202-BLK3,NO,15,0
NFLTS32202-RED,NO,15,0
NFLTS32202-RED2,NO,15,0
NFLTS32202-BLK4,NO,15,0
NFLHD32201-BLK4,NO,15,0
NFLHD32201-RED,SI,11,0
NBATS52212-WHT3,SI,9,0
NBACT62201-PUR,SI,18,0
NBACT62201-GRN,SI,25,0
NBACT62201-LBL2,SI,23,0
NBACT62201-PUR2,SI,22,0
NBATS62201-BLK4,NO,22,0
NBATS62201-BLK5,NO,22,0
NBATS62201-GRN,NO,22,0
NBATS62201-WHT2,NO,22,0
NBACT62201-LBL,SI,18,0
NBATS62201-BLK,NO,18,0
NBATS62201-BLK2,NO,18,0
NBATS62201-BLK3,SI,3,0
NBATS62201-RED,SI,3,0
NBATS62201-YEL,SI,4,0
NBATS62201-WHT,SI,13,0
NBAJP62202-GRY,SI,0,0
NBAJP62202-GRY2,SI,0,0
NBAJP62202-GRY3,SI,15,0
NBAJP62202-GRY4,SI,23,0
NBAJP62202-GRY5,SI,15,0
NBAJP62201-BLK2,NO,15,0
NBAJP62201-BLK3,NO,15,0
NBAJP62201-BLK4,NO,15,0
NBAJP62201-BLK5,NO,15,0
NBAJP62201-BLK,NO,15,0
NBALS62201-BLK2,NO,15,0
NBALS62201-BLK3,NO,15,0
NBALS62201-YEL,NO,15,0
NBALS62201-GRN,NO,15,0
NBALS62201-BLK4,NO,15,0
NBASW62201-RED,NO,15,0
NBASW62201-GRY,NO,15,0
NBASW62201-YEL,NO,15,0
NBASW62201-GRN,NO,15,0
NBASW62201-BLK,NO,15,0
NBALS62201-BLK,NO,15,0
NBAHD62202-LBL,SI,0,0
NBAHD62202-PUR,SI,17,0
NBAHD62202-LBL2,SI,1,0
NBAHD62202-GRN,SI,1,0
NBAHD62202-PUR2,SI,0,0
NBAHD62201-BLK,NO,0,0
NBAHD62201-RED,NO,0,0
NBAHD62201-PUR,NO,0,0
NBAHD62201-BLK2,NO,0,0
NBAHD62201-BLK3,NO,0,0
NBATT52203-PUR,SI,6,6
NBATT52203-BLU,NO,6,6
NBATT52202-BLK4,NO,6,6
NBATT52202-BLK5,NO,6,6
NBATT52203-RED,NO,6,6
NBATT52203-BLK,SI,6,6
NBATT52203-BLK2,SI,1,0
NBATS52210-BLK5,NO,1,0
NBATS52210-BLU,NO,1,0
NBATT52202-BLK,NO,1,0
NBATT52202-BLK2,NO,1,0
NBATT52202-BLK3,NO,1,0
NBATS52210-WHT,NO,1,0
NBATS52210-RED,NO,1,0
NBATS52210-BLK3,NO,1,0
NBATS52210-BLK4,SI,0,0
NBATS52210-WHT2,SI,3,0
NBATS52210-PUR,SI,0,0
NBATS52210-BLK,NO,0,0
NBATS52210-BLK2,NO,0,0
NBATS52206-BLU,NO,0,0
NBATS52206-RED,NO,0,0
NBATS52206-BLK5,NO,0,0
NBATS52206-WHT,NO,0,0
NBATS52206-BLK,NO,0,0
NBATS52206-BLK2,NO,0,0
NBATS52213-BLK,SI,28,0
NBATS52213-PUR,SI,1,0
NBATS52213-DGRY,NO,1,0
NBATS52213-GRY,NO,1,0
NBATS52212-WHT4,SI,16,0
NBASH52202-RED,NO,16,0
NBASH52202-GRN,NO,16,0
NBASH52202-YEL,NO,16,0
NBASH52202-GRY,NO,16,0
NBATS52212-WHT,SI,10,0
NBATS52212-WHT2,NO,10,0
NBASW52202-PUR,SI,2,0
NBASW52202-GRN,NO,2,0
NBASW52202-GRY,NO,2,0
NBAPT52204-BLK3,NO,2,0
NBATS52224-ORG,SI,55,0
NBAPT52204-BLK,NO,55,0
NBAPT52204-BLK2,NO,55,0
NBASW52207-BLK3,NO,55,0
NBASW52207-BLK4,NO,55,0
NBAJK52204-BLK2,NO,55,0
NBAJK52204-BLK3,NO,55,0
NBAJK52204-BLK4,NO,55,0
NBAJK52204-BLK5,NO,55,0
NBASW52207-BLK,NO,55,0
NBASW52207-BLK2,NO,55,0
NBAPT52203-BLK3,NO,55,0
NBAPT52203-BLU2,NO,55,0
NBAPT52203-GRN,NO,55,0
NBAJK52204-BLK,SI,1,0
NBAJK52204-RED,NO,1,0
NBAPT52203-BLK2,SI,1,0
NBAPT52203-BLU,NO,1,0
NBASW52206-BLU2,NO,1,0
NBAPT52203-BLK,NO,1,0
NBAPT52203-RED,NO,1,0
NBAHD52212-GRN,NO,1,0
NBASW52206-RED,NO,1,0
NBASW52206-PUR,NO,1,0
NBASW52206-GRY,NO,1,0
NBASW52206-BLU,NO,1,0
NBAHD52212-BLK,SI,6,0
NBAHD52212-BLU,NO,6,0
NBAHD52212-RED,SI,0,0
NBAHD52212-BLK2,NO,0,0
NBAHD52212-PUR,NO,0,0
NBAHD52212-BLK3,SI,7,0
NBATS52205-GRN,NO,7,0
NBATS52205-BLK3,NO,7,0
NBATS52205-GRY,NO,7,0
NBATS52205-RED,NO,7,0
NBATS52205-WHT,NO,7,0
NBATS52205-BLU2,NO,7,0
NBAPT52202-BLK3,NO,7,0
NBAPT52202-NVY,NO,7,0
NBATS52205-BLK,SI,18,0
NBATS52205-BLU,NO,18,0
NBATS52205-YEL,SI,14,0
NBATS52205-BLK2,NO,14,0
NBAHD52211-BLU,NO,14,0
NBAPT52202-BLK,NO,14,0
NBAPT52202-BLK2,NO,14,0
NBAPT52202-PUR,NO,14,0
NBASW52205-BLK4,NO,14,0
NBAHD52211-BLK,NO,14,0
NBAHD52211-BLK2,SI,7,0
NBAHD52211-BLK3,NO,7,0
NBATS52206-GRN,NO,7,0
NBATS52206-PUR,NO,7,0
NBATS52206-BLK3,NO,7,0
NBATS52206-BLK4,SI,0,0
NBATS52209-BLK2,SI,0,0
NBATS52209-PUR,SI,18,0
NBATS52209-WHT2,NO,18,0
NBATS52209-YEL2,NO,18,0
NBATS52209-BLK3,NO,18,0
NBATS52209-BUR,NO,18,0
NBATS52208-BLK5,SI,1,0
NBATS52209-RED,NO,1,0
NBATS52209-GRN,NO,1,0
NBATS52209-BLK,NO,1,0
NBATS52209-WHT,NO,1,0
NBATS52208-RED,SI,11,0
NBATS52208-YEL,SI,7,0
NBATS52208-BLK3,SI,0,0
NBATS52208-BLK4,SI,0,0
NBATS52208-GRN,SI,7,0
NBATS52208-ORG,NO,7,0
NBAJK52205-GRY5,NO,7,0
NBATS52208-BLK,SI,2,0
NBATS52208-BLK2,SI,0,0
NBAJK52206-GRN,NO,0,0
NBAJK52205-GRY,NO,0,0
NBAJK52205-GRY2,NO,0,0
NBAJK52205-GRY3,NO,0,0
NBAJK52205-GRY4,NO,0,0
NBAWR52202-BLK5,NO,0,0
NBAJK52206-RED,NO,0,0
NBAJK52206-PUR,NO,0,0
NBAJK52206-GRY,SI,0,0
NBAJK52206-BLU,NO,0,0
NBAWR52201-BUR,SI,8,0
NBAWR52202-BLK,NO,8,0
NBAWR52202-BLK2,NO,8,0
NBAWR52202-BLK3,NO,8,0
NBAWR52202-BLK4,NO,8,0
NBAJP5225-BLK5,NO,8,0
NBAWR52201-RED,NO,8,0
NBAWR52201-PUR,SI,8,1
NBAWR52201-GRN,SI,1,1
NBAWR52201-GRY,SI,10,0
NBAWR52201-BLU,SI,11,0
NBAJP52204-BLK5,NO,11,0
NBAJP5225-BLK,NO,11,0
NBAJP5225-BLK2,NO,11,0
NBAJP5225-BLK3,NO,11,0
NBAJP5225-BLK4,NO,11,0
NBAJP52204-BLK,NO,11,0
NBAJP52204-BLK2,NO,11,0
NBAJP52204-BLK3,NO,11,0
NBAJP52204-BLK4,NO,11,0
NBAJP52203-BLK4,SI,0,0
NBAHD52209-BLU,NO,0,0
NBAHD52209-RED,NO,0,0
NBAHD52209-BLK2,NO,0,0
NBAJP52203-BLK,SI,0,0
NBAJP52203-BLK2,SI,1,0
NBAJP52203-BLK3,SI,1,0
NBAHD52208-BLU4,NO,1,0
NBAHD52208-BLU5,NO,1,0
NBAHD52209-BLK,NO,1,0
NBAHD52209-GRY,NO,1,0
NBAHD52209-PUR,NO,1,0
NBAHD52207-BLU3,NO,1,0
NBAHD52211-BLK4,NO,1,0
NBASW52205-BLK,NO,1,0
NBASW52205-BLK2,SI,0,0
NBASW52205-PUR,SI,6,0
NBASW52205-RED,NO,6,0
NBASW52205-BLUE,NO,6,0
NBASW52205-BLK3,NO,6,0
NBATS52207-YEL,NO,6,0
NBATS52207-BLK2,NO,6,0
NBATS52207-WHT,NO,6,0
NBATS52207-BLU,NO,6,0
NBATS52207-GRN,NO,6,0
NBATS52207-ORG,NO,6,0
NBASW52204-RED,NO,6,0
NBASW52204-YEL,NO,6,0
NBASW52204-BLK,NO,6,0
NBATS52207-PUR,NO,6,0
NBATS52207-RED,NO,6,0
NBATS52207-BLK,NO,6,0
NBASW52203-RED,NO,6,0
NBASW52203-BLK,NO,6,0
NBASW52203-YEL,NO,6,0
NBASW52203-PUR,SI,5,0
NBAHD52210-BLK,NO,5,0
NBAHD52210-PUR,NO,5,0
NBAHD52210-YEL,NO,5,0
NBAPT52201-BLK,NO,5,0
NBAPT52201-RED,NO,5,0
NBAPT52201-PUR,SI,12,0
NBAPT52201-BLK2,NO,12,0
NBAHD52210-RED,NO,12,0
NBATS52204-WHT,NO,12,0
NBATS52204-RED,SI,4,0
NBATS52204-BLK2,NO,4,0
NBATS52204-PUR,NO,4,0
NBATS52204-BLU,SI,5,0
NBATS52204-BLK3,SI,4,0
NBATS52204-ORG,NO,4,0
NBATS52204-BLK,SI,0,0
NBATS62203-BEG,NO,0,0
NBATS62203-BLK,NO,0,0
NBATS62203-LBL,NO,0,0
NBATS62203-LTU,NO,0,0
NBATS62203-BLK2,NO,0,0
NBATS62203-LPU,NO,0,0
NBAJK52201-PUR,NO,0,0
NBAJK52201-BLK3,NO,0,0
NBAJK52201-BLK4,NO,0,0
NBAJK52201-BLK,NO,0,0
NBAJK52201-RED,NO,0,0
NBAJK52201-BLK2,NO,0,0
NBAJK52201-GRY,NO,0,0
NBASH62203-BLK3,NO,0,0
NBASH62203-BLK2,NO,0,0
NBASH62203-PUR,NO,0,0
NBASH62203-BLU,NO,0,0
NBASH62203-RED,NO,0,0
NBASH62203-BLK,NO,0,0
NBASH62202-BLK2,NO,0,0
NBASH62202-BLK3,NO,0,0
NBASH62202-BLU,NO,0,0
NBASH62202-BLK,NO,0,0
NBASH62202-RED,NO,0,0
NBASH62202-PUR,NO,0,0
NBASH62201-BLK2,SI,1,0
NBASH62201-BLK3,NO,1,0
NBASH62201-BLK,NO,1,0
NBAHD52207-BLK5,NO,1,0
NBAHD52208-BLU,NO,1,0
NBAHD52208-BLU2,SI,4,0
NBAHD52208-BLU3,SI,2,0
NBAHD52207-PUR,NO,2,0
NBAHD52207-BLK2,NO,2,0
NBAHD52207-LIL,NO,2,0
NBAHD52207-BLUE2,NO,2,0
NBAHD52207-BLK3,NO,2,0
NBAHD52207-BLK4,NO,2,0
NBAHD52206-BUR,NO,2,0
NBAHD52206-BLK2,SI,1,0
NBAHD52207-BLK,NO,1,0
NBAHD52207-RED,NO,1,0
NBAHD52207-BLU,NO,1,0
NBAHD52206-GRN,SI,2,0
NBAHD52206-RED,NO,2,0
NBAHD52206-BLK,NO,2,0
NBAHD52206-PUR,NO,2,0
NBAHD52206-BLU,NO,2,0
NBAHD52206-GRY,NO,2,0
NBAHD52205-BLK3,SI,0,0
NBAHD52205-GRY3,NO,0,0
NBAHD52205-BLK4,NO,0,0
NBAHD52205-BLU,SI,1,0
NBAHD52205-BLK5,NO,1,0
NBAHD52205-RED,NO,1,0
NBAHD52205-BLK,SI,0,0
NBAHD52205-GRY,NO,0,0
NBAHD52205-PUR,SI,0,0
NBAHD52205-BLK2,SI,1,0
NBAHD52205-GRY2,SI,0,0
NBALS52203-BLU,NO,0,0
NBALS52203-BUR,NO,0,0
NBALS52203-RED,SI,2,0
NBALS52203-GRY,NO,2,0
NBALS52203-GRY2,NO,2,0
NBALS52203-PUR,NO,2,0
NBASW52208-GRY3,NO,2,0
NBASW52208-GRY4,NO,2,0
NBASW52208-BLU,NO,2,0
NBASW52208-GRY5,NO,2,0
NBALS52203-GRN,NO,2,0
NBASW52208-BLK2,NO,2,0
NBASW52208-GRY2,NO,2,0
NBASW52208-PUR,NO,2,0
NBASW52202-BUR,NO,2,0
NBASW52208-BLK,NO,2,0
NBASW52208-BUR,NO,2,0
NBASW52208-GRY,NO,2,0
NBASW52208-RED,NO,2,0
NBASW52202-RED,NO,2,0
NBACT62204-LPU,NO,2,0
NBACT62204-BLK2,NO,2,0
NBACT62204-WHT3,NO,2,0
NBACT62204-LBL,NO,2,0
NBACT62204-BLK,NO,2,0
NBACT62204-WHT2,NO,2,0
NBATT62202-BLK3,NO,2,0
NBACT62204-WHT,NO,2,0
NBATT62202-BLK,NO,2,0
NBATT62202-BLK2,NO,2,0
NBATT62202-BLU,NO,2,0
NBACT62203-BLU,NO,2,0
NBACT62203-LBL,NO,2,0
NBACT62203-GRY,NO,2,0
NBACT62203-BLK,NO,2,0
NBACT62203-PUR,NO,2,0
NBACT62202-BLK2,NO,2,0
NBACT62202-LPN,NO,2,0
NBACT62202-LBL,NO,2,0
NBACT62202-WHT,NO,2,0
NBACT62202-BLK,NO,2,0
NBACT62202-WHT2,NO,2,0
NBATS62206-BLK2,NO,2,0
NBATS62206-GRY4,NO,2,0
NBATS62206-GRY2,NO,2,0
NBATS62206-GRY3,SI,0,0
NBATS62206-BLK,NO,0,0
NBATS62205-BLU,NO,0,0
NBATS62205-BLK2,NO,0,0
NBATS62206-GRY,SI,0,0
NBATS62205-BLK,NO,0,0
NBATS62205-WHT,NO,0,0
NBATS62205-PUR,NO,0,0
NBATS62204-WHT3,NO,0,0
NBATS62204-WHT4,NO,0,0
NBATS62204-WHT,NO,0,0
NBATS62204-WHT2,NO,0,0
NBATS62202-GRY,NO,0,0
NBATS62202-LBL,NO,0,0
NBATS62202-BLK3,NO,0,0
NBATS62202-LBL2,NO,0,0
NBATS62202-BLK,NO,0,0
NBATS62202-WHT,NO,0,0
NBATS62202-BLK2,NO,0,0
NBATS62202-LPN,NO,0,0
NBABD52201-PUR,NO,0,0
NBABD52201-GRY,NO,0,0
NBABD52201-BLU,NO,0,0
NBABD52201-MAG,NO,0,0
NBASH52201-LBL,NO,0,0
NBABD52201-RED,NO,0,0
NBASH52201-BLK3,SI,0,0
NBASH52201-BLK4,NO,0,0
NBASH52201-PUR,SI,1,0
NBASH52201-BLU,SI,1,0
NBASH52201-BLK,SI,0,0
NBASH52201-BLK2,NO,0,0
NBATT52201-LBL,NO,0,0
NBATT52201-BLK3,NO,0,0
NBATT52201-BLK2,NO,0,0
NBATT52201-PUR,NO,0,0
NBATT52201-BLU,NO,0,0
NBATS52203-BUR,NO,0,0
NBATT52201-BLK,NO,0,0
NBATS52203-GRY,SI,19,0
NBATS52203-BLK2,SI,13,0
NBATS52203-RED,SI,10,0
NBATS52203-PUR,SI,19,0
NBATS52203-BLK,NO,19,0
NBATS52202-WHT,NO,19,0
NBATS52202-BLK4,NO,19,0
NBATS52202-BLU,NO,19,0
NBATS52202-BLK2,NO,19,0
NBATS52202-PUR,NO,19,0
NBATS52202-BLK3,NO,19,0
NBATS52202-RED,NO,19,0
NBATS52202-BLK,NO,19,0
NBATS52201-BLU,NO,19,0
NBATS52201-BLK4,NO,19,0
NBATS52201-PUR2,NO,19,0
NBATS52201-PUR,NO,19,0
NBATS52201-BLK3,SI,0,0
NBASH62201-GRY,NO,0,0
NBASH62201-PUR,NO,0,0
NBAPT62203-BLK3,NO,0,0
NBAPT62203-BLK4,NO,0,0
NBASH62201-RED,NO,0,0
NBAPT62203-PUR,NO,0,0
NBAPT62203-RED,NO,0,0
NBAPT62203-BLK2,NO,0,0
NBAPT62203-BLK,NO,0,0
NBAPT62202-PUR,NO,0,0
NBAPT62202-GRY,NO,0,0
NBAPT62202-TUR,NO,0,0
NBAPT62202-BLK,NO,0,0
NBAPT62202-BLU,NO,0,0
NBAPT62202-BLK2,SI,26,0
NBAPT62201-BLK3,NO,26,0
NBAPT62201-BLK4,NO,26,0
NBAJP62204-BLK3,NO,26,0
NBAPT62201-BLK,NO,26,0
NBAPT62201-BLK2,SI,8,0
NBAJP62204-BLK,NO,8,0
NBAJP62204-BLK2,NO,8,0
NBAJP62204-GRY,NO,8,0
NBASB62202-BLK2,NO,8,0
NBASB62202-GRN,NO,8,0
NBASB62202-BLK,NO,8,0
NBASB62202-BLU,NO,8,0
NBASB62202-PUR,NO,8,0
NBASB62201-BLK4,NO,8,0
NBASB62201-BLK5,NO,8,0
NBASB62202-RED,NO,8,0
NBASB62201-BLK2,SI,1,0
NBASB62201-BLK3,NO,1,0
NBAWR62201-BLK4,NO,1,0
NBASB62201-BLK,SI,1,0
NBAWR62201-BLK,NO,1,0
NBAWR62201-BLK2,NO,1,0
NBAWR62201-BLK3,NO,1,0
NBAJK62201-BLK3,NO,1,0
NBAJK62201-BLK4,NO,1,0
NBAHD62205-BLK2,NO,1,0
NBAJK62201-BLK,NO,1,0
NBAJK62201-BLK2,NO,1,0
NBAHD62205-BLK,NO,1,0
NBAHD62205-GRY2,NO,1,0
NBAHD62205-GRY3,NO,1,0
NBAHD62204-GRN,NO,1,0
NBAHD62205-GRY,NO,1,0
NBAHD62204-BLK3,NO,1,0
NBAHD62204-GRY,NO,1,0
NBAHD62204-BLK4,NO,1,0
NBAHD62203-GRY3,NO,1,0
NBAHD62204-BLK,NO,1,0
NBAHD62204-BLK2,NO,1,0
NBAHD62203-GRY,NO,1,0
NBAHD62203-PUR,NO,1,0
NBAHD62203-GRY2,NO,1,0
NBAHD62203-BLK,NO,1,0
NBAHD62203-BLU,NO,1,0
NBASW62204-BLK3,NO,1,0
NBASW62204-BLK4,NO,1,0
NBASW62204-BLK5,NO,1,0
NBASW62203-BLK2,NO,1,0
NBASW62204-BLK,NO,1,0
NBASW62204-BLK2,NO,1,0
NBASW62203-BLK,NO,1,0
NBASW62203-GRY,NO,1,0
NBATS52201-TUR,NO,1,0
NBATS52201-RED,NO,1,0
NBATS52201-BLK2,SI,1,0
NBATS52201-WHT,NO,1,0
NBAJK52203-BUR,NO,1,0
NBATS52201-BLK,NO,1,0
NBAJK52203-BLK,NO,1,0
NBAJK52203-GRY2,SI,1,0
NBAJK52203-BLK2,NO,1,0
NBAJK52203-GRY,NO,1,0
NBAJK52203-RED,NO,1,0
NBAJK52202-BLK4,NO,1,0
NBAJK52202-BLK5,NO,1,0
NBAJK52202-BLK6,NO,1,0
NBAJK52202-BLK3,NO,1,0
NBAJK52202-BUR,SI,3,0
NBAJK52202-BLK,NO,3,0
NBAJK52202-BLK2,NO,3,0
NBAJP52202-BLK2,NO,3,0
NBAJP52202-BLK3,NO,3,0
NBAJP52202-BLK4,NO,3,0
NBAJP52201-PUR,NO,3,0
NBAJP52202-BLK,NO,3,0
NBAJP52201-BLK3,SI,0,0
NBAJP52201-BLK4,SI,1,0
NBAJP52201-RED,NO,1,0
NBAHD52204-PUR,NO,1,0
NBAJP52201-BLK,SI,0,0
NBAJP52201-BLK2,SI,0,0
MLBSH32202-NVY,SI,12,0
MLBTT32202-NVY,SI,10,0
MLBTT32202-NVY2,SI,24,0
MLBTT32202-BLU,SI,25,0
UMTS518310-GRY,NO,25,0
UMTS518310-BLK,NO,25,0
UMSH518305-GRY,NO,25,0
UMSH518305-BLK,NO,25,0
UMSH518304-NVY,NO,25,0
UMSH518304-BLK,NO,25,0
UMJK518301-NVY,NO,25,0
UMJK518301-GRY,NO,25,0
81189U-FAFY,NO,25,0
81265U-FC7Y,NO,25,0
81265U-FC8Y,NO,25,0
81265U-FC6,NO,25,0
NBATT02208-WHT,NO,25,0
NBATT02201-WHT,NO,25,0
NBATT02208-BLK,NO,25,0
NBATS02206-WHT,NO,25,0
NBATS02207-WHT,SI,20,0
NBATS02207-BLK,SI,22,0
NBATT02201-BLK,NO,22,0
NBATS02204-GRY,NO,22,0
NBATS02204-WHT,NO,22,0
NBATS02205-LTU,NO,22,0
NBATS02205-PNK,NO,22,0
NBATS02206-BLK,NO,22,0
NBATS02202-BLK,SI,16,0
NBATS02202-BLK2,SI,16,0
NBATS02203-BLK,NO,16,0
GLTS52201-WHT,SI,2,0
BUDHD52203-GRN,NO,2,0
BUDTS52203-GRY,SI,19,0
BUDTS52204-BLU,NO,19,0
BUDTS52205-BLU,SI,16,0
BUDSH52202-BLU,NO,16,0
BUDTS52202-WHT,NO,16,0
BUDPT52201-BLK,NO,16,0
BUDHD52201-BLK,NO,16,0
BUDSH52201-BLK,NO,16,0
BUDTS52201-BLK,NO,16,0
UMJK522101-BLK,NO,16,0
MLBPT62201-BLK,SI,1,4
MLBPT62201-NVY,SI,15,4
MLBPT62201-BLK2,SI,1,4
JVPT32201-BLK,SI,18,0
JVTS32204-BLK,SI,9,0
JVTS32207-BLK,SI,0,0
JVHD32201-BLK,NO,0,0
JVTS32201-BLK,NO,0,0
JVJS32202-WHT,SI,24,0
MLBTT52201-BLK,NO,24,0
MLBSH52201-WHT,NO,24,0
MLBSH52201-BLK,NO,24,0
MLBJK52201-GRY,SI,7,6
MLBJK52201-NVY,NO,7,6
MLBJK52201-BLU,NO,7,6
MLBTT52201-WHT,NO,7,6
MLBJP52201-GRY,SI,0,6
MLBJP52201-NVY2,NO,0,6
MLBJP52202-NVY,NO,0,6
MLBJP52202-BLU,NO,0,6
MLBJP62201-BLU,SI,10,0
MLBJP62201-GRY2,SI,24,0
MLBJP62201-DGRY,NO,24,0
MLBPT62202-BLK,NO,24,0
MLBPT62202-NVY,SI,1,0
MLBPT62202-DGRY,NO,1,0
MLBJP62201-GRY,NO,1,0
MLBHD62205-DGRY,SI,0,0
MLBJK62201-DGRY,SI,6,0
MLBJK62201-NVY,SI,5,0
MLBJK62202-BLK,NO,5,0
MLBHD62204-DGRY,NO,5,0
MLBHD62204-GRY,NO,5,0
MLBHD62205-WHT,SI,0,0
MLBHD62205-BLU,SI,1,0
MLBHD62203-BLK,SI,0,0
MLBHD62203-DGRY,SI,5,0
MLBHD62203-BLU,NO,5,0
MLBJS62201-BLU2,SI,0,0
MLBTT62201-NVY,NO,0,0
MLBJS62201-WHT,SI,2,5
MLBJS62201-NVY,SI,2,5
MLBJS62201-WHT2,SI,0,0
MLBCT62202-WHT,NO,0,0
MLBCT62201-BLU2,SI,1,0
MLBCT62201-WHT,SI,1,0
MLBCT62202-NVY,SI,1,0
MLBCT62201-BLU,SI,1,0
MLBCT62201-GRY,SI,1,0
MLBTS62205-WHT2,NO,1,0
MLBTS62206-WHT,NO,1,0
MLBTS62206-PNK,NO,1,0
MLBTS62204-WHT,NO,1,0
MLBTS62205-BLK,SI,3,0
MLBTS62205-WHT,NO,3,0
NBATS02203-ORG,NO,3,0
NBATS02204-BLK,NO,3,0
NBAHD02201-BLK2,NO,3,0
NBAHD02202-BLK,NO,3,0
NBAHD02202-GRY,NO,3,0
NBATS02202-ORG,NO,3,0
NBAHD02201-ORG,SI,11,0
NBAHD02201-BLK,NO,11,0
MLBJP52202-NVY2,NO,11,0
MLBHD52203-NVY,NO,11,0
MLBHD52203-BLU2,NO,11,0
MLBHD52203-NVY2,SI,0,0
MLBJP52201-NVY,NO,0,0
MLBJP52201-LBL,SI,4,0
MLBHD52202-WHT,SI,0,6
MLBHD52202-NVY,SI,0,6
MLBHD52202-GRY,NO,0,6
MLBHD52201-NVY,NO,0,6
MLBHD52201-GRY,NO,0,6
MLBSW52202-WHT,SI,0,0
MLBSW52202-BLU,SI,0,0
MLBSW52202-NVY,SI,0,0
MLBHD52201-BLK,SI,0,6
MLBLS52203-BLK,SI,3,5
MLBLS52202-NVY,NO,3,5
MLBLS52201-NVY,NO,3,5
MLBLS52201-BLK,NO,3,5
MLBTS52205-NVY,NO,3,5
MLBTS52206-NVY,NO,3,5
MLBTS52206-RED,NO,3,5
MLBTS52206-BLU,NO,3,5
MLBTS52204-NVY,NO,3,5
MLBTS52204-BLU,SI,0,12
MLBTS52204-BLK2,NO,0,12
MLBTS52204-LBL,SI,0,14
MLBTS52203-BLK,SI,1,0
MLBTS52203-GRY,SI,0,0
MLBTS52204-NVY2,SI,34,38
MLBTS52201-BLU,NO,34,38
MLBTS52201-NVY2,NO,34,38
MLBTS52201-BLK,SI,3,7
MLBTS52202-NVY,SI,5,20
MLBTS52202-RED,NO,5,20
MLBTS52202-BLU,SI,0,6
MLBTS52201-NVY,NO,0,6
MLBTS52201-WHT,NO,0,6
MLBHD52205-BLU,NO,0,6
MLBJK52202-NVY,NO,0,6
MLBJK52202-NVY2,SI,7,6
MLBJK52202-BLU,SI,7,6
MLBHD52207-BLU,SI,0,0
MLBHD52205-BLK,NO,0,0
MLBHD52205-NVY2,NO,0,0
MLBHD52207-NVY,NO,0,0
MLBHD52207-NVY2,NO,0,0
MLBSH52202-NVY2,SI,15,0
MLBSH52202-NVY3,SI,14,0
MLBJS52201-NVY,SI,1,0
MLBJS52201-BLU,NO,1,0
MLBJS52201-NVY2,NO,1,0
MLBTT52202-NVY,NO,1,0
MLBTT52202-NVY2,NO,1,0
MLBTT52202-BLU,SI,22,0
MLBSH52202-NVY,SI,0,0
MLBTS52208-NVY,NO,0,0
MLBTS62205-NVY,SI,3,0
MLBTS62205-PNK,SI,8,0
MLBTS62204-BLK,NO,8,0
MLBTS62202-PNK,SI,20,0
MLBTS62203-BLK,SI,13,0
MLBTS62203-WHT,SI,11,0
MLBTS62201-WHT,NO,11,0
MLBTS62201-WHT2,NO,11,0
MLBTS62202-NVY,SI,8,0
MLBTS62201-NVY,SI,1,0
MLBTS62201-GRY,SI,1,0
JVPJ52201-BLK,SI,0,0
JVPJ52202-BLK,SI,0,0
BCPJ52202-NVY,SI,23,0
MLBPJ52202-GRY,SI,0,0
MLBPJ52202-BLU,SI,6,0
MLBPJ52202-BLU2,SI,3,0
BCPJ52201-NVY,SI,0,0
MLBPJ52201-GRY,SI,4,0
MLBPJ52201-BLU,SI,2,0
MLBPJ52201-BLU2,SI,7,0
BCPT52201-BLU,NO,7,0
BCPT52202-NVY,SI,1,0
NBAHD52204-RED,NO,1,0
NBAHD52204-BLK2,NO,1,0
NBAHD52204-BLK3,NO,1,0
NBAHD52203-BUR,NO,1,0
NBAHD52204-BLK,NO,1,0
NBAHD52203-PUR,NO,1,0
NBAHD52203-BLK2,NO,1,0
NBAHD52203-GRY2,NO,1,0
NBAHD52203-GRY,NO,1,0
NBAHD52203-BLK,NO,1,0
NBAHD52202-RED,NO,1,0
NBAHD52202-PUR,NO,1,0
NBAHD52203-RED,NO,1,0
NBAHD52202-BLK2,NO,1,0
NBAHD52202-BLU,NO,1,0
NBAHD52202-GRY,NO,1,0
NBAHD52201-GRY,NO,1,0
NBAHD52202-BLK,NO,1,0
NBAHD52201-BLK3,NO,1,0
NBAHD52201-BLK4,NO,1,0
NBAHD52201-BLK5,NO,1,0
NBAHD52201-BLK2,NO,1,0
NBAHD52201-BLU,NO,1,0
NBAHD52201-PUR,NO,1,0
NBAHD52201-BLK,NO,1,0
NBAHD52201-RED,NO,1,0
NBALS52202-PUR,NO,1,0
NBALS52202-BLK4,NO,1,0
NBALS52202-BUR,NO,1,0
NBALS52202-RED,NO,1,0
NBALS52202-BLK2,NO,1,0
NBALS52202-BLK3,NO,1,0
NBASW52201-GRY4,NO,1,0
NBALS52202-BLK,NO,1,0
NBASW52201-GRY,NO,1,0
NBASW52201-GRY2,NO,1,0
NBASW52201-GRY3,NO,1,0
NBASW52201-WHT,NO,1,0
NBASW52201-RED2,NO,1,0
NBASW52201-RED,NO,1,0
NBASW52201-YEL,NO,1,0
NBASW62208-PUR,NO,1,0
NBASW62208-GRY,NO,1,0
NBAJP62208-BLK,SI,0,0
NBAJP62208-BLK2,NO,0,0
NBAJP62208-BLK3,NO,0,0
NBACT62206-BLK,SI,27,0
NBASW62208-BLK,SI,13,0
NBACT62205-LPU,NO,13,0
NBACT62206-RED,NO,13,0
NBACT62206-PUR,SI,4,0
NBAJP62207-BLK,NO,4,0
NBAHD62207-LPU,NO,4,0
NBASW62206-GRY,SI,0,0
NBAJP62206-GRY,SI,10,0
NBASW62207-BLK,NO,10,0
NBASW62205-BLK,SI,1,0
NBAPT62204-BWN,SI,19,0
NBALS62202-GRY,SI,8,0
NBATS62209-GRY,SI,12,0
NBAHD62206-BLK,SI,0,0
NBAJP62205-BLK,SI,1,0
NBATS62208-BWN,SI,14,0
NBATS62207-BLK,SI,1,0
RMPJ52201-NVY,SI,0,0
RMPJ52202-NVY,SI,0,0
NBAPJ52202-PUR,SI,0,0
NBAPJ52202-GRY,SI,20,0
NBAPJ52202-BLK,SI,0,0
NBAPJ52201-RED,SI,3,0
NBAPJ52201-PUR,SI,4,0
NBAPJ52201-BLK,SI,0,0
NBAPJ52201-GRY,NO,0,0
NBAPJ52201-LBL,NO,0,0
NBAPJ52202-RED,SI,0,0
NBATT32203-BLU,NO,0,0
NBATT32203-PUR,SI,13,0
NBATT32203-BLK2,NO,13,0
NBATT32203-BLK,NO,13,0
NBATT32203-RED,NO,13,0
NBATS32207-YEL,NO,13,0
NBATS32205-BLK,SI,18,0
NBATS32205-YEL,SI,20,0
NBATS32204-BLK5,NO,20,0
NBAJK32204-GRN,NO,20,0
NBATS32204-BLK3,SI,9,0
NBATS32204-PUR,SI,22,0
NBATS32204-BLK4,NO,22,0
NBAJP32204-BLK4,NO,22,0
NBAJP32204-BLK5,NO,22,0
NBAJK32204-PUR,SI,0,0
NBAJK32204-GRY,SI,0,0
NBAJK32204-BLU,NO,0,0
NBAJP32203-BLK3,SI,0,0
NBAJP32203-BLK4,NO,0,0
NBAJP32204-BLK,NO,0,0
NBAJP32204-BLK2,NO,0,0
NBAJP32204-BLK3,NO,0,0
NBAHD32209-RED,SI,6,0
NBAHD32209-BLK2,SI,0,0
NBAJP32203-BLK,NO,0,0
NBAJP32203-BLK2,NO,0,0
NBAHD32208-BLU3,NO,0,0
NBAHD32209-BLK,NO,0,0
NBAHD32209-GRY,SI,3,0
NBACT62204-BLK3,NO,3,0
NBACT62204-BLK4,NO,3,0
RMPT52202-NVY,SI,0,0
RMPT52203-NVY,SI,6,0
RMPT52201-BLK,NO,6,0
RMSW52201-NVY,NO,6,0
RMSW52201-GRY,SI,0,0
RMHD52201-WHT,NO,0,0
RMHD52201-NVY,SI,12,0
RMJK52201-WHT,NO,12,0
RMJK52201-NVY,NO,12,0
RMJK52201-BLK,NO,12,0
RMPT52201-NVY,SI,2,0
RMPL52202-NVY,SI,17,0
RMPL52202-GRY,SI,1,0
RMPL52202-WHT,NO,1,0
RMJS52204-NVY,SI,5,0
RMJS52204-BLK,SI,2,0
RMSH52202-BLK,SI,1,0
RMSH52201-NVY,SI,23,0
RMSH52202-NVY,NO,23,0
RMPL52201-WHT,SI,0,0
RMPL52201-NVY,NO,0,0
RMLS52201-NVY,NO,0,0
RMLS52201-WHT,NO,0,0
RMSH52201-WHT,NO,0,0
RMJS52202-NVY,SI,3,0
RMJS52203-WHT,NO,3,0
RMJS52203-BLK,NO,3,0
RMJS52203-NVY,NO,3,0
RMJS52201-WHT,SI,1,0
RMJS52201-BLK,SI,1,0
RMJS52202-WHT,SI,0,0
RMJS52202-BEI,NO,0,0
RMPT32203-NVY,NO,0,0
RMJK32201-WHT,NO,0,0
RMJK32201-NVY,NO,0,0
RMPT32201-NVY,NO,0,0
RMHD32201-NVY,NO,0,0
RMSH32202-NVY,NO,0,0
RMSH32202-BLK,NO,0,0
RMJS32204-NVY,SI,15,0
RMJS32204-BLK,SI,16,0
RMJS32202-WHT,SI,1,0
RMJS32202-NVY,SI,2,0
RMJS32203-WHT,NO,2,0
RMJS32203-BLK,NO,2,0
RMJS32203-NVY,NO,2,0
RMJS32201-WHT,NO,2,0
RMJS32201-BLK,SI,7,0
NBATS32206-WHT,NO,7,0
NBATS32206-BLU,SI,4,0
NBATS32206-RED,SI,5,0
NBATS32206-BLK5,NO,5,0
NBATS32206-PUR,NO,5,0
NBATS32206-BLK3,SI,3,0
NBATS32206-BLK4,NO,3,0
NBATS32206-BLK,NO,3,0
NBATS32206-BLK2,SI,1,0
NBATS32206-GRN,NO,1,0
NBAHD32207-BLU2,SI,22,0
NBAHD32207-BLK4,NO,22,0
NBAHD32207-BLU3,NO,22,0
NBAHD32207-BLK5,SI,13,0
NBAHD32207-BLU,NO,13,0
NBAHD32207-BLK2,NO,13,0
NBAHD32207-LIL,NO,13,0
NBAHD32209-PUR,SI,14,0
NBAHD32209-BLU,SI,10,0
NBAHD32206-GRY,SI,17,0
NBAHD32206-GRN,NO,17,0
NBAHD32206-BUR,NO,17,0
NBAHD32208-BLU2,NO,17,0
NBAHD32206-BLU,SI,17,0
NBAHD32205-BLK3,SI,14,0
NBAHD32205-BLK4,NO,14,0
NBAHD32205-BLU,SI,18,0
NBAHD32206-RED,SI,11,0
NBAHD32206-PUR,SI,15,0
NBASW32203-YEL,NO,15,0
NBAHD32205-BLK,NO,15,0
NBAHD32205-BLK2,SI,0,0
NBASW32203-BLK,NO,0,0
NBASW32202-RED,NO,0,0
NBASW32202-PUR,SI,1,0
NBASW32202-GRN,NO,1,0
NBASW32202-GRY,NO,1,0
NBASW32202-BUR,NO,1,0
NBAJP62203-BLK,NO,1,0
NBAJP62203-GRY,NO,1,0
NBAJP62203-BLK2,NO,1,0
NBAPT32204-BLK2,NO,1,0
NBASW32207-BLK,NO,1,0
NBASW32207-BLK2,NO,1,0
NBAPT32204-BLK,NO,1,0
NBAPT32203-RED,NO,1,0
NBAPT32203-BLK2,SI,1,0
NBAJK32204-RED,SI,0,0
NBAHD32207-BLK3,SI,10,0
NBASW32206-RED,NO,10,0
NBASW32206-PUR,NO,10,0
NBAPT32203-BLK,NO,10,0
NBATS32205-BLK3,SI,17,0
NBATS32205-RED,SI,17,0
NBAHD32207-BLK,SI,14,0
NBAHD32207-PUR,SI,19,0
NBAHD32206-BLK2,NO,19,0
NBAPT32202-BLK,NO,19,0
NBAPT32202-BLK2,NO,19,0
NBAPT32202-PUR,NO,19,0
NBATS32207-BLK2,NO,19,0
NBASW32205-BLK,NO,19,0
NBASW32205-BLK2,NO,19,0
NBATS32207-RED,NO,19,0
NBATS32207-BLK,NO,19,0
NBATS32207-PUR,NO,19,0
NBAPT32201-BLK2,SI,0,0
NBAHD32205-RED,NO,0,0
NBAHD32205-PUR,SI,11,0
NBAPT32201-BLK,SI,2,0
NBAPT32201-RED,NO,2,0
NBAPT32201-PUR,NO,2,0
NIRSW62201-BLK,NO,2,0
NBATS32204-BLK,NO,2,0
NBATS32204-RED,SI,9,0
NIRTS62201-PNK,SI,13,0
NIRTS62202-GRN,SI,18,0
NIRCT62201-BLK,NO,18,0
NIRCT62202-BLK,SI,20,0
NIRTS52202-BLK,SI,13,0
NIRSW52201-BLK,SI,12,0
NIRTS62201-LBL,SI,5,0
NIRTS52201-WHT,NO,5,0
COCPJ62201-RED,SI,0,0
NBAHD32207-RED,SI,15,0
NBASH32201-BLK,SI,1,0
NBASH32201-BLK2,SI,3,0
NBASH32201-PUR,NO,3,0
NBATS32202-PUR,SI,3,0
NBATS32202-WHT,NO,3,0
NBATS32202-BLK4,SI,15,0
NBATS32201-BLK3,NO,15,0
NBATS32202-RED,NO,15,0
NBATS32202-BLK,NO,15,0
NBATS32202-BLK2,NO,15,0
NBATS32201-BLK,NO,15,0
NBATS32201-RED,NO,15,0
NBATS32201-BLK2,NO,15,0
NBATS32201-WHT,NO,15,0
NBATS32201-PUR,NO,15,0
NBAJP32201-BLK,NO,15,0
NBAJP32201-BLK2,NO,15,0
NBAJP32201-BLK3,NO,15,0
NBAJP32201-BLK4,NO,15,0
NBAJP32201-RED,NO,15,0
NBAJP32201-PUR,NO,15,0
NBAHD32201-BLK3,NO,15,0
NBAHD32203-RED,NO,15,0
NBAHD32203-BLK,SI,1,0
NBAHD32203-BLK2,SI,0,0
NBAHD32203-GRY2,NO,0,0
NBAHD32203-BUR,NO,0,0
NBAHD32201-BLK,NO,0,0
NBAHD32201-RED,NO,0,0
NBAHD32201-PUR,SI,0,0
B-SRS12WBP-BKC,NO,0,0
B-SRS12WBP-RY,NO,0,0
B-SRS17WBP-BK,NO,0,0
B-SRS17WBP-BKB,NO,0,0
B-SRS17WBP-NY,NO,0,0
B-SRSTT02WBP-NYA,NO,0,0
QC97Z-BRONET-BLK,NO,0,0
QC97Z-CHIBUL-RED,NO,0,0
B-SRSTT02WBP-RD,NO,0,0
NBAJK520164-BLK,NO,0,0
NBAJK520165-BLK,NO,0,0
NBAJK520166-BLK,NO,0,0
NBATS52001-BLK,NO,0,0
NBASH520424-BLK,NO,0,0
NBASH520424-RED,NO,0,0
NBASH520425-BLK,NO,0,0
NBASH520425-YEL,NO,0,0
NBASH320231-BLK,NO,0,0
NBASH320232-PUR,NO,0,0
NBASH320234-BLU,NO,0,0
NBATS320212-BLK,NO,0,0
NBATS320213-YEL,NO,0,0
NBATS320215-BLU,NO,0,0
NBATS320216-BLK,NO,0,0
NBATS320285-BLK,NO,0,0
NBATS320286-PUR,NO,0,0
NBATS320288-BLU,NO,0,0
NBATS320290-BLK,NO,0,0
NBAJK520267-BLK,NO,0,0
NBAJK520268-PUR,NO,0,0
NBAPT520279-BLK,NO,0,0
NBAPT52086-PUR,NO,0,0
NBAPT520287-BLK,NO,0,0
NFLHD52040-NVY,NO,0,0
NFLHD52042-BLK,NO,0,0
NFLHD52043-BLK,NO,0,0
NIRPJ62201-BLU,SI,0,0
HULTS52202-GRY,NO,0,0
FTPJ62201-PUR,SI,0,0
GYPJ62201-BLK,SI,0,0
ROCHD52201-BLK,SI,7,0
FTHD62201-GRY,NO,7,0
FTSW62201-PNK,NO,7,0
FTTS62204-PNK,NO,7,0
FTDR66601-WHT,NO,7,0
FTTS62201-GRY,NO,7,0
FTTS62203-ORN,NO,7,0
FTCT62201-GRN,NO,7,0
HULTS52201-YEL,SI,21,0
ROCTS52201-BLK,SI,12,0
ROCTS52201-BEI,SI,21,0
ROCTS52202-BLK,SI,1,0
WWETS52201-BLK,SI,1,0
WWEHD52201-BLK,SI,6,0
AUSLS52201-BLK,NO,6,0
UNDTS52201-BLK,NO,6,0
TRPJ52202-BLK,SI,0,0
FTPJ52201-NVY,SI,0,0
QC97Z-CLECAV-BUR,NO,0,0
QC97Z-GOLWAR-ROY,NO,0,0
B-STCLK02WBP-BK,NO,0,0
B-STCLK12WBP-BK,NO,0,0
B-STCLK17WBP-BK,NO,0,0
B-TNCMO17LAP-CC,NO,0,0
BY-PRSHT12WBP-RY,NO,0,0
BY-PRSHT17WBP-NY,NO,0,0
BY-PRSTT18WBP-WH,NO,0,0
NBATS519121-BLK,NO,0,0
NBATS519123-BLK,NO,0,0
NBATS519125-BLK,NO,0,0
NBAPT520285-BLK,NO,0,0
NBABN2019-BLK,NO,0,0
NBABN52007BLK,NO,0,0
NBATT52001-BLK,NO,0,0
NBATT52002-YLW,NO,0,0
NBATT52004-BLU,NO,0,0
NBATT52013-RED,NO,0,0
NBATT52003-BLU,NO,0,0
NBATT52006-GRN,NO,0,0
NBATT52005-RED,NO,0,0
NBATT52014-BLK,NO,0,0
NBATT52026-RED,NO,0,0
NBATT52015-YLW,NO,0,0
NBATT52017-BLU,NO,0,0
NBATT52041-RED,NO,0,0
NBATT52029-YLW,NO,0,0
NBATT52031-BLU,NO,0,0
NBATT32015-YLW,NO,0,0
NBATT32026-RED,NO,0,0
NBATT32029-YLW,NO,0,0
NBATT32031-BLU,NO,0,0
NBATT32041-RED,NO,0,0
NBATS520212-BLK,NO,0,0
NBATS520213-YEL,NO,0,0
NBATS520215-BLU,NO,0,0
NBATS520216-BLK,NO,0,0
NBATS520285-BLK,NO,0,0
NBATS520286-PUR,NO,0,0
NBATS520287-BLK,NO,0,0
NBATS520288-BLU,NO,0,0
NBATS520290-BLK,NO,0,0
NBASH520233-BLK,NO,0,0
NFLHD32040-NVY,SI,7,0
NBAJS520153-BLK,NO,7,0
NBATS520243-RED,NO,7,0
NBATS520244-YEL,NO,7,0
NBATS520244-PUR,NO,7,0
NBATS520246-BLK,NO,7,0
NBATS520247-BLK,NO,7,0
NBATS520248-BLK,NO,7,0
NBASH520162-BLK,NO,7,0
NBASH519102-BLK,SI,0,13
NBASH519104-BLK,NO,0,13
NBATT520297-BLK,NO,0,13
NBATT520298-PUR,NO,0,13
NBATT520301-BLK,NO,0,13
NBATS520291-BLK,NO,0,13
NBATS520292-PUR,NO,0,13
NBATS520293-BLK,NO,0,13
NBATS520295-BLK,NO,0,13
NFLJS52053-TUR,NO,0,13
NFLJS52055-RED,NO,0,13
NFLJS52058-BLK,NO,0,13
NFLJS52059-RED,NO,0,13
NFLJS52054-PUR,NO,0,13
NFLPL52060-NVY,NO,0,13
NFLPL52062-BLK,NO,0,13
NFLPL52063-RED,NO,0,13
NBAJS320153-BLK,NO,0,13
NBASH319104-BLK,NO,0,13
NBATS320243-RED,NO,0,13
NBATS320244-PUR,NO,0,13
NFLJS32053-TUR,SI,3,0
NFLJS32055-RED,SI,7,0
NFLJS32059-RED,SI,4,0
NFLJS32054-PUR,SI,8,0
NFLJS32056-BLU,SI,2,0
NFLTS519102-NVY,NO,2,0
NFLTS52001-NVY,NO,2,0
NFLTS52002-GRN,NO,2,0
NFLTS52009-BLU,NO,2,0
NFLTS52004-RED,NO,2,0
NFLTS52006-BLK,NO,2,0
NFLTS52008-NVY,NO,2,0
NFLTS52003-BLK,NO,2,0
NFLTS52014-NVY,NO,2,0
NFLTS52017-RED,NO,2,0
NFLTS52018-ROY,NO,2,0
NFLTS52019-BLK,NO,2,0
NFLTS52026-RED,NO,2,0
NFLTS52021-NVY,NO,2,0
NFLTS52022-NVY,NO,2,0
353J-300-FGYE8A,NO,2,0
353J-322-FGYCDR,NO,2,0
353J-328-FGYE8A,NO,2,0
353J-3B2-FGYAIV,NO,2,0
353J-CVW-FGYLBJ,NO,2,0
SMJYAC18-LALLTGD84,NO,2,0
SMJYGS18-LALPURP96,NO,2,0
SMJYGS18-OMABLCK94,NO,2,0
ADIHBG75-BLCKGLD,NO,2,0
ADIHBWG01-BLCKPNK,NO,2,0
ADISBG75-BLCKGOLD,NO,2,0
ADISBHG42-BLCKRED,NO,2,0
ADISCG42-BLCKGLD,NO,2,0
ADISCG42-PNKWHTE,NO,2,0
ADIBPKIT01S-BLACK,NO,2,0
NFLTS52036-NVY,NO,2,0
NFLTS52036-AQA,NO,2,0
NBASH520234-BLU,NO,2,0
NBASH520235-BLK,NO,2,0
NBASH520231-BLK,NO,2,0
NBASH520232-PUR,NO,2,0
NBAPL520255-BLK,NO,2,0
NBAPL520256-BLK,NO,2,0
NBAPL520249-RED,NO,2,0
NBAPL520250-PUR,NO,2,0
NBASH520303-RED,NO,2,0
NBASH520304-YLW,NO,2,0
NBASH520305-WHT,NO,2,0
ADIBPKITSMU-BLACK,NO,2,0
NBATS52029-PUR,NO,2,0
NBATS52028-RED,NO,2,0
NBATS52031-BLU,NO,2,0
NBATS52033-YLW,NO,2,0
NBATS52034-BLK,NO,2,0
NBATS520101-GRY,NO,2,0
NBATS52032-RED,NO,2,0
ADIH100-BLCKBLUE,NO,2,0
ADIH100-REDBLCK,NO,2,0
6HSSEF34-OMANYWH,NO,2,0
6HSSEF34-TRANYWH,NO,2,0
6HSSJS92-LALBLCK,NO,2,0
6HSSLY00-SKIBLCK,NO,2,0
6HSSMM22-BCEBKGY,NO,2,0
6HSSMM38-NYKBLCK,NO,2,0
6HSSMM58-SASBLCK,NO,2,0
6HSSMM80-GSWWHIT,NO,2,0
6HSSMM69-CCAMARO,NO,2,0
6HSSMM93-MTIDKGY,NO,2,0
NBATS52068-BLK,NO,2,0
ADISBG75-BLCKRED,NO,2,0
6HSSMM01-NYKGYHT,NO,2,0
ADISBG75-WHTEGLD,NO,2,0
ADISBG75-PNKWHTE,NO,2,0
6HSSMM05-SKIBLCK,NO,2,0
ADISBP014-BLCKGLD,NO,2,0
ADIBP10N,NO,2,0
6HSSNG01-TRAPURP,NO,2,0
ADISBAC18C-BLCKWHT,NO,2,0
ADIHWBG01-BLCKPNK,NO,2,0
BH78B5-LAL-L-HN7,NO,2,0
ADISBG50-BLCKGLD,NO,2,0
ADISBG50-BLCKRED,NO,2,0
BH78DD-MHE-K-IBA,NO,2,0
BH78DI-NYK-B-ID8,NO,2,0
RMB19431-NVY,NO,2,0
RMJS319231-WHT,NO,2,0
ADISBAC14-BLCKGLD,NO,2,0
ADISBP014-BLCKPNK,NO,2,0
ADIBAC11-BLACK,NO,2,0
ADISBAC14-BLCKRED,NO,2,0
ADIHDF100-BLCKPNK,NO,2,0
ADIJRW05-BLACK,NO,2,0
ADIHBWG01-BLCKGLD,NO,2,0
ADIH65-BLURED,NO,2,0
NBATS52035-BLU,NO,2,0
RM2PK319402-BLU,NO,2,0
NBATS520123-RED,NO,2,0
NBATS520122-PUR,NO,2,0
NBATS520129-PUR,NO,2,0
NBATS520130-RED,NO,2,0
NBATS520131-GRN,NO,2,0
NBATS520132-NVY,NO,2,0
NBATS520160-BLK,NO,2,0
NBATS520161-WHT,NO,2,0
NBATS520164-YEL,NO,2,0
NBATS520166-ROY,NO,2,0
NBATS520170-BLK,NO,2,0
RMTS519426-WHT,NO,2,0
RMTS519422-WHT,NO,2,0
RMTS319426-WHT,NO,2,0
RMTS319423-NVY,NO,2,0
RMJS52002-NVY,NO,2,0
RMJS52002-WHT,NO,2,0
RMJS519231-NVY,NO,2,0
RMJS519231-WHT,NO,2,0
RMJK519234-WHT,NO,2,0
RMJK52006-NVY,NO,2,0
RMPT52007-NVY,NO,2,0
RMJS32002-NVY,NO,2,0
RMJS32002-WHT,NO,2,0
RMJS319231-NVY,NO,2,0
RMJK319234-WHT,NO,2,0
RMJK32006-NVY,NO,2,0
RMPT32007-NVY,NO,2,0
ADIH50-BLCKWHT,NO,2,0
ADIH50-BLCKGLD8,NO,2,0
ADIBP03-RED,NO,2,0
ADIBP03-PINK,NO,2,0
ADIBP032-RED,NO,2,0
ADISBG75-REDBLKSI,NO,2,0
6HSSIF49-BCEBLCK,NO,2,0
6HSSIF49-BCEKYGN,NO,2,0
6HSSIF49-BCEWHIT,NO,2,0
6HSSIF49-BNEBLCK,NO,2,0
6HSSIF49-CBUBLCK,NO,2,0
6HSSIF49-CBUBLUE,NO,2,0
NFLTS52025-BLK,NO,2,0
NFLTS52015-BLK,NO,2,0
NFLTS52020-BLK,NO,2,0
NFLTS52027-NVY,NO,2,0
NFLTS52028-GRN,NO,2,0
NFLTS52029-BLK,NO,2,0
NFLTS52030-BLK,NO,2,0
NFLTS52030-RED,NO,2,0
NFLTS52035-BLK,NO,2,0
NBASW52012-BLK,NO,2,0
NBASW52007-YEL,NO,2,0
NBASW52008-BLK,NO,2,0
NBASW52016-GRY,NO,2,0
NFLSW520300-NVY,NO,2,0
6HSFJS03-CBURED1,NO,2,0
NBAHD520300-BLK,NO,2,0
NBAHD520301-BLK,NO,2,0
NBAHD520302-GRY,NO,2,0
NBAHD520303-YEL,NO,2,0
NBAPT520300-BLK,NO,2,0
NBAPT520301-BLK,NO,2,0
NBAPT520302-GRY,NO,2,0
NFLTS319104-NVY,NO,2,0
NFLTS32001-NVY,SI,17,0
NFLTS32017-RED,NO,17,0
BCJK52201-BLU,SI,23,0
BCJK52202-NVY,SI,0,0
BCTS52204-NVY,SI,2,0
BCPO52201-RED,NO,2,0
BCPO52202-NVY,SI,10,0
BCPO52202-PUR,NO,10,0
BCJK52201-RED,NO,10,0
BCTS52201-RED,NO,10,0
BCTS52202-BLU,SI,0,0
BCTS52202-BLK,NO,0,0
BCTS52203-NVY,SI,6,0
BCTT52201-BLU,NO,6,0
BCTS52201-BLK,SI,0,0
BCTS52201-BLU,SI,0,0
BCSH52203-BLU,SI,27,0
BCSH52203-RED,SI,0,0
BCJS52202-BLK,NO,0,0
BCJS52202-RED,NO,0,0
BCJS52203-BLU,SI,14,0
BCJS52201-BLU5,NO,14,0
BCSH52201-NVY,SI,0,0
BCSH52201-BLU,NO,0,0
BCSH52202-BLK,SI,9,0
BCJS52201-BLU,SI,24,0
BCJS52201-BLU2,NO,24,0
BCJS52201-BLU3,NO,24,0
BCJS52201-BLU4,NO,24,0
JVHD52203-BLK,SI,20,0
JVJK52201-BLK,SI,25,0
JVPT52201-BLK,NO,25,0
JVPT52202-BLK,NO,25,0
JVHD52202-GRY,NO,25,0
JVTS52206-BLK,NO,25,0
JVPO52201-BLK,SI,1,0
JVTS52207-BLK,SI,0,0
JVHD52201-BLK,SI,19,0
JVJS52204-BLK,SI,14,0
JVTS52203-BLK,NO,14,0
JVTS52204-BLK,SI,7,0
JVTS52205-BLK,NO,7,0
JVTT52202-BLK,SI,20,0
JVJS52201-BLK,NO,20,0
JVJS52202-WHT,NO,20,0
JVJS52203-WHT,NO,20,0
JVTS52201-BLK,SI,0,0
JVTS52202-WHT,NO,0,0
JVTS52202-BLK,NO,0,0
JVTT52201-GRY,NO,0,0
NASPJ62201-BLK,SI,36,0
NASPJ62202-PNK,SI,0,0
SPRPJ62201-GRY,SI,0,0
JLPJ62201-PNK,SI,0,0
PCPJ62201-PNK,SI,0,0
SMPJ62201-LBL,SI,0,0
KIPJ62201-GRY,SI,0,0
ACPJ62201-GRY,SI,0,0
CNPJ62201-BLU,SI,0,0
PCHD62201-BLK,SI,6,0
PCSW62201-BLK,NO,6,0
ACTS62201-BLK,SI,29,0
PCTS62201-LBL,SI,22,0
PCTS62202-GRY,NO,22,0
PCCT62201-BLK,NO,22,0
PCSH52201-BLU,NO,22,0
PCPT52201-BLK,NO,22,0
PCTS5SS02-BLK,NO,22,0
PCTS22503-GRY,SI,3,0
PCHD5SS01-LBL,NO,3,0
PCHD5SS01-BLU,SI,3,0
NASTS52203-DGRY,SI,11,0
NASTS52204-PUR,SI,12,0
PCTS52201-GRY,SI,22,0
PCTS52201-BLU,SI,0,0
NASJP52201-GRY,NO,0,0
NASJP52201-NVY,NO,0,0
NASHD52201-LBL,SI,20,0
NASTS52202-WHT,SI,4,0
NASTS52201-LBL,SI,34,0
NASHD52202-GRY,SI,20,0
NASHD52202-NVY,NO,20,0
NASSH52201-GRY,NO,20,0
NASSH52201-NVY,NO,20,0
ACTS52201-BLK,SI,13,0
NASWS52201-GRY,SI,19,0
NASWS52201-NVY,NO,19,0
ACTS52202-GRY,SI,23,0
ACSH52201-GRY,NO,23,0
ACCT62203-BLK,SI,20,0
ACTS62202-BLK,SI,32,0
ACCT62204-BLU,NO,32,0
ACJP62201-GRY,NO,32,0
ACCT62202-GRY,NO,32,0
ACCT62201-GRY,SI,26,0
ACTS62203-PNK,SI,26,0
ACSW62201-GRY,SI,15,0
ACHD62201-BLK,NO,15,0
ACTS62202-PUR,SI,33,0
NASSW62202-BLK,SI,26,0
NASHD62201-PNK,NO,26,0
NASTCT62205-PUR,SI,25,0
NASSW62201-BLK,SI,14,0
NASJP62202-NVY,NO,14,0
NASTS62202-WHT,SI,11,0
NASCT62202-GRY,NO,11,0
NASCT62203-PNK,SI,25,0
NASCT62204-WHT,NO,25,0
NASTS62201-BLU,SI,0,0
NASTS62201-PNK,SI,12,0
20619U-096,NO,12,0
20619U-157,NO,12,0
DSST361-RED,NO,12,0
UMCP5JM02-BLK,NO,12,0
UMCP5JM03-BLK,NO,12,0
UMCP5JM01-BLK,NO,12,0
DSES118334-PNK,NO,12,0
DSES118335-LIL,NO,12,0
DSCS118307-GRY,NO,12,0
DSSK118320-GRY,NO,12,0
DSCV118317-PNK,NO,12,0
DSCS118304-BLU,NO,12,0
DSCS118306-RED,NO,12,0
DSCS118311-BLK,NO,12,0
DSCV118316-BLK,NO,12,0
DSCS118302-NVY,NO,12,0
MLPDR418201-PNK,NO,12,0
UMPT5AL01-NVY,NO,12,0
UMCPTG01-WHT,NO,12,0
UMCPTG01-RED,NO,12,0
UMCPTG01-ROY,NO,12,0
UMCPTG01-BLK,NO,12,0
UMCPTG02-WHT,NO,12,0
UMCPTG02-RED,NO,12,0
UMCPTG02-ROY,NO,12,0
UMCPTG02-BLK,NO,12,0
MLBJS52022-NVY,NO,12,0
MLBSH52031-NVY,NO,12,0
MLBTS52024-NVY,NO,12,0
MLBTS52025-WHT,NO,12,0
MLBTS52025-NVY,NO,12,0
MLBTS52027-WHT,NO,12,0
MLBTS52028-NVY,NO,12,0
MLBTS52029-NVY,NO,12,0
MLBSH52032-NVY,NO,12,0
MLBJT319425-WHT,NO,12,0
MLBJT319426-NVY,NO,12,0
81658U-JLQY,NO,12,0
81658U-JM8Y,NO,12,0
MLBSH32028-NVY,NO,12,0
81658U-JM9Y,NO,12,0
81660U-JLQY,NO,12,0
81660U-JM8Y,NO,12,0
81660U-JM9Y,NO,12,0
81675U-JM8Y,NO,12,0
81677U-JLQY,NO,12,0
81677U-JM8Y,NO,12,0
81677U-JM9Y,NO,12,0
86138U-JLQY,NO,12,0
86138U-JPDY,NO,12,0
86138U-JSCY,NO,12,0
86142U-JLQY,NO,12,0
20978U-D88,NO,12,0
21123U-096,NO,12,0
MLBJK52031-WHT,NO,12,0
BCTS519422-NVY,NO,12,0
BCTS519422-GRY,NO,12,0
BCTS519423-RED,NO,12,0
BCPL52005-NVY,NO,12,0
BCTS319422-NVY,NO,12,0
BCTS319423-RED,NO,12,0
BCB19402-BLU,NO,12,0
JVB2014-BLK,NO,12,0
JVJS32020-BLK,NO,12,0
BC2PK319402-RED,NO,12,0
JVTS319422-WHT,NO,12,0
UMBK52002-BLK,NO,12,0
UMBK52002-NVY,NO,12,0
BCJS52001-BLU,NO,12,0
MLBTS52208-NVY2,SI,0,0
MLBTS52209-GRY,NO,0,0
MLBTS52209-NVY,NO,0,0
MLBTS52209-NVY2,SI,1,6
MLBTS52209-BLU,NO,1,6
MLBTS52207-BLK,SI,0,6
MLBTS52207-NVY,NO,0,6
MLBTS52207-BLU,NO,0,6
MLBTS52208-BLU,NO,0,6
BCPT32202-NVY,SI,12,0
BCJK32202-NVY,SI,0,0
BCTS32201-RED,NO,0,0
BCTS32204-NVY,NO,0,0
BCTS32201-BLU,NO,0,0
BCTS32201-BLK,NO,0,0
BCSH32203-RED,SI,0,0
BCJS32203-BLU,SI,25,0
BCJS32202-BLK,SI,1,0
BCJS32202-RED,SI,1,0
BCSH32203-BLU,SI,9,0
BCJS32201-BLU5,NO,9,0
BCSH32202-BLK,NO,9,0
BCJS32201-BLU2,NO,9,0
BCJS32201-BLU3,NO,9,0
BCJS32201-BLU4,SI,2,0
BCJS32201-BLU,NO,2,0
81270U-FC7Y,NO,2,0
81269U-FC7Y,NO,2,0
81189U-EZLY,NO,2,0
MLBJK519120-NVY,NO,2,0
MLBHD52034-NVY,NO,2,0
MLBHD52036-BLU,NO,2,0
MLBHD32034-NVY,NO,2,0
MLBTS520134-NVY,NO,2,0
MLBTS520134-WHT,NO,2,0
MLBTS320134-NVY,NO,2,0
MLBTS320134-WHT,NO,2,0
MLBTS320135-NVY,NO,2,0
MLBTS320136-NVY,NO,2,0
MLBTS320138-BLU,NO,2,0
MLBTS52006-WHT,NO,2,0
MLBTS52006-NVY,NO,2,0
MLBTS52007-NVY,NO,2,0
UMSG52001-NVY,NO,2,0
UMSG52001-GRY,NO,2,0
UMDB52001-BLK,NO,2,0
UMDB52001-NVY,NO,2,0
UMJS52004-BLK,NO,2,0
UMJS52004-BLU,NO,2,0
UMJS52014-BLK,NO,2,0
UMJS52014-GRY,NO,2,0
UMJS52015-BLK,NO,2,0
UMJS52015-WHT,NO,2,0
UMJS52015-BLU,NO,2,0
UMSLS52001-BLK,NO,2,0
UMSH52016-BLK,NO,2,0
UMSH52016-GRY,NO,2,0
UMSH52016-NVY,NO,2,0
UMPL52014-BLK,NO,2,0
UMPL52014-BLU,NO,2,0
UMPL52004-BLK,NO,2,0
UMPL52004-BLU,NO,2,0
UMJS52001-NVY,NO,2,0
UMJS52001-BLU,NO,2,0
UMJS52001-GRY,NO,2,0
UMJS52002-BLU,NO,2,0
UMJS52002-BLK,NO,2,0
BCJS52003-NVY,NO,2,0
BCJS52004-BLU,NO,2,0
JVTS319422-BLK,NO,2,0
BCJS52025-NVY,NO,2,0
BCJK52006-BLU,NO,2,0
BCPT52010-BLU,NO,2,0
BCJS32001-BLU,NO,2,0
BCJS32003-NVY,NO,2,0
BCJS32004-BLU,NO,2,0
BCJS32025-NVY,NO,2,0
BCJK32006-BLU,NO,2,0
BCPT32010-BLU,NO,2,0
JVJS52019-BLK,NO,2,0
JVJS52021-WHT,NO,2,0
JVJS52024-BLK,NO,2,0
JVPL52026-BLK,NO,2,0
JVJS32019-BLK,NO,2,0
UMBK52003-BLK,NO,2,0
UMBK52003-GRY,NO,2,0
UMWB52002-BLK,NO,2,0
UMWB52002-NVY,NO,2,0
UMWB52002-GRY,NO,2,0
UMSG52001-BLK,NO,2,0
NFLTS52033-NVY,NO,2,0
MLBHD520300-NVY,NO,2,0
MLBPT520300-NVY,NO,2,0
MLBTS52037-WHT,NO,2,0
MLBTS52037-BLK,NO,2,0
MLBTS52037-NVY,NO,2,0
MLBTS52038-WHT,NO,2,0
MLBTS52039-GRY,NO,2,0
MLBTS52039-WHT,NO,2,0
MLBTS52040-WHT,NO,2,0
MLBTS52040-NVY,NO,2,0
UMTS52011-ROY,NO,2,0
UMTS52012-GRY,NO,2,0
UMTS52013-BLK,NO,2,0
UMTS52014-BLK,NO,2,0
UMTS52015-GRY,NO,2,0
UMTS52016-GRY,NO,2,0
UMTS52017-NVY,NO,2,0
BGCS2003-WHT,NO,2,0
BGCS2004-WHT,NO,2,0
ESJS520201-NVY,NO,2,0
ESJS520203-NVY,NO,2,0
UMSH52030-NVY,NO,2,0
UMSH52030-BLK,NO,2,0
AGJS520201-ORG,NO,2,0
ESJS520202-NVY,NO,2,0
MLBTT52001-WHT,NO,2,0
MLBTT52001-NVY,NO,2,0
MLBTS52002-NVY,NO,2,0
MLBTS52002-WHT,SI,60,15
MLBTS52004-NVY,NO,60,15
MLBTS52005-BLU,NO,60,15
MLBTS32033-WHT,NO,60,15
MLBTS32033-BLK,NO,60,15
MLBTS32033-NVY,SI,8,0
MLBTS320117-NVY,NO,8,0
BGCS2001-WHT,NO,8,0
BGCS2002-WHT,NO,8,0
UMSH52030-GRY,NO,8,0
UMSH32030-BLK,NO,8,0
UMSH32030-NVY,NO,8,0
UMSH32030-GRY,NO,8,0
MLBTS32034-NVY,NO,8,0
MLBTS320118-NVY,NO,8,0
UMJS52003-BLU,NO,8,0
UMJS52003-GRY,NO,8,0
UMJS52003-BLK,NO,8,0
UMPL52001-BLK,NO,8,0
UMPL52001-BLU,NO,8,0
UMPL52001-GRY,NO,8,0
UMSH52002-BLK,NO,8,0
UMSH52002-GRN,NO,8,0
UMSH52002-GRY,NO,8,0
UMSH52002-NVY,NO,8,0
UMSH52003-NVY,NO,8,0
UMSH52003-BLK,NO,8,0
UMSH52003-GRY,NO,8,0
MLBTS52034-WHT,NO,8,0
MLBTS52035-GRY,NO,8,0
MLBTS52035-WHT,NO,8,0
CARPJ32026-BLU,NO,8,0
TSTS32027-NVY,NO,8,0
TSTS32028-RED,NO,8,0
TSTS32029-WHT,NO,8,0
TSTS32030-GRY,NO,8,0
TSPJ32031-BLU,SI,0,0
TSPJ32032-BLU,NO,0,0
UMJS32022-BLK,NO,0,0
MKTS32038-GRN,NO,0,0
MKTS32039-RED,NO,0,0
BCST320103-NVY,NO,0,0
BCST320100-NVY,NO,0,0
UMJS32022-TUR,NO,0,0
UMJS32022-GRY,NO,0,0
UMJS32024-BLU,NO,0,0
UMJS32024-LIM,NO,0,0
UMJS32029-BLK,NO,0,0
UMJS32029-TUR,NO,0,0
UMSH32031-BLK,NO,0,0
UMSH32031-NVY,NO,0,0
MCBK03161IOO1,NO,0,0
MCBK03161MG002,NO,0,0
MCBK03161SM001,NO,0,0
MCBK03161MG001,NO,0,0
MCBR03161MG001,NO,0,0
GMJS52002-BLK,NO,0,0
GMSH52002-BLK,NO,0,0
GMJS62002-BLK,NO,0,0
MLBJK520300-NVY,NO,0,0
MLBPD520300-NVY,NO,0,0
MLBSW52005-NVY,NO,0,0
JVJS52020-BLK,NO,0,0
MLBTS52020-NVY,NO,0,0
MLBTS52021-NVY,NO,0,0
MLBTS52021-WHT,NO,0,0
MLBTS52022-ROY,NO,0,0
CARPJ320205-RED,NO,0,0
MLBTS52032-WHT,NO,0,0
MLBTS52032-BLU,NO,0,0
MLBTS52032-GRY,NO,0,0
MLBTS52033-WHT,NO,0,0
MLBTS52033-BLK,NO,0,0
MLBTS52033-NVY,NO,0,0
OLJS51979-WHT,NO,0,0
MLBTS52034-NVY,NO,0,0
UMTS32011-ROY,NO,0,0
UMTS32012-GRY,NO,0,0
UMTS32013-BLK,NO,0,0
NFLTS32015-BLK,NO,0,0
NFLTS32016-BLK,NO,0,0
NFLTS32019-BLK,NO,0,0
NFLTS32025-BLK,NO,0,0
NFLTS32026-RED,NO,0,0
NFLTS32027-BLK,NO,0,0
NFLTS32027-NVY,SI,8,0
NFLTS32030-RED,NO,8,0
NBATS520115-PUR,NO,8,0
NBATS520116-BLK,NO,8,0
NFLTS52039-RED,NO,8,0
NFLTS52039-BLK,NO,8,0
NFLTS52037-PUR,NO,8,0
NFLTS52031-BLU,NO,8,0
NFLTS52032-BLK,NO,8,0
NFLTS52033-GRN,NO,8,0
RMHD52058-NVY,NO,8,0
ADIBP03-BLACK,NO,8,0
NBAESH521907-BLK,NO,8,0
ADIH50-BLCKRED,NO,8,0
ADISBG50-BLKWTH,NO,8,0
SWTS32033-GRN,NO,8,0
SWTS32034-BLK,NO,8,0
SWTS32035-BLK,NO,8,0
SWPJ32036-NVY,NO,8,0
SWPJ32037-NVY,NO,8,0
RMST320102-WHT,NO,8,0
RMST320101-WHT,NO,8,0
6HSSIF49-CBUCABE,NO,8,0
6HSSIF49-CBUGREN,NO,8,0
6HSSIF49-CBULTBL,NO,8,0
6HSSIF49-CBULTPR,NO,8,0
6HSSIF49-CBUPINK,NO,8,0
6HSSIF49-CBURED1,NO,8,0
6HSSIF49-CBUROYA,NO,8,0
ADISBG50-BLKWHT12,NO,8,0
ADISBG50-BLKWHT14,NO,8,0
6HSSIF49-CBUWHIT,NO,8,0
6HSSIF49-CBUYELL,NO,8,0
6HSSIF49-CHODKYW,NO,8,0
ADISBG50-YEL8,NO,8,0
6HSSIF49-CHOWHIT,NO,8,0
6HSSIF49-GSWROYA,NO,8,0
6HSSIF49-HRORED1,NO,8,0
NBAPD520300-BLK,NO,8,0
NBAPD520301-BLK,NO,8,0
6HSSIF49-LALBLCK,NO,8,0
NFLPD520300-NVY,NO,8,0
6HSSIF49-LALPURP,NO,8,0
6HSSIF49-LALWHIT,NO,8,0
6HSSIF49-LALYELL,NO,8,0
6HSSIF49-NYKROYA,NO,8,0
6HSSIF49-OCTORAN,NO,8,0
6HSSIF49-P76BLCK,NO,8,0
6HSSIF49-P76RED1,NO,8,0
6HSSIF49-P76WHIT,NO,8,0
6HSSIF49-SASBLCK,NO,8,0
6HSSIF49-SASGREY,NO,8,0
6HSSIF49-TRABLCK,NO,8,0
6HSSIF49-TRAPURP,NO,8,0
6HSSIF49-TRARED1,NO,8,0
NBASC52002-BLK,NO,8,0
NBASC52008-BLK,NO,8,0
NBASC52009-BLK,NO,8,0
NFLSC52002-BLK,NO,8,0
NBABN52001-BLK,NO,8,0
NBABN52005-BLK,NO,8,0
NBABN52007-BLK,SI,0,0
NFLBN2001-NVY,NO,0,0
NBABN52008-BLK,NO,0,0
NFLBN52002-NVY,NO,0,0
NBASW52011-RED,NO,0,0
NBATS520261-BLK,NO,0,0
NFLHD519401-NVY,NO,0,0
NBATS520262-PUR,NO,0,0
NBATS520263-BLK,NO,0,0
NBATS520264-BLU,NO,0,0
NBATS52024-BLK,NO,0,0
NBATS52025-BLK,NO,0,0
NBATS520207-GRY,NO,0,0
NBATS520208-BLK,NO,0,0
NBATS52030-WHT,NO,0,0
NBATS520209-BLU,NO,0,0
NBATS520210-BLK,NO,0,0
NBATS519137-BLK,NO,0,0
NBATS520151-BLK,NO,0,0
NBATS520475-BLU,NO,0,0
NBATS519141-RED,NO,0,0
NBATS520136-BLK,NO,0,0
NBATS520136-RED,NO,0,0
NBATS520137-BLK,NO,0,0
NBATS520137-YLW,NO,0,0
NBATS520138-BLK,NO,0,0
NBATS520138-BLU,NO,0,0
NBATS520139-BLK,NO,0,0
NBATS520140-WHT,NO,0,0
NBATS520141-RED,NO,0,0
NBATS520142-BLK,NO,0,0
NBASW52005-BLK,NO,0,0
NBATS52018-BLK,NO,0,0
NBATS52019-BLK,NO,0,0
NBAHD519411-RED,NO,0,0
NBATS52020-BLK,NO,0,0
NBATS52021-BLK,NO,0,0
NBAHD519412-BLK,NO,0,0
NBATS52022-BLK,NO,0,0
NBATS520224-RED,NO,0,0
NBAHD519411-BLK,NO,0,0
NBATS520200-BLK,NO,0,0
NBATS520201-PUR,NO,0,0
NBAHD520306-BLK,NO,0,0
NBATS520202-WHT,NO,0,0
NBATS520203-BLU,NO,0,0
NBAHD519407-BLK,NO,0,0
NBATS520204-GRN,NO,0,0
NBATS520206-RED,NO,0,0
NBAHD519409-GRY,NO,0,0
NBATS520134-GRY,NO,0,0
NBAJK520144-BLK,NO,0,0
NBAJK520148-BLK,NO,0,0
NBAJK520143-PUR,NO,0,0
NBAPT520150-PUR,NO,0,0
NBAPT520151-BLK,NO,0,0
NBAPT520155-BLK,NO,0,0
NBATS520225-BLK,NO,0,0
NBATS520226-BLK,NO,0,0
NBATS520227-BLU,NO,0,0
NBAHD519406-RED,NO,0,0
NBAHD520305-BLK,NO,0,0
NBATS520228-BLK,NO,0,0
NBATS520142-RED,NO,0,0
NBATS520142-WHT,NO,0,0
NBATS520143-YLW,NO,0,0
NBATS520143-PUR,NO,0,0
NBATS520144-BLU,NO,0,0
NBATS520146-BLK,NO,0,0
NBATS520145-GRN,NO,0,0
NBATS520145-WHT,NO,0,0
NBATS520146-WHT,NO,0,0
NBAHD520237-BLK,NO,0,0
NBAHD520238-BLK,NO,0,0
NBAHD520240-BLU,NO,0,0
NBATS52023-BLK,NO,0,0
NBATS5201330-BLK,NO,0,0
NBATS520265-BLK,NO,0,0
NBATS520309-BLK,NO,0,0
NBATS520310-BLK,NO,0,0
NBATS520311-BLK,NO,0,0
NBATS520312-BLK,NO,0,0
NBATS520313-BLK,NO,0,0
6HSFJS03-HRORED1,NO,0,0
6HSFJS19-CBUBLCK,NO,0,0
6HSSEF25-GSWROYA,NO,0,0
6HSSEF26-CBUPTBK,NO,0,0
6HSSEF26-TRAPTBK,NO,0,0
6HSSEF42-BCEPTBK,NO,0,0
6HSSEF42-CBUPTBK,NO,0,0
6HSSEF42-LALPTBK,NO,0,0
6HSSEF42-P76PTBK,NO,0,0
6HSSMM27-DMABLCK,NO,0,0
6HSSMM27-HROBLCK,NO,0,0
6HSSMM58-HRORED1,NO,0,0
6HSSMM60-SASBLCK,NO,0,0
6HSSMM01-MTIGYHT,NO,0,0
6HSSMM06-DMABLCK,NO,0,0
6HSSMM06-HROBLCK,NO,0,0
6LUOJS67-BCEBLCK,NO,0,0
6LUOJS67-CBUBLCK,NO,0,0
6LUOJS67-LALBLCK,NO,0,0
6MSSJS93-HROBLCK,NO,0,0
6MUSEY12-P76LTBL,NO,0,0
BH7117-P76-R-NL8,NO,0,0
BH7229-GSW-2T-814,NO,0,0
BH788X-GSW-2T-G5M,NO,0,0
NJ16Z-MTC-5SWARR,NO,0,0
NZ979-TPC-5SWARR,NO,0,0
SH78DJ-LAF-K-IDJ,NO,0,0
SH78DQ-AUN-K-GAA,NO,0,0
SH78DQ-DCU-K-IGB,NO,0,0
SH78DQ-NYC-B-IGF,NO,0,0
VR27Z-MTC-3ATLUN,NO,0,0
ADICL01B-BLCKWHT,NO,0,0
ADICL01B-BLCKGLD,NO,0,0
ADICL01B-WHTBLCK,NO,0,0
ADICL01B-GRNGLD,NO,0,0
ADICL02B-BLCKGLD,NO,0,0
ADICL04B-BLCKWHT,NO,0,0
ADICL04B-BLCKGLD,NO,0,0
UMTS32015-GRY,NO,0,0
UMTS32016-GRY,NO,0,0
UMTS32017-NVY,NO,0,0
MLBTS32006-WHT,NO,0,0
MLBTS32006-NVY,NO,0,0
MLBTS32007-NVY,NO,0,0
MLBTS32002-NVY,NO,0,0
MLBTS32002-WHT,SI,26,16
MLBTS320115-BLU,NO,26,16
MLBTS320116-BLU,SI,1,0
MLBTS32005-BLU,NO,1,0
UMJK520201-NVY,NO,1,0
MLBHD519412-NVY,NO,1,0
MLBHD519412-GRY,NO,1,0
LQMWRM1SU20-RED,NO,1,0
81598U-JC6Y,NO,1,0
81612U-C44Y,NO,1,0
81612U-JC6Y,NO,1,0
BCCC20033-NVY,NO,1,0
BCSTG20017-NVY,NO,1,0
MCTS318119-NVY,NO,1,0
20896U-FA3,NO,1,0
20812U-EXV,NO,1,0
20812U-FD7,NO,1,0
20812U-FD8,NO,1,0
81269U-FC8,NO,1,0
20812U-STT,NO,1,0
81188U-EZL,NO,1,0
81189U-EZL,NO,1,0
20813U-EXV,NO,1,0
81267U-FC7,NO,1,0
81189U-FAF,NO,1,0
20813U-FD7,NO,1,0
81269U-FC5,NO,1,0
81269U-FC6,NO,1,0
20813U-FD8,NO,1,0
81188U-FAF,NO,1,0
81240U-FBW,NO,1,0
20813U-STT,NO,1,0
SMW001,NO,1,0
SMW002,NO,1,0
SMW003,NO,1,0
MLPPJ419109-PNK,NO,1,0
VPTS419403-WHT,NO,1,0
VPTS419403-GRY,NO,1,0
VPPJ419406-FUC,NO,1,0
VPPJ419407-PNK,NO,1,0
VPPJ419408-PNK,NO,1,0
BIATS419401-TUR,NO,1,0
BIAPJ419402-BLK,NO,1,0
MCPJ319119-BLU,NO,1,0
MCTS319149-NVY,NO,1,0
MCTS319149-RED,NO,1,0
MCTS319104-BLU,NO,1,0
MCTS319106-RED,NO,1,0
MCST319111-BLU,NO,1,0
CATS319401-NVY,NO,1,0
CATS319402-ROY,NO,1,0
CAST319401-ROY,NO,1,0
CAST319403-NVY,NO,1,0
CASW319402-NVY,NO,1,0
CAJK319401-NVY,NO,1,0
CASB319401-RED,NO,1,0
CASB319403-NVY,NO,1,0
VPSB419410-LIL,NO,1,0
VPSB419412-TUR,NO,1,0
BIASB419401-PNK,NO,1,0
THELINEHD04-PUR,NO,1,0
THELINETS05-PNK,NO,1,0
THELINETS04-PNK,NO,1,0
UMTS52001-BLK,NO,1,0
UMTS52002-GRY,NO,1,0
UMTS52003-NVY,NO,1,0
UMTS52004-WHT,NO,1,0
UMTS52005-TUR,NO,1,0
UMTS52006-BLK,NO,1,0
UMTS52007-GRY,NO,1,0
UMTS52008-NVY,NO,1,0
UMTS52009-WHT,NO,1,0
UMTS52010-TUR,NO,1,0
UMTS32001-BLK,NO,1,0
UMTS32002-GRY,NO,1,0
UMTS32003-NVY,NO,1,0
UMTS32004-WHT,NO,1,0
UMTS32005-TUR,NO,1,0
21022U-JCK,NO,1,0
21063U-JCK,NO,1,0
BCSB518101-BLU,NO,1,0
BCSB518102-NVY,NO,1,0
BCSB518103-BLU,NO,1,0
BCSB518104-BLU,NO,1,0
SPSK181013-BLK,NO,1,0
MCSH317206-BLK,NO,1,0
MCSH317207-NVY,NO,1,0
ADICL04B-GRNGLD,NO,1,0
ADICL05B-BLCKGLD,NO,1,0
NBATS519144-BLK,NO,1,0
NBATS519106-BLK,NO,1,0
NBATS519108-BLK,NO,1,0
NBATS519109-BLK,NO,1,0
NBATS519110-BLK,NO,1,0
NBATS519111-YEL,NO,1,0
NBATS519112-BLK,NO,1,0
NBATS519113-RED,NO,1,0
NBATS519114-ROY,NO,1,0
NBATS519115-GRN,NO,1,0
NBATS519142-BLK,NO,1,0
NBATS519138-BLK,NO,1,0
NBATS519141-BLK,NO,1,0
NBATS519140-NVY,NO,1,0
NBATS519126-RED,NO,1,0
NBATS519132-ROY,NO,1,0
NBATS519129-GRY,NO,1,0
NBATS519133-YEL,NO,1,0
NBATS519157-WHT,NO,1,0
NBATS519157-BLK,NO,1,0
NBATS519158-BLK,NO,1,0
NBATS520131-BLK,NO,1,0
NBATS520131-PUR,NO,1,0
NBATS520132-BLK,NO,1,0
NBATS520132-BLU,NO,1,0
NBATS520133-GRN,NO,1,0
NBATS520134-BLK,NO,1,0
NBATS520135-BLK,NO,1,0
NBATS520154-BLK,NO,1,0
NBATS520154-GRY,NO,1,0
NBATS520155-YEL,NO,1,0
RMBK20001-NVY,NO,1,0
RMLG20004-NVY,NO,1,0
RMCC20005-NVY,NO,1,0
RMSTG20007-NVY,NO,1,0
SWTS318103-GRY,NO,1,0
SWST318104-NVY,NO,1,0
SWTS318101-BLK,NO,1,0
RMJS517207-BLK,NO,1,0
RMJS517207-NVY,NO,1,0
SWW001,NO,1,0
SWW002,NO,1,0
SWW003,NO,1,0
RMJS517207-WHT,NO,1,0
RMJS517208-BLK,NO,1,0
RMJS517208-NVY,NO,1,0
RMJS517208-WHT,NO,1,0
RMJS5172010-NVY,NO,1,0
RMJS5172010-WHT,NO,1,0
RMSB318202-BLU,NO,1,0
NBATS519159-BLK,NO,1,0
NBATS519401-BLK,NO,1,0
NBATS519402-BLK,NO,1,0
NBATS519152-PUR,NO,1,0
6HSSMM60-HROBLCK,NO,1,0
BH78DX-GSW-G-IIA,NO,1,0
NBATS519154-RED,NO,1,0
BH78DX-OCT-G-IIH,NO,1,0
6HSSMM57-TRARED1,NO,1,0
NBATS519156-GRN,NO,1,0
XZB84-CAM-5BULLS,NO,1,0
BH78DD-AHA-K-IB1,NO,1,0
NBATS519000-BLU,SI,0,0
6HSSMM64-CBUBLCK,NO,0,0
NT78Z-TSC-5WARR,NO,0,0
NBATS519121-PUR,NO,0,0
NBATS519124-BLK,NO,0,0
NBATS519125-BLU,NO,0,0
NBATS519126-GRN,NO,0,0
NBAJS519116-BLK,NO,0,0
NBAJS519117-PUR,NO,0,0
NBAJS519117-YEL,NO,0,0
NBAJS519118-ROY,NO,0,0
NBAJS519118-WHT,NO,0,0
NBAJS519119-BLK,NO,0,0
NBAJS519119-WHT,NO,0,0
NBAJS519119-RED,NO,0,0
NBAJS519120-GRN,NO,0,0
NBAJS519144-NVY,NO,0,0
NBAJS519145-BLK,NO,0,0
NBAJS519401-BLK,NO,0,0
NBAJS519403-BLK,NO,0,0
NBAJS519404-GRN,NO,0,0
NBAJS519405-ROY,NO,0,0
NBAJS519406-YEL,NO,0,0
NBAJS519430-PUR,NO,0,0
NBAJS519434-BLK,NO,0,0
NBAJS519435-BLK,NO,0,0
NBATS519159-WHT,NO,0,0
6HSSMO16-BNEBLCK,NO,0,0
6HSSMO16-CBUBLCK,NO,0,0
6HSSMO16-CBURED1,NO,0,0
6HSSMO16-CHOBLCK,NO,0,0
6HSSMO16-CHOWHIT,NO,0,0
6HSSMO16-GSWROYA,NO,0,0
6HSSMO16-HROWHIT,NO,0,0
6HSSMO16-LALPURP,NO,0,0
6HSSMO16-LALWHIT,NO,0,0
6HSSMO16-SASWHIT,NO,0,0
6HSSMO15-BCEWHIT,NO,0,0
6HSSMO15-CBUWHIT,NO,0,0
6HSSMO15-CHOWHIT,NO,0,0
6HSSMO15-HROWHIT,NO,0,0
BH77RQ-SAS-2T-FNU,NO,0,0
TFSK18201-RED,NO,0,0
SWSH317202-BLK,NO,0,0
SWSH317203-NVY,NO,0,0
SWSH317204-BLK,NO,0,0
SWSH317205-NVY,NO,0,0
6HSSMO18-BCEDKYW,NO,0,0
NBATS519470-BLK,NO,0,0
NBATS519471-BLK,NO,0,0
NBATS519472-BLK,NO,0,0
NBATS519101-YEL,SI,0,0
NBATS519103-RED,SI,0,0
NBATS519154-BLK,NO,0,0
NBAJK519101-BLK,NO,0,0
NBAJK519101-RED,NO,0,0
NBAJK519103-ROY,NO,0,0
NBAJK519107-BLK,NO,0,0
NBAJK519110-BLK,NO,0,0
NBATS519106-GRY,SI,0,0
NBATS519127-YEL,NO,0,0
NBATS519129-WHT,NO,0,0
NBATS519131-GRN,NO,0,0
NBATS519108-WHT,NO,0,0
NBAJS519450-PUR,NO,0,0
NBAJS519451-RED,NO,0,0
NBASH519452-BLK,NO,0,0
NBASH519453-BLK,NO,0,0
NFLHD519101-NVY,NO,0,0
NFLHD519105-GRN,NO,0,0
NBASH519460-BLK,NO,0,0
NFLHD519107-BLK,NO,0,0
NFLHD519108-BLK,NO,0,0
NBATS519454-RED,NO,0,0
NFLJS519101-NVY,NO,0,0
NFLJS519102-NVY,NO,0,0
NBATS519455-BLK,NO,0,0
NBATS519456-PUR,NO,0,0
NBAPL519457-WHT,NO,0,0
NBAPL519458-PUR,NO,0,0
NBAPL519459-BLK,NO,0,0
NFLJS519104-AQU,NO,0,0
NFLJS519105-BLK,NO,0,0
NFLJS519107-BLK,NO,0,0
NFLJS519108-BLK,NO,0,0
NFLTS519101-NVY,NO,0,0
NFLTS519104-AQU,NO,0,0
NFLTS519104-NVY,NO,0,0
NFLTS519105-BLK,NO,0,0
NFLTS519107-BLK,NO,0,0
NFLTS519108-BLK,NO,0,0
NFLHD319101-NVY,NO,0,0
NFLHD319105-GRN,NO,0,0
NBAJS519431-BLK,NO,0,0
NBAJS519432-BLK,NO,0,0
NBAJS519436-BLK,SI,1,0
NBAJS519437-BLK,NO,1,0
NBATS319111-YEL,NO,1,0
NBATS319112-BLK,NO,1,0
NBATS319113-RED,NO,1,0
NBATS319114-ROY,NO,1,0
NBATS319115-GRN,NO,1,0
NBATS319142-BLK,NO,1,0
NBATS319126-RED,NO,1,0
NBATS319132-ROY,NO,1,0
NBATS319129-GRY,NO,1,0
NBATS319133-YEL,NO,1,0
NBAJS319116-BLK,SI,4,0
NBAJS319117-PUR,NO,4,0
NBAJS319117-YEL,NO,4,0
NBAJS319118-ROY,SI,8,0
NBAJS319118-WHT,NO,8,0
NBAJS319119-BLK,SI,1,0
NBAJS319119-WHT,NO,1,0
NBAJS319119-RED,SI,1,0
NBAJS319120-GRN,NO,1,0
NBAJS319144-NVY,SI,13,0
NBAJS319145-BLK,NO,13,0
NBAJK519401-BLK,NO,13,0
NBAJK519402-BLK,NO,13,0
NBAJK519404-ROY,NO,13,0
NBAJK519405-BLK,NO,13,0
LFTS319101-NVY,NO,13,0
6HSSMO18-BCEWHGN,NO,13,0
6HSSMO18-CBUBKRD,NO,13,0
6HSSMO18-CBUBLCK,NO,13,0
6HSSMO18-CBUDKYW,NO,13,0
NBATS520155-PUR,NO,13,0
NBATS520155-GRY,NO,13,0
NBATS52050-BLK,NO,13,0
NBATS52050-GRY,NO,13,0
NBATS520351-YLW,NO,13,0
NBATS520351-GRY,NO,13,0
NBATS520352-BLK,NO,13,0
NBATS520354-BLK,NO,13,0
NBATS520355-GRY,NO,13,0
NBATS520418-BLK,NO,13,0
NBATS520418-RED,NO,13,0
NBATS520419-PUR,NO,13,0
NBATS520419-YEL,NO,13,0
NBATS520437-RED,NO,13,0
NBATS520438-BLK,NO,13,0
NBATS520439-YLW,NO,13,0
NBASH520460-BLK,NO,13,0
NBASH520459-RED,NO,13,0
NBASH520461-YLW,NO,13,0
NBAPT520466-BLK,NO,13,0
NBATS52060-BLK,NO,13,0
NBATS52068-RED,NO,13,0
NBATS520104-BLK,NO,13,0
NBATS520104-WHT,NO,13,0
6HSSMO19-LALYLBK,NO,13,0
6HSSMO19-PTBBKRD,NO,13,0
6HSSMO18-SASWHIT,NO,13,0
6HSSMO77-LALPRBK,NO,13,0
6HSSMO77-LALWHPR,NO,13,0
6HSSMO18-BCEGREN,NO,13,0
6HSSMO92-BCEGREN,NO,13,0
6HSSMO92-BCEKGWH,NO,13,0
6HSSMO18-CBURED1,NO,13,0
6HSSMO92-BCEWHGN,NO,13,0
6HSSMO92-BCEWHIT,NO,13,0
6HSSMO18-PTBSCWH,NO,13,0
6HSSMO19-LALPRBK,NO,13,0
6HSSMO19-LALPRWH,NO,13,0
6HSSMO92-CBUBLCK,NO,13,0
6HSSMO92-CBURDBK,NO,13,0
6HSSMO92-CBURED1,NO,13,0
6HSSMO92-CBUSCWH,NO,13,0
6HSSMO92-CBUWHIT,NO,13,0
6HSSMO92-CBUWHRD,NO,13,0
6HSSMO92-LALBLCK,NO,13,0
6HSSMO92-LALDKPR,NO,13,0
6HSSMO92-LALPRBK,NO,13,0
6HSSMO92-LALWHIT,NO,13,0
6HSSMO92-LALWHPR,NO,13,0
6HSSMO92-LALYWPR,NO,13,0
6HSSMO92-PTBRDBK,NO,13,0
6HSSMO92-PTBWHRD,NO,13,0
6HSSTD11-BNEBLCK,NO,13,0
6HSSTD11-CBUGREY,NO,13,0
6HSSTD11-CBUGYBK,NO,13,0
6HSSTD11-CBULTBL,NO,13,0
6HSSTD11-CBULTPK,NO,13,0
6HSSTD11-CBUORAN,NO,13,0
6HSSTD11-CBUPINK,NO,13,0
6HSSTD11-CBUSKBL,NO,13,0
6HSSTD11-CBUWHIT,NO,13,0
6HSSTD11-CHOHBWH,NO,13,0
6HSSTD11-GSWROYA,NO,13,0
6HSSTD11-LALYELL,NO,13,0
6HSSTD84-P76KHAK,NO,13,0
6HSSBC65-CBUDKRD,NO,13,0
6HSSBC65-CBULTBL,NO,13,0
6HSSBC65-CBULTPK,NO,13,0
6HSSBC65-CBURED1,NO,13,0
6HSSBC65-CBUWHIT,NO,13,0
6HSSBC65-LALBLCK,NO,13,0
6HSSBC65-LALCREA,NO,13,0
6HSSBC65-LALDKYW,NO,13,0
6HSSBC65-LALWHIT,NO,13,0
6HSSBC65-SASBLCK,NO,13,0
RMPL519225-WHT,NO,13,0
RMJK519227-WHT,NO,13,0
RMJK519227-NVY,NO,13,0
RMPT519228-NVY,NO,13,0
RMJS319201-BLK,NO,13,0
RMJS319201-WHT,NO,13,0
RMSH319202-BLK,NO,13,0
RMJS319210-BLK,NO,13,0
RMJS319211-BLK,NO,13,0
RMSH319213-BLK,NO,13,0
RMJS319401-NVY,NO,13,0
6HSSBC83-CBURED1,NO,13,0
6HSSBC83-CBUWHIT,NO,13,0
RMJS319402-NVY,NO,13,0
6HSSBC83-HRORED1,NO,13,0
6HSSBC83-HROWHIT,NO,13,0
RMSH319403-NVY,NO,13,0
RMPT319405-NVY,NO,13,0
6HSSTD10-MNNBKGD,NO,13,0
6HSSTD10-MNNBKWH,NO,13,0
RMJK319406-NVY,NO,13,0
6HSSTD10-MNNGDPR,NO,13,0
6HSSTD10-MNNGREY,NO,13,0
RMJS319220-WHT,NO,13,0
6HSSTD10-MNNGYBK,NO,13,0
NFLHD319107-BLK,NO,13,0
NFLHD319108-BLK,NO,13,0
NFLJS319101-NVY,SI,50,0
NFLJS319102-NVY,SI,14,0
NFLJS319104-AQU,NO,14,0
NFLJS319105-BLK,SI,16,0
NFLJS319107-BLK,SI,2,0
NFLJS319108-BLK,SI,16,0
NFLTS319101-NVY,SI,25,0
NFLTS319104-AQU,NO,25,0
NFLTS319105-BLK,NO,25,0
NFLTS319107-BLK,NO,25,0
NFLTS319108-BLK,NO,25,0
6HSSBLCK-MLAMM91,NO,25,0
6HSSNG00-ASGBLUE03,NO,25,0
6LULNG62-NBABLCK,NO,25,0
BH78AN-BCE-K-HGX,NO,25,0
BH78CT-DPI-B-N71,NO,25,0
BH78F3-LAL-L-IT7,NO,25,0
BH78FU-CCA-K1-J07,NO,25,0
BH78FU-GSW-K1-J08,NO,25,0
NZ979-TSC-5SWARR,NO,25,0
6HSSMO18-LALYWPR,NO,25,0
6HSSMO18-SASBLCK,NO,25,0
6HSSMO18-SASDKYW,NO,25,0
6HSSMO18-SASGREY,NO,25,0
6HSSMO18-CBUWHIT,NO,25,0
6HSSMO18-CBUWHRD,NO,25,0
6HSSMO18-LALBLCK,NO,25,0
6HSSMO18-LALPRWH,NO,25,0
6HSSMO18-LALWHIT,NO,25,0
6HSSMO18-LALWHPR,NO,25,0
6HSSMO18-GSWROYA,NO,25,0
6HSSMO19-PTBWHBK,NO,25,0
6HSSMO19-PTBWHRD,NO,25,0
6HSSMO73-CBUWHRD,NO,25,0
6HSSMO73-HROBKRD,NO,25,0
6HSSMO73-HROSCWH,NO,25,0
BH77RR-SSU-2T-FNV,NO,25,0
BH77RT-VGR-2T-FNX,NO,25,0
BH77RV-BCE-E-FNZ,NO,25,0
BH77RW-BNE-K-FO0,NO,25,0
BH77RX-CBU-R-FO1,NO,25,0
BH77RY-CBU-2T-FO2,NO,25,0
BH77RZ-CBU-2T-FO3,NO,25,0
BH77S0-CCA-7-FO4,NO,25,0
BH77S2-GSW-B-FO6,NO,25,0
BH77S3-HRO-R-FO7,NO,25,0
BH77S7-NYK-B-FOB,NO,25,0
BH77S8-OCT-B-FOC,NO,25,0
BH77SD-SAS-K-FOE,NO,25,0
BH77SE-TRA-R-FOF,NO,25,0
BH77SG-ASG-2T-FOH,NO,25,0
BH78K4-BCE-K-GIL,NO,25,0
BH78K5-BNE-G-GIM,NO,25,0
BH78K6-CBU-R-GIN,NO,25,0
BH78K7-CBU-K-GIO,NO,25,0
EXT001,NO,25,0
BH78K8-CCA-7-GIP,NO,25,0
BH78KD-GSW-B-GIR,NO,25,0
BH78KE-HRO-R-GIS,NO,25,0
BH78KF-LAL-Y-GIT,NO,25,0
BH78KJ-NYK-B-GIX,NO,25,0
BH78KL-P76-B-GIZ,NO,25,0
BH78KM-SAS-G-GJ0,NO,25,0
NBATS520104-GRY,NO,25,0
NBATS520103-YLW,NO,25,0
6HSSTD10-MNNWHGN,NO,25,0
RMJS319220-NVY,NO,25,0
RMSH319221-NVY,NO,25,0
RMPL319225-NVY,NO,25,0
RMPL319225-WHT,NO,25,0
RMJK319227-NVY,NO,25,0
RMPT319228-NVY,NO,25,0
6HSSTD41-MNNBKRD,NO,25,0
6HSSTD41-MNNBLCK,NO,25,0
6HSSTD41-MNNRED1,NO,25,0
6HSSTD41-MNNRYRD,NO,25,0
6HSSTD41-MNNWHIT,NO,25,0
6HSSTD41-MNNWHOR,NO,25,0
6HSSTD10-MNNDKYW,NO,25,0
6HSSTD10-MNNKHAK,NO,25,0
6HSSTD10-MNNMARO,NO,25,0
6HSSTD10-MNNRDBK,NO,25,0
6HSSBC83-BCEKYGN,NO,25,0
6HSSBC83-BCEWHIT,NO,25,0
6HSSTD10-MNNWHGD,NO,25,0
6HSSBC83-BNEBLCK,NO,25,0
6HSSBC83-BNEWHIT,NO,25,0
6HSSTD41-MNNBKYW,NO,25,0
6HSSBC83-CBUBLCK,NO,25,0
6HSSBC83-CBUDKYW,NO,25,0
6HSSTD41-MNNBLWH,NO,25,0
6HSSTD41-MNNPKWH,NO,25,0
6HSSTD41-MNNROYA,NO,25,0
6HSSTD41-MNNWHBL,NO,25,0
6HSSTD41-MNNWHPK,NO,25,0
141AZ-BTE-5BRAVE,NO,25,0
141AZ-BTE-5ROCKE,NO,25,0
141AZ-BTE-5HEAT,NO,25,0
141AZ-BTE-5CELTI,NO,25,0
141AZ-BTE-5VGRIZ,NO,25,0
141AZ-BTE-5KNICK,NO,25,0
141AZ-BTE-576ERS,NO,25,0
6HSSMO15-LALWHIT,NO,25,0
6HSSMO15-SASWHIT,NO,25,0
6HSSMO15-TRAWHIT,NO,25,0
6HSSTD82-BCEWHIT,NO,25,0
6HSSTD82-BNEBLCK,NO,25,0
6HSSTD82-BNEWHIT,NO,25,0
6HSSTD82-CBURED1,NO,25,0
6HSSTD82-CBUWHIT,NO,25,0
6HSSTD82-CHOTEAL,NO,25,0
6HSSTD82-CHOWHIT,NO,25,0
6HSSTD82-GSWROYA,NO,25,0
6HSSTD82-HRORED1,NO,25,0
6HSSTD82-HROWHIT,NO,25,0
6HSSTD82-LALPURP,NO,25,0
6HSSTD82-LALWHIT,NO,25,0
6HSSTD82-SASGREY,NO,25,0
6HSSTD82-SASWHIT,NO,25,0
6HSSMO15-GSWWHIT,NO,25,0
6HSSMO16-BCEKYGN,NO,25,0
6HSSMO16-BCEWHIT,NO,25,0
6HSSMO16-HROBLCK,NO,25,0
RMJS5172013-WHT,NO,25,0
RMJS5172013-BLK,NO,25,0
RMSB517201-WHT,NO,25,0
RMSB517201-BLK,NO,25,0
RMSB517202-NVY,NO,25,0
RMSB517202-WHT,NO,25,0
RMPL5172012-NVY,NO,25,0
NL99Z-BOSCEL-GRN,NO,25,0
NL99Z-CHAHOR-PUR,NO,25,0
NBATS520103-PUR,NO,25,0
NBATS520103-BLK,NO,25,0
NBATS520106-BLK,NO,25,0
NBATS520106-BLU,NO,25,0
NBATS520102-BLU,NO,25,0
NBATS520105-BLK,NO,25,0
NBATS520112-BLK,NO,25,0
NBATS520116-YLW,NO,25,0
NBATS319106-BLK,NO,25,0
NBATS319111-PUR,NO,25,0
NBATS319108-BLK,NO,25,0
NBATS320148-GRE,NO,25,0
NBATS319141-BLK,SI,13,0
NBATS3191441-RED,NO,13,0
NBATS320136-BLK,NO,13,0
NBATS320137-BLK,NO,13,0
NBATS320138-BLK,NO,13,0
NBATS320136-RED,NO,13,0
NBATS320137-YLW,NO,13,0
NBATS320138-BLU,NO,13,0
141AZ-BTE-5BULLS,NO,13,0
141AZ-BTE-5CAVAL,NO,13,0
SWTS317101-BLK,NO,13,0
STSB517101,NO,13,0
141AZ-BTE-5TRAIL,NO,13,0
141AZ-BTE-5WARRI,NO,13,0
141AZ-BTE-5NETS,NO,13,0
141AZ-BTE-5SCLIP,NO,13,0
SWTS317103-BLK,NO,13,0
SWTS317103-BLU,NO,13,0
310-FGYSCU-GOLWAR,NO,13,0
309-FGYC8M-DENNUG,NO,13,0
301-FGYLBI-BOSCEL,NO,13,0
327-FGYLBJ-CLECAV,NO,13,0
359VZ-BOSCEL-GRN,NO,13,0
359VZ-BUFBRA-BLK,NO,13,0
359VZ-CHAHOR-TEA,NO,13,0
359VZ-CHIBUL-RED,NO,13,0
359VZ-CLECAV-RED,NO,13,0
359VZ-DENNUG-ROY,NO,13,0
359VZ-GOLWAR-ROY,NO,13,0
359VZ-HOUROC-NVY,NO,13,0
359VZ-LALAKE-YEL,NO,13,0
359VZ-MIAHEA-BLK,NO,13,0
359VZ-NYNETS-BLK,NO,13,0
359VZ-ORLMAG-BLK,NO,13,0
359VZ-SASPUR-BLK,NO,13,0
359VZ-TORRAP-PUR,NO,13,0
358VZ-ATLHAW-RED,NO,13,0
358VZ-BOSCEL-GRN,NO,13,0
EU1115-BNETS-BLK,NO,13,0
EU1115-BULLS-RED,NO,13,0
EU1115-CLECAV-BUR,NO,13,0
358VZ-GOLWAR-ROY,NO,13,0
358VZ-HOUROC-RED,NO,13,0
358VZ-LACLIP-RED,NO,13,0
358VZ-LALAKE-BLK,NO,13,0
353VZ-MIAHEA-BLK,NO,13,0
EU1115-MINTIM-ROY,NO,13,0
358VZ-NYKNIC-ROY,NO,13,0
358VZ-OAKCIT-SKY,NO,13,0
EU1115-PHOSUN-YEL,NO,13,0
358VZ-PORTRA-RED,NO,13,0
358VZ-SACKIN-BLK,NO,13,0
358VZ-SASPUR-BLK,NO,13,0
358VZ-TORRAP-BLK,NO,13,0
353VZ-UTAJAZ-NVY,NO,13,0
NL99Z-DETPIS-ROY,NO,13,0
NL99Z-MINTIM-BLK,NO,13,0
NL99Z-MINTIM-ROY,NO,13,0
NL99Z-SACKIN-BLK,NO,13,0
NL99Z-WASWIZ-NVY,NO,13,0
NL99Z-WASWIZ-RED,NO,13,0
NM04Z-ATLHAW-BLK,NO,13,0
NM04Z-BOSCEL-GRN,NO,13,0
NM04Z-BRONET-BLK,NO,13,0
NM04Z-CHAHOR-PUR,NO,13,0
NM04Z-CHIBUL-RED,NO,13,0
NM04Z-CLECAV-BUR,NO,13,0
NM04Z-GOLWAR-BLU,NO,13,0
NM04Z-LALAKE-YEL,NO,13,0
NM04Z-MEMGRI-NVY,NO,13,0
NM04Z-MINTIM-BLU,NO,13,0
NM04Z-NYKNIC-BLU,NO,13,0
NM04Z-OAKCIT-SKY,NO,13,0
NM04Z-ORLMAG-BLU,NO,13,0
NM04Z-PHIL76-BLU,NO,13,0
NM04Z-PORTRA-BLK,NO,13,0
NM04Z-TORRAP-GRY,NO,13,0
353VZ-BOSCEL-GRY,NO,13,0
353VZ-GOLWAR-GRY,NO,13,0
EU1115-MIAHEA-GRY,NO,13,0
374VZ-CHIBUL-BLK,NO,13,0
374VZ-CHIBUL-RED,NO,13,0
374VZ-PHIL76-BLK,NO,13,0
374VZ-PHIL76-RED,NO,13,0
374VZ-SASPUR-BLK,NO,13,0
374VZ-SASPUR-GRY,NO,13,0
374VZ-SFWARR-BLK,NO,13,0
374VZ-SFWARR-ROY,NO,13,0
374VZ-TORRAP-BLK,NO,13,0
374VZ-TORRAP-PUR,NO,13,0
402VZ-ATLHAW-WHT,NO,13,0
402VZ-BALBUL-WHT,NO,13,0
402VZ-BOSCEL-WHT,NO,13,0
402VZ-BUFBRA-WHT,NO,13,0
402VZ-CHAHOR-WHT,NO,13,0
402VZ-CHIBUL-WHT,NO,13,0
402VZ-CLECAV-WHT,NO,13,0
402VZ-DENNUG-WHT,NO,13,0
402VZ-GOLWAR-WHT,NO,13,0
402VZ-LACLIP-WHT,NO,13,0
402VZ-LALAKE-WHT,NO,13,0
402VZ-MIAHEA-WHT,NO,13,0
402VZ-NJNETS-WHT,NO,13,0
402VZ-NYKNIC-WHT,NO,13,0
402VZ-ORLMAG-WHT,NO,13,0
402VZ-PHIL76-WHT,NO,13,0
402VZ-PORTRA-WHT,NO,13,0
402VZ-SASPUR-WHT,NO,13,0
402VZ-SACLIP-WHT,NO,13,0
402VZ-SFWARR-WHT,NO,13,0
402VZ-TORRAP-WHT,NO,13,0
402VZ-VANGRI-WHT,NO,13,0
401VZ-ATLHAW-WHT,NO,13,0
401VZ-BOSCEL-WHT,NO,13,0
401VZ-BRONET-WHT,NO,13,0
401VZ-CHAHOR-WHT,NO,13,0
401VZ-CHIBUL-WHT,NO,13,0
401VZ-CLECAV-WHT,NO,13,0
401VZ-DALMAV-WHT,NO,13,0
401VZ-GOLWAR-WHT,NO,13,0
401VZ-HOUROC-WHT,NO,13,0
401VZ-LALAKE-WHT,NO,13,0
NL15Z-MINTIM-ROY,NO,13,0
NL15Z-PORTRA-BLK,NO,13,0
NL15Z-PORTRA-RED,NO,13,0
NL15Z-VANGRI-BLK,NO,13,0
NL15Z-VANGRI-TEA,NO,13,0
NT78Z-BOSCEL-GRN,NO,13,0
NT78Z-CHAHOR-TEA,NO,13,0
NT78Z-HOUROC-GRY,NO,13,0
NT78Z-INDPAC-NVY,NO,13,0
NT78Z-LACLIP-ROY,NO,13,0
NT78Z-MINTIM-ROY,NO,13,0
NT78Z-NEWPEL-NVY,NO,13,0
NT78Z-NEWPEL-STN,NO,13,0
NT78Z-NYKNIC-ROY,NO,13,0
NT78Z-OAKCIT-NVY,NO,13,0
NT78Z-OAKCIT-SKY,NO,13,0
NT78Z-ORLMAG-BLU,NO,13,0
NT78Z-SACKIN-PUR,NO,13,0
NZ979-CHIBUL-GRY,NO,13,0
NZ979-SFWARR-ROY,NO,13,0
NZ979-SFWARR-YEL,NO,13,0
NZ979-SEASUP-GRN,NO,13,0
NZ979-VANGRI-BLK,NO,13,0
NZ979-VANGRI-TEA,NO,13,0
319VZ-CLECAV-BUR,NO,13,0
319VZ-CLECAV-GRY,NO,13,0
319VZ-CLECAV-WHT,NO,13,0
319VZ-DALMAV-BLK,NO,13,0
319VZ-DALMAV-WHT,NO,13,0
319VZ-DENNUG-BLK,NO,13,0
319VZ-DENNUG-WHT,NO,13,0
319VZ-GOLWAR-BLK,NO,13,0
319VZ-GOLWAR-ROY,NO,13,0
319VZ-GOLWAR-WHT,NO,13,0
319VZ-HOUROC-BLK,NO,13,0
319VZ-HOUROC-RED,NO,13,0
319VZ-HOUROC-WHT,NO,13,0
319VZ-LACLIP-BLK,NO,13,0
319VZ-LACLIP-RED,NO,13,0
319VZ-LACLIP-WHT,NO,13,0
319VZ-LALAKE-BLK,NO,13,0
319VZ-LALAKE-PUR,NO,13,0
319VZ-LALAKE-WHT,NO,13,0
319VZ-MINTIM-BLK,NO,13,0
319VZ-MINTIM-WHT,NO,13,0
319VZ-NEWPEL-BLK,NO,13,0
319VZ-NEWPEL-WHT,NO,13,0
319VZ-NYKNIC-BLK,NO,13,0
319VZ-NYKNIC-WHT,NO,13,0
319VZ-OAKCIT-BLK,NO,13,0
319VZ-OAKCIT-WHT,NO,13,0
319VZ-PHIL76-BLK,NO,13,0
319VZ-PHIL76-GRY,NO,13,0
319VZ-PHIL76-RED,NO,13,0
319VZ-PHIL76-WHT,NO,13,0
319VZ-PORTRA-BLK,NO,13,0
319VZ-PORTRA-RED,NO,13,0
319VZ-PORTRA-WHT,NO,13,0
319VZ-SASPUR-BLK,NO,13,0
319VZ-SASPUR-GRY,NO,13,0
319VZ-SASPUR-WHT,NO,13,0
319VZ-TORRAP-BLK,NO,13,0
319VZ-TORRAP-GRY,NO,13,0
319VZ-TORRAP-RED,NO,13,0
319VZ-TORRAP-WHT,NO,13,0
339VZ-ATLHAW-BLK,NO,13,0
339VZ-ATLHAW-RED,NO,13,0
401VZ-MEMGRI-WHT,NO,13,0
401VZ-MINTIM-WHT,NO,13,0
401VZ-NEWPEL-WHT,NO,13,0
401VZ-NYKNIC-WHT,NO,13,0
401VZ-PORTRA-WHT,NO,13,0
401VZ-SACKIN-WHT,NO,13,0
401VZ-SASPUR-WHT,NO,13,0
292VZ-BRONET-GRY,NO,13,0
292VZ-CHIBUL-GRY,NO,13,0
292VZ-GOLWAR-GRY,NO,13,0
292VZ-SASPUR-GRY,NO,13,0
311VZ-ATLHAW-CHA,NO,13,0
311VZ-BOSCEL-CHA,NO,13,0
311VZ-CHAHOR-CHA,NO,13,0
311VZ-CHIBUL-CHA,NO,13,0
311VZ-CLECAV-CHA,NO,13,0
311VZ-DENNUG-CHA,NO,13,0
311VZ-GOLWAR-CHA,NO,13,0
311VZ-HOUROC-CHA,NO,13,0
311VZ-MINTIM-CHA,NO,13,0
311VZ-NJNETS-CHA,NO,13,0
311VZ-PORTRA-CHA,NO,13,0
311VZ-SASPUR-CHA,NO,13,0
311VZ-SFWARR-CHA,NO,13,0
311VZ-TORRAP-CHA,NO,13,0
310VZ-BOSCEL-CHA,NO,13,0
310VZ-BRONET-CHA,NO,13,0
310VZ-CHIBUL-CHA,NO,13,0
310VZ-CLECAV-CHA,NO,13,0
310VZ-GOLWAR-CHA,NO,13,0
310VZ-HOUROC-CHA,NO,13,0
310VZ-MINTIM-CHA,NO,13,0
310VZ-NYKNIC-CHA,NO,13,0
310VZ-OAKCIT-CHA,NO,13,0
310VZ-PHIL76-CHA,NO,13,0
310VZ-SASPUR-CHA,NO,13,0
310VZ-TORRAP-CHA,NO,13,0
322VZ-CHIBUL-BLK,NO,13,0
322VZ-LALAKE-BLK,NO,13,0
322VZ-SFWARR-BLK,NO,13,0
322VZ-TORRAP-PUR,NO,13,0
321VZ-BOSCEL-GRN,NO,13,0
321VZ-BRONET-BLK,NO,13,0
321VZ-CHIBUL-RED,NO,13,0
321VZ-CLECAV-BUR,NO,13,0
321VZ-DALMAV-BLU,NO,13,0
321VZ-GOLWAR-BLU,NO,13,0
321VZ-HOUROC-GRY,NO,13,0
321VZ-MEMGRI-NVY,NO,13,0
321VZ-PORTRA-RED,NO,13,0
321VZ-SASPUR-GRY,NO,13,0
321VZ-TORRAP-BLK,NO,13,0
315VZ-CHIBUL-BLK,NO,13,0
315VZ-CLECAV-ROY,NO,13,0
315VZ-SASPUR-TEA,NO,13,0
315VZ-SFWARR-ROY,NO,13,0
314VZ-ATLHAW-RED,NO,13,0
314VZ-BOSCEL-GRN,NO,13,0
314VZ-BRONET-BLK,NO,13,0
314VZ-CHIBUL-RED,NO,13,0
314VZ-CLECAV-BUR,NO,13,0
314VZ-GOLWAR-ROY,NO,13,0
314VZ-SASPUR-BLK,NO,13,0
349VZ-BOSCEL-GRN,NO,13,0
349VZ-BUFBRA-BLK,NO,13,0
349VZ-CLECAV-RED,NO,13,0
349VZ-DENNUG-ROY,NO,13,0
349VZ-DETPIS-ROY,NO,13,0
349VZ-GOLWAR-ROY,NO,13,0
349VZ-LACLIP-ROY,NO,13,0
349VZ-LALAKE-PUR,NO,13,0
349VZ-MINTIM-ROY,NO,13,0
349VZ-NJNETS-ROY,NO,13,0
349VZ-NYKNIC-ROY,NO,13,0
349VZ-PHIL76-RED,NO,13,0
349VZ-PORTRA-RED,NO,13,0
349VZ-SASPUR-TEA,NO,13,0
349VZ-SFWARR-BLU,NO,13,0
349VZ-TORRAP-PUR,NO,13,0
349VZ-UTAJAZ-PUR,NO,13,0
349VZ-VANGRI-TEA,NO,13,0
348VZ-ATLHAW-BLK,NO,13,0
348VZ-BOSCEL-BLK,NO,13,0
348VZ-BRONET-BLK,NO,13,0
348VZ-CHAHOR-BLK,NO,13,0
348VZ-CHIBUL-BLK,NO,13,0
348VZ-CLECAV-BLK,NO,13,0
348VZ-DALMAV-BLK,NO,13,0
348VZ-DETPIS-BLK,NO,13,0
348VZ-GOLWAR-BLK,NO,13,0
348VZ-HOUROC-BLK,NO,13,0
348VZ-LACLIP-BLK,NO,13,0
348VZ-LALAKE-BLK,NO,13,0
348VZ-MIAHEA-BLK,NO,13,0
348VZ-MILBUC-BLK,NO,13,0
348VZ-MINTIM-BLK,NO,13,0
348VZ-NYKNIC-BLK,NO,13,0
348VZ-OAKCIT-BLK,NO,13,0
348VZ-ORLMAG-BLK,NO,13,0
348VZ-PHIL76-BLK,NO,13,0
348VZ-PORTRA-BLK,NO,13,0
348VZ-SACKIN-BLK,NO,13,0
348VZ-SASPUR-BLK,NO,13,0
348VZ-TORRAP-BLK,NO,13,0
348VZ-UTAJAZ-BLK,NO,13,0
348VZ-WASWIZ-BLK,NO,13,0
319VZ-ATLHAW-BLK,NO,13,0
319VZ-ATLHAW-RED,NO,13,0
319VZ-ATLHAW-WHT,NO,13,0
319VZ-BOSCEL-BLK,NO,13,0
319VZ-BOSCEL-GRN,NO,13,0
319VZ-BOSCEL-GRY,NO,13,0
319VZ-BOSCEL-WHT,NO,13,0
319VZ-BRONET-BLK,NO,13,0
319VZ-BRONET-GRY,NO,13,0
319VZ-BRONET-WHT,NO,13,0
319VZ-CHAHOR-BLK,NO,13,0
319VZ-CHAHOR-WHT,NO,13,0
319VZ-CHIBUL-BLK,NO,13,0
319VZ-CHIBUL-GRY,NO,13,0
319VZ-CHIBUL-RED,NO,13,0
319VZ-CHIBUL-WHT,NO,13,0
319VZ-CLECAV-BLK,NO,13,0
299VZ-OAKCIT-NVY,NO,13,0
299VZ-OAKCIT-WHT,NO,13,0
299VZ-ORLMAG-WHT,NO,13,0
299VZ-PHIL76-ROY,NO,13,0
299VZ-PHIL76-WHT,NO,13,0
299VZ-PORTRA-BLK,NO,13,0
299VZ-PORTRA-WHT,NO,13,0
299VZ-SACKIN-WHT,NO,13,0
299VZ-SASPUR-GRY,NO,13,0
299VZ-SASPUR-WHT,NO,13,0
299VZ-TORRAP-BLK,NO,13,0
339VZ-BALBUL-BLK,NO,13,0
339VZ-BALBUL-ROY,NO,13,0
339VZ-BOSCEL-BLK,NO,13,0
339VZ-BOSCEL-GRN,NO,13,0
339VZ-CHAHOR-BLK,NO,13,0
339VZ-CHAHOR-BLU,NO,13,0
339VZ-CHIBUL-BLK,NO,13,0
339VZ-CHIBUL-RED,NO,13,0
339VZ-CLECAV-BLK,NO,13,0
339VZ-CLECAV-RED,NO,13,0
339VZ-DENNUG-BLK,NO,13,0
339VZ-DENNUG-ROY,NO,13,0
339VZ-DETPIS-BLK,NO,13,0
339VZ-DETPIS-TEA,NO,13,0
339VZ-GOLWAR-ROY,NO,13,0
339VZ-HOUROC-BLK,NO,13,0
339VZ-HOUROC-RED,NO,13,0
339VZ-LACLIP-BLK,NO,13,0
339VZ-LALAKE-BLK,NO,13,0
339VZ-LALAKE-PUR,NO,13,0
339VZ-MIAHEA-RED,NO,13,0
339VZ-MINTIM-BLK,NO,13,0
339VZ-MINTIM-ROY,NO,13,0
339VZ-NJNETS-BLK,NO,13,0
339VZ-NJNETS-RED,NO,13,0
339VZ-NYKNIC-BLK,NO,13,0
339VZ-NYKNIC-ROY,NO,13,0
339VZ-PHIL76-BLK,NO,13,0
339VZ-PHIL76-RED,NO,13,0
339VZ-PORTRA-BLK,NO,13,0
339VZ-PORTRA-RED,NO,13,0
339VZ-SASPUR-BLK,NO,13,0
339VZ-SASPUR-BLU,NO,13,0
339VZ-SFWARR-BLK,NO,13,0
339VZ-SFWARR-ROY,NO,13,0
339VZ-SEASUP-BLK,NO,13,0
339VZ-SEASUP-GRN,NO,13,0
339VZ-TORRAP-BLK,NO,13,0
339VZ-TORRAP-PUR,NO,13,0
MCSH317208-NVY,NO,13,0
MCSH317209-NVY,NO,13,0
CATS319403-RED,NO,13,0
CATS319404-BLK,NO,13,0
CAPJ319401-NVY,NO,13,0
CAPJ319402-BLK,NO,13,0
BIATS419403-GRY,NO,13,0
BIATS419407-GRY,NO,13,0
VPTS419401-FUC,NO,13,0
VPTS419401-LHB,NO,13,0
VPTS419402-TUR,NO,13,0
VPTS419403-LHB,NO,13,0
21021U-JCK,NO,13,0
MLBJK519174-NVY,NO,13,0
21016U-JD2,NO,13,0
21017U-JCL,NO,13,0
BCPL519402-BLU,NO,13,0
BCPL519402-RED,NO,13,0
MLBTS518437-BLK,NO,13,0
MLBTS518431-NVY,NO,13,0
MLBTS518436-ROY,NO,13,0
MLBTS518433-BLK,NO,13,0
MLBTS518433-ROY,NO,13,0
MLBTS518455-NVY,NO,13,0
MLBTS518456-NVY,NO,13,0
MLBTS518458-NVY,NO,13,0
MLBTS518439-WHT,NO,13,0
MLBTS518439-NVY,NO,13,0
MLBTS518440-RED,NO,13,0
MLBTS518441-BLK,NO,13,0
MLBTS519142-BLK,NO,13,0
MLBTS519142-WHT,NO,13,0
BCJS519401-GRY,NO,13,0
BCJS519403-BLK,NO,13,0
MLBTS519143-RED,NO,13,0
MLBTS519145-NVY,NO,13,0
BCPL519401-GRY,NO,13,0
BCPL519402-BLK,NO,13,0
BCJS519402-NVY,NO,13,0
BCJS519401-NVY,NO,13,0
BCJS519404-NVY,NO,13,0
BCJS519406-BLU,NO,13,0
BCJS519403-BLU,NO,13,0
BCJS519407-NVY,NO,13,0
BCSH519401-BLK,NO,13,0
BCSH519401-BLU,NO,13,0
BCJK519401-BLK,NO,13,0
BCJK519403-GRY,NO,13,0
BCJK519402-RED,NO,13,0
BCJK519401-BLU,NO,13,0
BCPT519402-BLU,NO,13,0
BCJS519402-BLK,NO,13,0
BCPL319402-BLU,NO,13,0
BCPL319402-RED,NO,13,0
BCJS319402-NVY,NO,13,0
BCJS319401-NVY,NO,13,0
BCJS319404-NVY,NO,13,0
BCJS319406-BLU,NO,13,0
BCJS319407-NVY,NO,13,0
BCSH319401-BLK,NO,13,0
BCSH319401-BLU,NO,13,0
BCJK319401-BLK,NO,13,0
BCJK319403-GRY,NO,13,0
BCJK319402-RED,NO,13,0
BCJK319401-BLU,NO,13,0
BCPT319402-BLU,NO,13,0
BCJS319403-BLU,NO,13,0
BCJS319403-BLK,NO,13,0
AVS33171005,NO,13,0
CAS33171002,NO,13,0
CAS23171003,NO,13,0
MKS21171002,NO,13,0
MNS21171001,NO,13,0
MNS21171002,NO,13,0
UMBK517202-NVY,NO,13,0
UMDB517202-GRY,NO,13,0
81267U-FC8,NO,13,0
81269U-FC7,NO,13,0
UMCP5WF01-BLK,NO,13,0
UMCP5MUN01-NVY,NO,13,0
UMC5POL01-WHT,NO,13,0
UMC5POL02-RED,NO,13,0
UMC5POL03-ROY,NO,13,0
AVCV18105-NVY,NO,13,0
AVCV181034-BLK,NO,13,0
AVSK181036-BLK,NO,13,0
UMCP5HER02-GRY,NO,13,0
UMCP5HER03-GRY,NO,13,0
MLBPT52001-NVY,NO,13,0
UMSH3ES01-NVY,NO,13,0
UMCP5ES01-WHT,NO,13,0
UMCP5ES01-NVY,NO,13,0
UMJS5ES02-NVY,NO,13,0
UMJS5ES02-WHT,NO,13,0
UMJS5ES01-NVY,NO,13,0
UMJS5ES01-WHT,NO,13,0
UMSH5ES01-NVY,NO,13,0
UMSH5ES01-WHT,NO,13,0
UMJK5ES01-NVY,NO,13,0
UMLP5ES01-NVY,NO,13,0
UMPL5ES01-NVY,NO,13,0
UMPL5ES01-WHT,NO,13,0
UMJS5ES03-NVY,NO,13,0
UMJS5ES03-WHT,NO,13,0
UMSH5ES03-NVY,NO,13,0
UMSH5ES03-WHT,NO,13,0
UMJK5ES02 -NVY,NO,13,0
UMSH5ES02-NVY,NO,13,0
UMSH5ES02-WHT,NO,13,0
UMBIB5ES01-GRN,NO,13,0
THELINEHD05-PUR,NO,13,0
ALGJS51901-BLK,NO,13,0
ALGSH51901-BLK,NO,13,0
ALGJS61901-BLK,NO,13,0
ALGSH61901-BLK,NO,13,0
ALGJS51901-PUR,NO,13,0
ALGSH51901-PUR,NO,13,0
ALGJS51901-ROY,NO,13,0
ALGSH51901-ROY,NO,13,0
ALGJS61901-ROY,NO,13,0
ALGSH61901-ROY,NO,13,0
AGGJS51901-BLK,NO,13,0
AGGSH51901-BLK,NO,13,0
AGGJS51901-ROY,NO,13,0
AGGSH51901-ROY,NO,13,0
MLBTS518430-NVY,NO,13,0
MLBTS518430-BLK,NO,13,0
MLBJS519445-WHT,NO,13,0
MLBJS519446-NVY,NO,13,0
MLBJS519448-BLU,NO,13,0
MLBJS519401-BLK,NO,13,0
MLBJS519420-BLK,NO,13,0
MLBJS519421-BLK,NO,13,0
MLBTS318430-NVY,NO,13,0
MLBTS318437-BLK,NO,13,0
MLBTS318431-NVY,NO,13,0
MLBTS318436-ROY,NO,13,0
MLBTS318433-ROY,NO,13,0
MLBTS318439-WHT,NO,13,0
MLBTS318439-NVY,NO,13,0
MLBTS318440-RED,NO,13,0
339VZ-VANGRI-TEA,NO,13,0
338VZ-ATLHAW-BLK,NO,13,0
338VZ-ATLHAW-RED,NO,13,0
338VZ-BOSCEL-BLK,NO,13,0
338VZ-BOSCEL-GRN,NO,13,0
338VZ-BRONET-BLK,NO,13,0
338VZ-BRONET-GRY,NO,13,0
338VZ-CHAHOR-BLK,NO,13,0
338VZ-CHAHOR-PUR,NO,13,0
338VZ-CHIBUL-BLK,NO,13,0
338VZ-CHIBUL-RED,NO,13,0
338VZ-CLECAV-BLK,NO,13,0
338VZ-CLECAV-BUR,NO,13,0
338VZ-DALMAV-BLK,NO,13,0
338VZ-DALMAV-NVY,NO,13,0
338VZ-DETPIS-BLK,NO,13,0
338VZ-DETPIS-ROY,NO,13,0
338VZ-GOLWAR-BLK,NO,13,0
338VZ-GOLWAR-ROY,NO,13,0
338VZ-HOUROC-BLK,NO,13,0
338VZ-HOUROC-RED,NO,13,0
338VZ-LACLIP-BLK,NO,13,0
338VZ-LACLIP-RED,NO,13,0
338VZ-LALAKE-BLK,NO,13,0
338VZ-LALAKE-YEL,NO,13,0
338VZ-MINTIM-BLK,NO,13,0
338VZ-MINTIM-BLU,NO,13,0
338VZ-NYKNIC-BLK,NO,13,0
338VZ-NYKNIC-ROY,NO,13,0
338VZ-ORLMAG-BLU,NO,13,0
338VZ-PHIL76-BLK,NO,13,0
338VZ-PHIL76-RED,NO,13,0
338VZ-PORTRA-BLK,NO,13,0
338VZ-PORTRA-RED,NO,13,0
338VZ-SACKIN-BLK,NO,13,0
338VZ-SACKIN-PUR,NO,13,0
338VZ-SASPUR-BLK,NO,13,0
338VZ-SASPUR-GRY,NO,13,0
338VZ-TORRAP-BLK,NO,13,0
338VZ-TORRAP-RED,NO,13,0
338VZ-WASWIZ-BLK,NO,13,0
338VZ-WASWIZ-NVY,NO,13,0
304VZ-BRA-BLK,NO,13,0
304VZ-BRA-BLU,NO,13,0
304VZ-BRA-RED,NO,13,0
304VZ-BRA-SKY,NO,13,0
304VZ-BRA-WHT,NO,13,0
MLBTS318441-BLK,NO,13,0
MLBJA519156-WHT,NO,13,0
MLBJA519156-NVY,NO,13,0
MLBJA519157-NVY,NO,13,0
MLBJA519160-BLK,NO,13,0
MLBPL519165-NVY,NO,13,0
MLBPL519165-WHT,NO,13,0
JVJS519205-BLK,NO,13,0
JVJS519206-PNK,NO,13,0
JVJS519206-WHT,NO,13,0
JVJS519201-BLK,NO,13,0
JVJS519201-WHT,NO,13,0
MCSH3172011-NVY,NO,13,0
MCSH3172012-NVY,NO,13,0
MCSH3172013-NVY,NO,13,0
BCJS517201-NVY,NO,13,0
BCJS517201-BLU,NO,13,0
BCJS517201-BUR,NO,13,0
BCJS517208-NVY,NO,13,0
UMJS518106-BLU,NO,13,0
81604U-C44Y,NO,13,0
81604U-JC6Y,NO,13,0
UMGKST5ES01-GRN,NO,13,0
UMJS3ES01-NVY,NO,13,0
UMJS3ES03-NVY,NO,13,0
UMSO5ES01-BLK,NO,13,0
UMSO5ES01-ROY,NO,13,0
UMSO5ES01-WHT,NO,13,0
UMJK518306-GRY,NO,13,0
UMJK518306-BLK,NO,13,0
UMJK518306-NVY,NO,13,0
UMTS518311-WHT,NO,13,0
UMTS518311-BLK,NO,13,0
UMTS518311-GRY,NO,13,0
UMTS518311-NVY,NO,13,0
UMTS518312-LGRY,NO,13,0
UMTS518312-BLK,NO,13,0
UMTS518312-DGRY,NO,13,0
UMTS518312-NVY,NO,13,0
UMJS518304-BLK,NO,13,0
UMJS518304-GRY,NO,13,0
UMJS518304-BLU,NO,13,0
GFTS52204-WHT,NO,13,0
ACTS622204-BLK,SI,0,0
NASTS522211-WHT,NO,0,0
ROCTS522205-BLK,NO,0,0
KISTS622204-BLK2,NO,0,0
BCHD323103-GRY,SI,0,16
BCHD523103-GRY,SI,0,0
MLBWR323101-RED,SI,0,0
MLBWR323101-GRY,SI,0,0
MLBWR323101-BLU,SI,0,0
MLBTS323117-WHT,SI,0,0
MLBTS323117-RED,SI,0,0
MLBTS323117-NVY,SI,0,0
MLBTS323117-BLU1,SI,0,0
MLBTS323117-BLK2,SI,0,0
MLBTS323117-BLK1,SI,0,0
MLBTS323117-BLK,SI,0,0
MLBSW323106-NVY1,SI,0,0
MLBSW323106-NVY,SI,0,0
MLBSW323106-GRY1,SI,0,0
MLBSW323106-GRY,SI,0,0
MLBSW323105-GRY1,SI,0,0
MLBSW323105-GRY,SI,0,0
MLBSW323105-BLU,SI,0,0
MLBSW323105-BLK1,SI,0,0
MLBSW323105-BLK,SI,0,0
MLBJK323102-BLK,SI,0,0
MLBJK323101-NVY,SI,0,0
MLBJK323101-BLK2,SI,0,0
MLBJK323101-BLK1,SI,0,0
MLBJK323101-BLK,SI,0,0
MLBHD323112-NVY1,SI,0,0
MLBHD323112-NVY,SI,0,0
2U942570-529,NO,0,0
20105580-2M9,NO,0,0
20105640-2V9,NO,0,0
20105600-029,NO,0,0
20105610-5M2,NO,0,0
20105700-029,NO,0,0
20105700-049,NO,0,0
20105700-069,NO,0,0
20105700-082,NO,0,0
20105600-5M2,NO,0,0
20105360-029,NO,0,0
20105360-019,NO,0,0
20105360-059,NO,0,0
20105410-059,NO,0,0
20105410-5M6,NO,0,0
20105550-02V,NO,0,0
20105410-2V9,NO,0,0
20105430-05V,NO,0,0
20105430-029,NO,0,0
300VZ-ATLHAW-WHT,NO,0,0
300VZ-BALBUL-WHT,NO,0,0
300VZ-BOSCEL-GRN,NO,0,0
300VZ-BOSCEL-WHT,NO,0,0
300VZ-BUFBRA-BLK,NO,0,0
300VZ-CHAHOR-PUR,NO,0,0
300VZ-CHAHOR-WHT,NO,0,0
300VZ-CHIBUL-RED,NO,0,0
300VZ-CHIBUL-WHT,NO,0,0
300VZ-CLECAV-RED,NO,0,0
300VZ-CLECAV-WHT,NO,0,0
300VZ-DENNUG-WHT,NO,0,0
300VZ-DETPIS-WHT,NO,0,0
300VZ-GOLWAR-ROY,NO,0,0
300VZ-GOLWAR-WHT,NO,0,0
300VZ-HOUROC-RED,NO,0,0
300VZ-HOUROC-WHT,NO,0,0
300VZ-LACLIP-WHT,NO,0,0
300VZ-LALAKE-WHT,NO,0,0
300VZ-NYKNIC-WHT,NO,0,0
300VZ-NYNETS-WHT,NO,0,0
300VZ-ORLMAG-WHT,NO,0,0
300VZ-PHIL76-BLK,NO,0,0
300VZ-PHIL76-WHT,NO,0,0
300VZ-PORTRA-RED,NO,0,0
300VZ-PORTRA-WHT,NO,0,0
300VZ-SACKIN-WHT,NO,0,0
300VZ-SASPUR-BLK,NO,0,0
300VZ-SASPUR-WHT,NO,0,0
300VZ-SFWARR-ROY,NO,0,0
300VZ-SFWARR-WHT,NO,0,0
300VZ-TORRAP-WHT,NO,0,0
300VZ-UTAJAZ-WHT,NO,0,0
300VZ-VANGRI-TEA,NO,0,0
300VZ-VANGRI-WHT,NO,0,0
299VZ-ATLHAW-BLK,NO,0,0
299VZ-ATLHAW-WHT,NO,0,0
299VZ-BOSCEL-BLK,NO,0,0
299VZ-BOSCEL-WHT,NO,0,0
299VZ-BRONET-BLK,NO,0,0
299VZ-BRONET-WHT,NO,0,0
299VZ-CHAHOR-TEA,NO,0,0
299VZ-CHAHOR-WHT,NO,0,0
299VZ-CHIBUL-BLK,NO,0,0
299VZ-CHIBUL-WHT,NO,0,0
299VZ-CLECAV-WHT,NO,0,0
299VZ-CLECAV-YEL,NO,0,0
20105430-017,NO,0,0
20105530-052,NO,0,0
20105530-5M6,NO,0,0
20105530-02V,NO,0,0
262539U0-060,NO,0,0
262539U0-002,NO,0,0
262539U0-Y70,NO,0,0
262537U0-Y70,NO,0,0
262537U0-002,NO,0,0
UMBIB5ES01-YEL,NO,0,0
UMBIB5ES01-ORN,NO,0,0
UMGKST5ES01-YEL,NO,0,0
UMGKST5ES01-RED,NO,0,0
UMJS518101-PUR,NO,0,0
UMJS518105-RED,NO,0,0
UMJS518105-NVY,NO,0,0
UMJS518110-BLK,NO,0,0
UMJS518110-NVY,NO,0,0
UMSH518102-GRE,NO,0,0
UMSB52205-BLU,NO,0,0
UMSB52206-BLK,NO,0,0
UMSB52207-BLK,NO,0,0
UMSB52208-GRY,NO,0,0
UMSB52209-BLU,NO,0,0
UMSB52216-BLK,NO,0,0
UMSB52217-WHT,NO,0,0
UMSB52218-RED,NO,0,0
UMSB52219-BLK,NO,0,0
BHD52201-NVY,NO,0,0
BHD32201-NVY,NO,0,0
LLCT622201-PUR,SI,0,0
MLBHD323112-BLU,SI,0,0
MLBCT623109-GRY,SI,0,0
STTSO622204-BLK,NO,0,0
STTSO622205-WHT,NO,0,0
20104260-02V,NO,0,0
20105560-02V,NO,0,0
20105560-5M2,NO,0,0
20105570-5M7,NO,0,0
20105560-2M9,NO,0,0
20105570-2M6,NO,0,0
20104260-013,NO,0,0
20105630-2V5,NO,0,0
20104260-5M2,NO,0,0
20105620-029,NO,0,0
20105620-5M2,NO,0,0
2U942570-169,NO,0,0
299VZ-DETPIS-RED,NO,0,0
299VZ-TORRAP-WHT,NO,0,0
299VZ-WASWIZ-RED,NO,0,0
299VZ-WASWIZ-WHT,NO,0,0
EU1112-DENNUG-RED,NO,0,0
EU1112-DENNUG-ROY,NO,0,0
EU1113-ATLHAW-WHT,NO,0,0
EU1113-BOSCEL-WHT,NO,0,0
EU1113-BUFBRA-WHT,NO,0,0
EU1113-CHAHOR-WHT,NO,0,0
EU1113-CHIBUL-WHT,NO,0,0
EU1113-CLECAV-WHT,NO,0,0
EU1113-DENNUG-WHT,NO,0,0
EU1113-GOLWAR-WHT,NO,0,0
EU1113-LACLIP-WHT,NO,0,0
EU1113-LALAKE-WHT,NO,0,0
EU1113-MIAHEA-WHT,NO,0,0
EU1113-MILBUC-WHT,NO,0,0
EU1113-MINTIM-WHT,NO,0,0
EU1113-NJNETS-WHT,NO,0,0
EU1113-NYKNIC-WHT,NO,0,0
EU1113-ORLMAG-WHT,NO,0,0
EU1113-PHIL76-WHT,NO,0,0
EU1113-PORTRA-WHT,NO,0,0
EU1113-SACKIN-WHT,NO,0,0
EU1113-SASPUR-WHT,NO,0,0
EU1113-SFWARR-WHT,NO,0,0
EU1113-SEASUP-WHT,NO,0,0
EU1113-TORRAP-WHT,NO,0,0
EU1113-UTAJAZ-WHT,NO,0,0
EU1113-VANGRI-WHT,NO,0,0
EU1110-ATLHAW-BLK,NO,0,0
EU1110-BOSCEL-BLK,NO,0,0
EU1110-BRONET-ROY,NO,0,0
EU1110-CHAHOR-PUR,NO,0,0
EU1110-CHIBUL-BLK,NO,0,0
EU1110-CLECAV-BLK,NO,0,0
EU1110-DALMAV-GRY,NO,0,0
EU1110-DETPIS-RYL,NO,0,0
EU1110-GOLWAR-ROY,NO,0,0
EU1110-HOUROC-RED,NO,0,0
EU1110-INDPAC-BLK,NO,0,0
EU1110-LACLIP-RED,NO,0,0
EU1110-LALAKE-PUR,NO,0,0
EU1110-MINTIM-WHT,NO,0,0
EU1110-NYKNIC-BLK,NO,0,0
EU1110-ORLMAG-GRY,NO,0,0
20105610-029,NO,0,0
2U942570-259,NO,0,0
20105580-029,NO,0,0
20105350-059,NO,0,0
20105350-019,NO,0,0
20105350-029,NO,0,0
20105510-294,NO,0,0
20105510-1V2,NO,0,0
20105510-V29,NO,0,0
20105500-029,NO,0,0
20105500-01V,NO,0,0
20105500-0V2,NO,0,0
20105340-0V2,NO,0,0
AGSO52202-ORG,NO,0,0
AGSO2201-BLK,NO,0,0
UMGKSO52201-BLK,NO,0,0
UMGKSO52201-YEL,NO,0,0
UMGKSO52201-GRN,NO,0,0
ALSO52202-WHT,NO,0,0
ALSO52201-BLK,NO,0,0
CPBASICFS23-BLK,NO,0,0
CPBASICFS23-PNK,NO,0,0
CPRIPS5PS23-OLI,NO,0,0
CPRIPSBS23-NVY,NO,0,0
CPRIPSBS23-BLK,NO,0,0
CPRIPSBS23-OLI,NO,0,0
CPTRUCKMS23-CAM,NO,0,0
CPR3DBALLS23-GRY,NO,0,0
CPR3DBALLS23-BLK,NO,0,0
20105390-294,NO,0,0
20105390-013,NO,0,0
20105390-2M4,NO,0,0
20105490-2M4,NO,0,0
20105490-1M3,NO,0,0
20105490-22M,NO,0,0
20105550-072,NO,0,0
20105550-069,NO,0,0
20105590-02V,NO,0,0
20105590-5M2,NO,0,0
20105590-013,NO,0,0
20105680-029,NO,0,0
20105680-059,NO,0,0
20105650-5M2,NO,0,0
20105650-031,NO,0,0
20105650-049,NO,0,0
20105650-069,NO,0,0
20105650-072,NO,0,0
EU1110-PHIL76-RED,NO,0,0
EU1110-PORTRA-GRY,NO,0,0
EU1110-SACKIN-WHT,NO,0,0
EU1110-SASPUR-GRY,NO,0,0
EU1110-TORRAP-GRY,NO,0,0
B-NSHOT17WBP-LN,NO,0,0
B-NSHOT17WBP-NT,NO,0,0
TFTS18302-NVY,NO,0,0
TFTS18302-TUR,NO,0,0
TFTS18301-GRY,NO,0,0
TFTS18301-NVY,NO,0,0
BH78RI-HRO-R-LFE,NO,0,0
BH78RI-NOP-B-LFH,NO,0,0
SOUCT622202-PNK2,NO,0,0
NBACT623102-RED,SI,0,0
NBACT623102-PNK,SI,0,0
PSGTS623101-NVY,SI,0,0
PSGTS623101-BGE,SI,0,0
PSGLS623102-NVY,SI,0,0
PSGLS623102-BGE,SI,0,0
PSGLS623101-NVY,SI,0,0
299VZ-DETPIS-WHT,NO,0,0
299VZ-GOLWAR-WHT,NO,0,0
299VZ-GOLWAR-YEL,NO,0,0
299VZ-HOUROC-GRY,NO,0,0
299VZ-HOUROC-WHT,NO,0,0
299VZ-LACLIP-ROY,NO,0,0
299VZ-LACLIP-WHT,NO,0,0
299VZ-LALAKE-PUR,NO,0,0
299VZ-LALAKE-WHT,NO,0,0
299VZ-MILBUC-WHT,NO,0,0
299VZ-MINTIM-BLK,NO,0,0
299VZ-MINTIM-WHT,NO,0,0
299VZ-NEWPEL-STN,NO,0,0
299VZ-NEWPEL-WHT,NO,0,0
299VZ-NYKNIC-WHT,NO,0,0
WS-SSMVP27WBVNE-TT,NO,0,0
WS-SSMVP27WBVNE-NY,NO,0,0
329-FGYEJH-LALAKE,NO,0,0
318-FGYPEW-NYKNIC,NO,0,0
GT18H586953B+1,NO,0,0
M2270CBS,NO,0,0
M2270B+1,NO,0,0
W5923G586788CBS,NO,0,0
W5923G586788001,NO,0,0
M2270G586954023,NO,0,0
W5923G586788023,NO,0,0
M2270G586954AYDE,NO,0,0
W5923G586952B+1,NO,0,0
M2270G586954001,NO,0,0
W5923G586952023,NO,0,0
PSGSB52207-NVY,SI,0,0
W5923G586952AYDE,NO,0,0
W5923B586952TJC,NO,0,0
W5923B586788TJC,NO,0,0
GT18H586953AYDE,NO,0,0
W5950B586952A2CF,NO,0,0
GT18H586953001,NO,0,0
NBAPJ62202-PUR,SI,0,0
GT18H586953100,NO,0,0
GT18H586956001,NO,0,0
GT18H586956100,NO,0,0
DISPLAYNBA,NO,0,0
GT18H586956AYDE,NO,0,0
NBAHD321003-BLK2,SI,0,0
GT18H586920100,NO,0,0
GT18H586920Z0Q,NO,0,0
NBAHD321003-GRY,SI,0,0
NBAHD321003-BLK3,SI,0,0
PSGSB52203-BLK,SI,0,0
NFLTS521000-WHT,SI,0,0
PSGSB52208-WHT,SI,0,0
NFLTS521000-NVY2,SI,0,0
PSGSB52208-BLK,SI,0,0
NFLTS622201-BLK1,SI,0,0
NBATS522212-RED1,SI,0,0
NFLTS622201-LHB,SI,0,0
NBAPJ522204-BUR,SI,0,0
NFLTS622201-RED2,SI,0,0
NBAPJ522204-BLK,SI,0,0
NBAPJ522204-GRN,SI,0,0
NFLHD323104-BLK1,SI,0,0
NFLHD323104-AQA,SI,0,0
NFLHD323104-BLK,SI,0,0
NFLHD323103-RED,SI,0,0
NFLHD323103-RED2,SI,0,0
NFLHD323103-NVY,SI,0,0
NFLHD323103-BLK1,SI,0,0
NFLHD323103-BLK2,SI,0,0
NFLHD323103-BLK3,SI,0,0
NFLHD323103-BLK,SI,0,0
NBATS523101-BLK1,SI,0,0
NBATS523101-BLU,SI,0,0
NBATS523101-BLK,SI,0,0
NBASW523107-BLK4,SI,0,0
NBASW523106-BLK3,SI,0,0
NBASW523106-BLK,SI,0,0
NBASW523106-BLK1,SI,0,0
NBASW523106-BLK2,SI,0,0
NBASW523103-RED,SI,0,0
NBACT623201-RED,SI,0,0
NBACT623201-PUR,SI,0,0
NBACT623201-WHT1,SI,0,0
NBACT623201-WHT,SI,0,0
NBACT623202-RED,SI,0,0
NBACT623202-PUR,SI,0,0
NBACT623202-BLU,SI,0,0
NBACT623202-BLK,SI,0,0
NBAHD623201-BLK,SI,0,0
NBAHD623201-BLU,SI,0,0
NBAHD623201-PUR,SI,0,0
NBAHD623201-RED,SI,0,0
NBAHD623202-BLK2,SI,0,0
NBAHD623202-BLK,SI,0,0
NBAHD623202-BLU,SI,0,0
NBAHD623202-BLK1,SI,0,0
NBASH623201-BLK2,SI,0,0
NBASH623201-BLK1,SI,0,0
NBAPT623201-BLK2,SI,0,0
NBAPT623201-BLK,SI,0,0
NBAPT623201-BLU,SI,0,0
NBAPT623201-BLK1,SI,0,0
PSGSB52206-BLKCOP,NO,0,0
NBATS52115-BLKCOP,NO,0,0
RMTS523112-WHT,SI,0,10
RMTS523111-BLK,SI,0,0
RMTS523111-NVY,SI,0,9
RMTS523111-WHT,SI,0,24
RMSH523104-BLK,SI,0,0
RMPT523105-BLK,SI,0,0
RMPT523105-NVY,SI,0,0
RMPT523104-NVY,SI,0,0
RMLS523103-NVY,SI,0,0
RMLS523102-NVY,SI,0,0
RMLS523101-NVY,SI,0,0
RMLS523101-BLK,SI,0,0
RMTS523104-BLK,SI,0,9
RMTS523104-WHT,SI,0,0
RMTS523104-NVY,SI,0,9
RMTS523103-WHT,SI,0,0
NBAHD323109-BLK2,SI,0,0
NBATS323118-BLK3,SI,0,16
NBATS323118-WHT1,SI,0,0
NBATS323118-WHT,SI,0,14
NBATS323118-BLK2,SI,0,0
NBATS323118-BLK,SI,0,9
EIPTS6231002-BLK,SI,0,0
EIPTS6231003-DGRY,SI,0,0
NFLTS323105-BLK1,SI,0,0
NFLTS323104-RED2,SI,0,0
NFLTS323104-GRY,SI,0,0
NFLTS323104-NVY,SI,0,0
NFLTS323104-RED,SI,0,0
NFLTS323104-BLK2,SI,0,0
NFLTS323104-BLK3,SI,0,0
NFLTS323104-BLK1,SI,0,0
NFLTS323104-BLK,SI,0,0
NFLTS323103-RED2,SI,0,0
NFLTS323103-RED,SI,0,0
NFLTS323103-BUR,SI,0,0
NFLTS323103-BLK2,SI,0,0
NFLTS323103-BLK3,SI,0,0
NFLTS323102-WHT,SI,0,0
NFLTS323102-NVY,SI,0,0
NFLTS323102-BUR,SI,0,0
NFLTS323102-BLK2,SI,0,0
NFLTS323102-BLK3,SI,0,0
NFLTS323101-GRY,SI,0,0
NFLTS323101-DGRY,SI,0,0
NFLTS323101-BUR,SI,0,0
NFLSW323102-BLK4,SI,0,0
NFLSW323102-BLK5,SI,0,0
NFLSW323102-NVY,SI,0,0
NFLSW323102-BLK2,SI,0,0
NFLSW323102-BLK3,SI,0,0
NFLSW323102-BLK1,SI,0,0
NFLSW323101-RED,SI,0,0
NFLSW323102-BLK,SI,0,0
NFLSW323101-NVY,SI,0,0
NFLSW323101-BUR,SI,0,0
NFLSW323101-GRY,SI,0,0
NFLSW323101-BLK,SI,0,0
NFLSW323101-BLU,SI,0,0
NFLSW323101-AQA,SI,0,0
NFLSH323101-NVY1,SI,0,0
NFLSH323101-GRY,SI,0,0
NFLSH323101-BLK1,SI,0,0
NFLSH323101-BLK2,SI,0,0
NFLLS323101-NVY,SI,0,0
NFLLS323101-BLK1,SI,0,0
NFLLS323101-BLK2,SI,0,0
NFLLS323101-BLK3,SI,0,0
NFLLS323101-AQA,SI,0,0
NFLLS323101-BLK,SI,0,0
NFLJS323102-BLK2,SI,0,0
NFLJS323102-BLK1,SI,0,0
NFLJS323101-BLK2,SI,0,0
NFLJP323103-NVY,SI,0,0
NFLJP323103-NVY1,SI,0,0
NFLJP323103-BLK2,SI,0,0
NFLJP323103-BLK3,SI,0,0
NFLJP323103-BLK1,SI,0,0
NFLJP323103-BLK,SI,0,0
NFLJP323102-GRY2,SI,0,0
NFLJP323102-NVY,SI,0,0
NFLJP323102-BLK4,SI,0,0
NFLJP323102-BLK5,SI,0,0
NFLJP323102-GRY,SI,0,0
NFLJP323102-BLK2,SI,0,0
NFLJP323102-BLK3,SI,0,0
NFLJP323102-BLK,SI,0,0
NFLJP323102-BLK1,SI,0,0
NFLJP323101-NVY1,SI,0,0
NFLJP323101-NVY,SI,0,0
NFLJP323101-BLK3,SI,0,0
NFLJP323101-BLK2,SI,0,0
NFLJK323102-NVY,SI,0,0
NFLJK323102-BLK2,SI,0,0
NFLJK323102-BLK3,SI,0,0
NFLJK323102-AQA,SI,0,0
NFLJK323102-BLK,SI,0,0
NFLJK323102-BLK1,SI,0,0
PSGLS623101-BGE,SI,0,0
NBATS523121-BLK2,SI,0,0
NBATS523121-BLK3,SI,0,0
NBATS523120-WHT,SI,0,0
NBATS523120-WHT2,SI,0,0
NBATS523119-PUR,SI,0,0
NBATS523119-GRN,SI,0,0
NBATS323130-WHT2,SI,0,0
NBATS323130-WHT1,SI,0,0
NBATS323130-WHT,SI,0,0
NBATS323130-RED,SI,0,0
NBATS323130-PUR1,SI,0,0
NBATS323130-PUR,SI,0,0
NBATS623111-LIL,SI,0,0
NBATS623111-GRN,SI,0,0
NBASW623106-GRN,SI,0,0
NBASW623106-LIL,SI,0,0
NBASH623104-LIL,SI,0,0
NBASH623104-BUR,SI,0,0
NBALG623104-GRY,SI,0,0
NBALG623104-BLK,SI,0,0
NBAJK623103-BGE,SI,0,0
NBAJK623103-GRN,SI,0,0
NBAJK623103-LIL,SI,0,0
NBAHD623108-LIL,SI,0,0
NBAHD623108-BUR,SI,0,0
PSGSW523101-GRY,SI,0,0
RMLS523102-BLK1,SI,0,0
PSGPT323105-BLK,SI,0,0
PSGHD323103-WHT,SI,0,0
PSGTS523109-NVY,SI,0,0
PSGPT323102-BLK,SI,0,0
PSGTS523107-WHT,SI,0,0
PSGSH523102-BLK,SI,0,0
PSGJK523102-BLK,SI,0,0
SOUSB522201K-BLU,NO,0,0
SOUSB522202K-BLK,NO,0,0
SOUSB522203K-BLK,NO,0,0
UNFLHD522201-BLK,NO,0,0
UNFLHD522201-GRY,SI,0,0
UNLAHD522204-BLK,NO,0,0
UNLAHD522204-NVY,NO,0,0
UNLAJP522204-BLK,NO,0,0
SOUBN522201K-BLK,NO,0,0
SOUSB522204K-BLK,NO,0,0
SOUSB522201K-BLK,NO,0,0
DFLCD7231003-GRY,NO,0,0
NBAHD623106-BLU,SI,0,0
NBAJP623104-BLK,SI,0,0
NBASW623105-ORG,SI,0,0
NBASW623105-GRY,SI,0,0
UNLSSB523122-BLK,SI,0,0
UNLASB523122-BLK,SI,0,0
UNCASB523121-BLK,SI,0,0
PSGDB523102-BLK,SI,0,0
PSGDB523101-BLU,SI,0,0
NBASL52058-GRN,SI,0,0
UNGTSB523121-BLK,SI,0,0
NBASW623107-LHB,SI,0,0
NBASW623107-WHT1,SI,0,0
NBAHD623109-BLK,SI,0,0
NBAHD623109-ORG,SI,0,0
PSGDB523101-BLK,SI,0,0
UNHVSB523122-BLK,SI,0,0
UNMISB523120-BLK,SI,0,0
NBASW623106-GRY,SI,0,0
UNTXSB523122-GRY,SI,0,0
UNLSSB523121-BLK,SI,0,0
UNYLSB523120-BLK,SI,0,0
UNYLSB523122-NVY,SI,0,0
NBAHD623109-NVY,SI,0,0
NBAHD623109-WHT,SI,0,0
NBASW623105-PUR,SI,0,0
NBASH623105-GRY,SI,0,35
NBAHD623106-GRY,SI,0,0
NBASW623105-YEL,SI,0,0
NBAJP623104-GRY,SI,0,0
NBASH623105-WHT,SI,0,35
NBAJP623104-NVY,SI,0,0
UNHVSB523123-BLK,SI,0,0
NBASH623105-NVY,SI,0,0
NBASH623105-BLK1,SI,0,0
NBASH623105-RED,SI,0,0
NBAHD523115-BLK,SI,0,0
NBAHD523114-BLK1,SI,0,0
NBAHD523114-BLK,SI,0,0
NBAJP523107-GRY,SI,0,14
NBATS323121-PUR,SI,0,0
NBATS323120-BLK2,SI,0,11
NBATS323120-BLK3,SI,0,3
NBATS323120-BLK,SI,0,16
NBATS323120-RED,SI,0,0
NBATS323120-BLK1,SI,0,0
NBATS323117-BLK,SI,0,0
NBATS323117-YEL,SI,0,0
NBATS323117-PUR,SI,0,0
PSGJS523109-NVY,SI,0,17
PSGJS323109-NVY,SI,0,0
NFLHD523105-BLK2,SI,0,0
RMJS323109-WHT,SI,0,0
RMJS523109-WHT,SI,0,17
PSGTS523111-WHT,SI,0,0
PSGTS523111-NVY,SI,0,0
PSGTT523101-BLK,SI,0,0
PSGJS523105-WHT,SI,0,1
PSGJS523105-NVY,SI,0,1
20105650-029,NO,0,1
20105660-09V,NO,0,1
20105660-092,NO,0,1
20105670-5M2,NO,0,1
STTSB522201K-BLK,NO,0,1
STTSB522201K-NVY,NO,0,1
STTSB522202K-BLK,NO,0,1
STTSB522203K-WHT,NO,0,1
STTSB622201K-NVY,NO,0,1
STTSB622202K-NVY,NO,0,1
STTBN522201K-BLK,NO,0,1
STTBC622201K-NVY,NO,0,1
20105670-029,NO,0,1
20105670-019,NO,0,1
20105670-092,NO,0,1
20105540-VV4,NO,0,1
20105540-229,NO,0,1
20105340-049,NO,0,1
20105540-711,NO,0,1
20105440-2M9,NO,0,1
20105440-7M2,NO,0,1
20105400-0V2,NO,0,1
20105400-063,NO,0,1
20105400-02V,NO,0,1
20105520-0V2,NO,0,1
20105520-063,NO,0,1
20105520-02V,NO,0,1
20105460-029,NO,0,1
20105460-019,NO,0,1
20105460-0V2,NO,0,1
20105460-049,NO,0,1
20105340-029,NO,0,1
20105340-019,NO,0,1
20105370-2M4,NO,0,1
20105370-1M3,NO,0,1
20105370-4M2,NO,0,1
20105380-2M4,NO,0,1
20105380-1M3,NO,0,1
20105380-4M9,NO,0,1
20105480-2M4,NO,0,1
20105480-1M3,NO,0,1
20105480-4M2,NO,0,1
20105470-2M4,NO,0,1
20105470-1M3,NO,0,1
20105470-4M2,NO,0,1
UNHVPT522203-GRY,NO,0,1
UNYLHD522201-NVY,SI,0,0
UNCAPT522201-BLK,NO,0,0
UNHVJK522204-BLK,NO,0,0
UNGTHD522203-GRN,NO,0,0
UNGTHD522203-GRY,NO,0,0
PACSB522202K-BLK,NO,0,0
UNLSHD522204-BLK,NO,0,0
UNHVPT522203-BLK,NO,0,0
UNHVSW522203-BLK,NO,0,0
UNHVSW522203-RED,NO,0,0
UNYLHD522201-BLK,NO,0,0
UNLSPT522205-BLK,NO,0,0
UNHVJK522204-WIN,NO,0,0
PACSB522201K-BLK,NO,0,0
KISTS7231001-PUR,NO,0,0
UMSH523105-TUR,NO,0,0
UMPL523101-NVY,NO,0,0
UMPL523101-ORG,NO,0,0
AGJS52207-ORG,NO,0,0
21190U-LCL,NO,0,0
21191U-LCQ,NO,0,0
21196U-LCR,NO,0,0
30867U-FCL,NO,0,0
21229U-LCQ,NO,0,0
21241U-EPD,NO,0,0
21243U-EPD,NO,0,0
26485U-096,NO,0,0
26485U-759,NO,0,0
26485U-791,NO,0,0
26485U-857,NO,0,0
66063U-263,NO,0,0
26486U-759,NO,0,0
64702U-EH2,NO,0,0
26914U-LCQ,NO,0,0
66063U-EH2,NO,0,0
66072U-060,NO,0,0
30870U-090,NO,0,0
30867U-090,NO,0,0
66069U-Y70,NO,0,0
66077U-LC4,NO,0,0
66077U-LBZ,NO,0,0
66072U-Y70,NO,0,0
66077U-BYL,NO,0,0
66077U-LC7,NO,0,0
64704U-ERA,NO,0,0
64705U-060,NO,0,0
21157U-LF6,NO,0,0
66079U-BYL,NO,0,0
21157U-LDH,NO,0,0
66079U-LC7,NO,0,0
66075U-BYL,NO,0,0
66075U-LC7,NO,0,0
66078U-BYL,NO,0,0
66078U-LC4,NO,0,0
66078U-LC7,NO,0,0
66070U-060,NO,0,0
66070U-Y70,NO,0,0
66065U-060,NO,0,0
66065U-263,NO,0,0
66065U-EH2,NO,0,0
81840U-LD9,NO,0,0
81777U-LDF,NO,0,0
81778U-LEF,NO,0,0
81780U-121,NO,0,0
81780U-LDF,NO,0,0
21203U-LD9,NO,0,0
21205U-LCN,NO,0,0
21205U-LD9,NO,0,0
21207U-LCN,NO,0,0
21207U-LD9,NO,0,0
21209U-LCN,NO,0,0
21209U-LD9,NO,0,0
21210U-LD9,NO,0,0
21155U-LDH,NO,0,0
21168U-090,NO,0,0
21168U-096,NO,0,0
21168U-157,NO,0,0
21206U-LCN,NO,0,0
21206U-LD9,NO,0,0
21208U-LCN,NO,0,0
81785U-LB6,NO,0,0
81785U-LEE,NO,0,0
81787U-LB6,NO,0,0
81788U-LEE,NO,0,0
81840U-BYC,NO,0,0
21165U-090,NO,0,0
81840U-LEG,NO,0,0
21165U-096,NO,0,0
81843U-LEG,NO,0,0
21212U-LDL,NO,0,0
21213U-LDL,NO,0,0
21226U-090,NO,0,0
21226U-096,NO,0,0
65551U-KMK,NO,0,0
65311U-C44,NO,0,0
65703U-13V,NO,0,0
81781U-121,NO,0,0
81781U-D62,NO,0,0
81782U-LEF,NO,0,0
81784U-D62,NO,0,0
81784U-LDF,NO,0,0
81792U-LEE,NO,0,0
81844U-BYC,NO,0,0
81845U-LD9,NO,0,0
86410U-LFD,NO,0,0
21208U-LD9,NO,0,0
21210U-LCN,NO,0,0
66069U-060,NO,0,0
21181U-LCQ,NO,0,0
MLBCT623110-NVY,SI,0,0
MLBSW623108-NVY,SI,0,0
MLBSW623107-NVY,SI,0,0
MLBCT623113-PNK,SI,0,0
MLBTS623107-WHT,SI,0,0
MLBCT623110-BUR,SI,0,0
MLBCT623110-BGE,SI,0,0
MLBSL52103-NVY,SI,0,0
MLBJP623108-PNK,SI,0,0
MLBJP623108-LIL,SI,0,13
MLBSW623107-WHT,SI,0,0
MLBJP623109-WHT,SI,0,0
MLBHD523120-BLK,SI,0,25
MLBHD523120-NVY,SI,0,27
MLBJP623109-BLK,SI,0,0
MLBJP623109-NVY,SI,0,0
MLBJS523110-BLU1,SI,0,0
MLBSL522203-NVY,SI,0,0
MLBCT623113-GRN,SI,0,0
MLBCT623112-NVY,SI,0,0
MLBTS623106-GRY1,SI,0,0
MLBTS623107-BLK1,SI,0,0
MLBTS623107-BLU,SI,0,0
CPR3DBALLS23-PET,NO,0,0
CPRRIPSBS23-NVY,NO,0,0
CPRRIPSBS23-OLI,NO,0,0
CPRRIPSBS23-BLK,NO,0,0
CPRTRUCKMS23-NVY,NO,0,0
NBAHD523111-PUR,SI,0,0
NBATS323115-NVY,SI,0,0
NBATS323115-BLK,SI,0,0
NBAHD323110-PUR,SI,0,0
NBAHD323110-GRY,SI,0,0
NBAHD323110-BLK,SI,0,0
PSGTT323102-BLK,SI,0,0
PSGSH323104-BLK,SI,0,0
PSGPT323102-NVY,SI,0,0
PSGLS323114-BLK,SI,0,19
PSGJS323105-NVY,SI,0,15
PSGJS323104-BLU,SI,0,7
PSGJS323104-BLK,SI,0,0
PSGHD323103-BLK,SI,0,0
PSGCA323110-BLK,SI,0,0
PSGCA323109-BLK,SI,0,0
PSGCA323105-NVY,SI,0,1
PSGCA323104-WHT,SI,0,2
PSGTT523102-BLK,SI,0,0
PSGPT523104-BLK,SI,0,10
PSGJS523104-BLU,SI,0,0
PSGJS523104-BLK,SI,0,0
PSGHD523104-BLK,SI,0,0
PSGHD523103-BLK,SI,0,0
PSGCA523108-BLK,SI,0,0
NFLJK323101-YEL,SI,0,0
NFLJK323101-GRY,SI,0,0
NFLJK323101-RED,SI,0,0
NFLJK323101-BUR,SI,0,0
NFLJK323101-BUR1,SI,0,0
NFLJK323101-AQA,SI,0,0
NFLHD323106-GRY1,SI,0,0
NFLHD323106-RED1,SI,0,0
NFLHD323106-BLK1,SI,0,0
NFLHD323106-GRY,SI,0,0
NFLHD323106-AQA,SI,0,0
NFLHD323106-BLK,SI,0,0
NFLHD323105-BLK,SI,0,0
NFLHD323104-GRY3,SI,0,0
NFLHD323104-RED,SI,0,0
NFLHD323104-GRY1,SI,0,0
NFLHD323104-GRY2,SI,0,0
NFLHD323104-BLK2,SI,0,0
NBABX522210-RED-COP,NO,0,0
UNTXSB523121-BLK,SI,0,0
NFLJS323101-BLK,SI,0,0
NFLJS323101-BLK1,SI,0,0
NFLJP323101-NVY2,SI,0,0
NFLJP323101-BLK,SI,0,0
NFLJP323101-BLK1,SI,0,0
NFLJK323101-NVY,SI,0,0
NFLHD323105-NVY,SI,0,0
NFLHD323101-NVY1,SI,0,0
NFLHD323101-BLK1,SI,0,0
NFLHD323101-BLK,SI,0,0
NFLCHD32310-NVY,SI,0,0
NFLCHD32310-AQA,SI,0,0
NFLCHD323102-NVY,SI,0,0
NFLCHD323102-BLK1,SI,0,0
NFLCHD323102-AQA,SI,0,0
NFLCHD323101-BLK1,SI,0,0
NBATT523101-BLU,SI,0,0
NBATT523101-BUR,SI,0,13
NBATT523101-PUR,SI,0,8
NBATS523124-RED,SI,0,0
NBATS523124-GRY,SI,0,0
NBATS523124-BLK,SI,0,0
NBATS523124-BLK1,SI,0,0
NBATS523123-BLK4,SI,0,0
NBATS523123-BLK2,SI,0,0
NBATS523123-BLK3,SI,0,0
NBATS523123-BLK1,SI,0,9
NBATS523117-PUR,SI,0,0
NBATS523117-YEL,SI,0,0
NBATS523117-BLK,SI,0,6
NBATS523117-GRY,SI,0,15
NBATS523116-BLK1,SI,0,3
NBATS523116-BLU,SI,0,0
NBATS523116-RED,SI,0,0
NBATS523116-BLK,SI,0,0
NBATS523115-NVY,SI,0,0
NBATS523115-YEL,SI,0,4
NBATS523115-BLK,SI,0,0
NBATS523115-BLK1,SI,0,7
NBATS523115-AQA,SI,0,0
NBATS523113-GRN,SI,0,0
NBATS523113-LHB1,SI,0,0
NBATS523113-BLK1,SI,0,8
NBATS523113-BLK,SI,0,12
NBATS523110-RED1,SI,0,0
NBATS523110-WHT,SI,0,0
NBATS523110-PUR,SI,0,0
PSGCA523106-BLK,SI,0,0
PSGCA523105-NVY,SI,0,2
PSGCA523103-BLK,SI,0,0
PSGCA523102-BLK,SI,0,0
PSGTS523109-DGRY,SI,0,0
PSGTS523108-BLK,SI,0,0
PSGSH523101-BLK,SI,0,0
NFLTS323106-RED,SI,0,0
NFLTS323106-RED1,SI,0,0
NFLTS323106-AQA,SI,0,0
NFLTS323106-BLK1,SI,0,0
NFLTS323105-RED,SI,0,0
NFLTS323105-BLK2,SI,0,0
NFLTS323105-NVY,SI,0,0
NFLTS323105-AQA,SI,0,0
NFLTS323103-NVY,SI,0,0
NFLTS323103-RED1,SI,0,0
NFLTS323103-BLK1,SI,0,0
NFLTS323103-AQA,SI,0,0
NFLTS323102-RED1,SI,0,0
NFLTS323102-WHT1,SI,0,0
NFLTS323102-ORG,SI,0,0
NFLTS323102-RED,SI,0,0
NFLTS323102-NVY1,SI,0,0
NFLTS323102-BLU,SI,0,0
NFLTS323102-BLK,SI,0,0
NFLTS323102-BLK1,SI,0,0
NFLTS323101-RED2,SI,0,0
NFLTS323101-RED,SI,0,0
NFLTS323101-RED1,SI,0,0
NFLTS323101-NVY,SI,0,0
NFLTS323101-NVY1,SI,0,0
NFLTS323101-AQA,SI,0,0
NFLSH323101-NVY,SI,0,0
NFLSH323101-BLK,SI,0,0
NFLJS323102-NVY,SI,0,0
NFLJS323102-BLK3,SI,0,0
NFLJS323102-AQA,SI,0,0
NFLJS323102-BLK,SI,0,0
NFLJS323101-NVY,SI,0,0
NFLJS323101-NVY1,SI,0,0
NFLJS323101-BLK3,SI,0,0
RMPT323103-BLK,SI,0,0
RMPT323103-NVY,SI,0,10
RMSH323103-NVY,SI,0,15
RMSH323103-BLK,SI,0,21
RMTT323101-NVY,SI,0,0
RMTS323105-WHT,SI,0,0
RMTS323105-DGRY,SI,0,0
RMTS323104-WHT,SI,0,21
RMTS323104-NVY,SI,0,0
RMTS323104-BLK,SI,0,0
RMTS323103-WHT,SI,0,0
RMTS323103-BLU,SI,0,0
RMTS323102-DGRY,SI,0,0
RMTS323102-WHT,SI,0,0
RMTS323101-WHT,SI,0,0
RMTS323101-BLU,SI,0,0
RMCA323107-BLK,SI,0,0
RMCA323107-NVY,SI,0,2
RMCA323106-NVY,SI,0,1
RMCA323105-BLK,SI,0,3
RMCA323104-BLK,SI,0,0
RMCA323104-OWHT,SI,0,1
RMCA323103-NVY,SI,0,0
RMCA323103-WHT,SI,0,0
RMCA323103-GRY,SI,0,2
NBATS523110-BLU,SI,0,0
NBATS523106-BLK,SI,0,0
NBATS523102-RED,SI,0,0
NBATS523102-BLK1,SI,0,0
NBASW523106-GRY1,SI,0,7
NBASW523104-BLK1,SI,0,0
NBASW523104-BLK,SI,0,0
NBASH523105-NVY,SI,0,0
NBASH523105-BLK1,SI,0,0
NBASH523105-BLK,SI,0,0
NBASH523104-PUR,SI,0,15
NBASH523104-RED,SI,0,3
NBASH523104-RED1,SI,0,0
NBASH523104-BLK,SI,0,19
NBASH523104-BLU,SI,0,0
NBASH523103-BLK4,SI,0,1
NBASH523103-BLK,SI,0,8
NBALS523103-BLK2,SI,0,14
NBALS523103-BLK1,SI,0,12
NBAJP523108-BLK1,SI,0,0
NBAJP523108-BLK2,SI,0,0
NBAJP523108-BLK,SI,0,1
NBAJP523106-NVY1,SI,0,0
NBAJP523106-BLK3,SI,0,0
NBAJP523106-BLK1,SI,0,0
NBAJP523104-BLK3,SI,0,0
NBAJP523104-BLK,SI,0,0
NBAJP523101-BLK2,SI,0,0
NBAJP523101-BLK1,SI,0,4
NBAJK523105-BLK2,SI,0,1
NBAJK523105-BLK3,SI,0,1
NBAJK523105-BLK,SI,0,0
NBAJK523105-BLK1,SI,0,1
NBAHD523111-BLK2,SI,0,0
NBAHD523111-BLK3,SI,0,0
NBAHD523110-PUR,SI,0,6
NBAHD523110-BLK,SI,0,0
NBAHD523109-RED,SI,0,0
NBAHD523109-NVY,SI,0,0
NBAHD523109-BLK,SI,0,0
NBAHD523107-BLK,SI,0,1
NBAHD523107-BLK1,SI,0,1
NBAHD523106-RED1,SI,0,1
NBAHD523106-BLK,SI,0,1
RMSH323102-NVY,SI,0,18
RMPT323102-NVY,SI,0,16
RMJK323102-BLU,SI,0,26
RMJS323105-WHT,SI,0,8
RMJS323105-NVY,SI,0,20
RMJS323105-GRY,SI,0,0
RMPL323102-NVY,SI,0,32
RMHD323104-GRY,SI,0,35
RMHD323104-BLK,SI,0,0
RMHD323104-NVY,SI,0,12
RMTS323112-WHT,SI,0,22
RMTS323112-BLK,SI,0,33
RMTS323112-NVY,SI,0,16
RMTS323111-NVY,SI,0,25
RMTS323111-WHT,SI,0,28
RMPT323105-BLK,SI,0,0
RMTS323108-NVY,SI,0,0
RMTS323107-NVY,SI,0,0
PSGTT323101-BLK,SI,0,0
PSGTS323109-NVY,SI,0,0
PSGTS323109-BLK,SI,0,0
PSGTS323104-WHT,SI,0,0
PSGTS323104-BLK,SI,0,0
PSGTS323103-NVY,SI,0,18
PSGTS323103-BLK,SI,0,0
PSGTS323101-WHT,SI,0,0
PSGTS323101-NVY,SI,0,7
PSGSH323103-NVY,SI,0,0
PSGSH323101-BLK,SI,0,0
PSGPT323103-NVY,SI,0,0
PSGJS323102-NVY,SI,0,0
PSGJS323102-BLK,SI,0,20
PSGJS323101-NVY,SI,0,4
PSGHD323102-NVY,SI,0,1
PSGCA323101-NVY,SI,0,3
PSGTS523113-WHT,SI,0,0
PSGTS523113-BLK,SI,0,13
PSGTS523112-WHT,SI,0,21
PSGTS523112-NVY,SI,0,10
PSGTS523112-BLK,SI,0,13
PSGTS523109-BLK,SI,0,0
PSGTS523108-WHT,SI,0,8
PSGTS523108-NVY,SI,0,0
PSGTS523106-WHT,SI,0,0
PSGTS523106-NVY,SI,0,0
PSGTS523104-BLK,SI,0,0
PSGTS523102-WHT,SI,0,0
PSGTS523102-NVY,SI,0,0
PSGTS523102-BLK,SI,0,0
PSGTS523101-WHT,SI,0,10
PSGTS523101-NVY,SI,0,1
PSGTS523101-BLK,SI,0,16
PSGSH523103-NVY,SI,0,0
PSGSH523103-DGRY,SI,0,0
PSGSH523103-BLK,SI,0,12
PSGSH523101-NVY,SI,0,13
PSGPT523103-NVY,SI,0,14
PSGPT523103-BLK,SI,0,1
PSGPT523101-NVY,SI,0,18
PSGPT523101-BLK,SI,0,0
PSGPL523102-WHT,SI,0,0
PSGPL523102-NVY,SI,0,0
PSGPL523101-BLK,SI,0,0
PSGLS523101-NVY,SI,0,20
PSGJS523103-NVY,SI,0,0
PSGJS523101-WHT,SI,0,11
PSGHD523105-NVY,SI,0,17
PSGHD523105-GRY,SI,0,0
PSGHD523105-BLK,SI,0,22
PSGHD523102-NVY,SI,0,0
PSGHD523102-BLK,SI,0,1
NBATT523103-BLK,SI,0,0
NBATT523103-BLK1,SI,0,0
NBATT523102-YEL,SI,0,9
NBATT523102-PUR,SI,0,0
NBATT523102-RED,SI,0,0
NBATT523102-NVY1,SI,0,2
NBATT523102-BLK,SI,0,0
NBATT523102-BLK1,SI,0,0
NBATT523102-NVY,SI,0,0
NBATT523102-AQA,SI,0,0
NBATT523101-RED,SI,0,1
NBATT523101-WHT,SI,0,18
NBAJK523102-BLK,SI,0,0
RMCA323102-NVY,SI,0,2
RMCA323101-NVY,SI,0,0
RMHD323102-NVY,SI,0,0
RMHD323102-BLK,SI,0,0
RMHD323101-BLK,SI,0,0
RMHD323101-NVY,SI,0,0
RMLS323103-BLU,SI,0,0
RMLS323103-NVY,SI,0,19
GYTS5231002-BLK,SI,0,0
JLZCT6231001-DGRY,SI,0,0
NBACA523171-RED,SI,0,0
NBACA523166-BLK,SI,0,0
NBACA523166-BLK1,SI,0,0
NBACA523166-BLK2,SI,0,0
NBACA523165-RED,SI,0,0
NBACA523165-PUR,SI,0,0
NBACA523164-BLK,SI,0,1
NBACA523164-BLK1,SI,0,0
NBACA523159-RED,SI,0,0
NBACA523159-PUR,SI,0,0
NBACA523155-BLK3,SI,0,0
NBACA523155-BLK,SI,0,0
NBACA523155-BLK1,SI,0,0
NBACA523150-BLK4,SI,0,0
NBACA523150-BLK1,SI,0,0
NBACA523150-BLK,SI,0,0
NBACA523147-BLK1,SI,0,0
NBACA523147-BLK2,SI,0,0
NBACA523137-BUR1,SI,0,2
NBACA523137-BLU1,SI,0,2
NBACA523137-BUR,SI,0,0
CPRTRUCKMS23-WHT,NO,0,0
CPRTRUCKMS23-CAM,NO,0,0
ALSB52201-BGE,NO,0,0
ALSB52204-BLK,NO,0,0
ALSB52202-LBL,NO,0,0
AGSB52201-ORG,NO,0,0
AGSB52203-BLK,NO,0,0
OLHSB52202-BLU,NO,0,0
OLHSB52201-WHT,NO,0,0
OLHSB52204-BLK,NO,0,0
MUNSB52202-GRN,NO,0,0
MUNSB52201-NVY,NO,0,0
MUNSB52203-NVY,NO,0,0
AGSH52207-BLK,NO,0,0
MLBTS520120-BLUCOP,NO,0,0
21167U-090,NO,0,0
21167U-096,NO,0,0
21167U-LEZ,NO,0,0
21201U-LCN,NO,0,0
21201U-LD9,NO,0,0
21203U-LCN,NO,0,0
JVJS523103-BLK,SI,0,0
JVHD523101-GRY,SI,0,0
BCTS523104-NVY,SI,0,0
MLBSW623106-NVY,SI,0,0
MLBTS52033-NVYCOP,NO,0,0
20103980-249,NO,0,0
20103980-946,NO,0,0
20103660-029,NO,0,0
20103660-092,NO,0,0
20103660-0C2,NO,0,0
20203660-029,NO,0,0
20103640-022,NO,0,0
20203660-01V,NO,0,0
20103640-018,NO,0,0
20103650-022,NO,0,0
20203670-029,NO,0,0
20203640-022,NO,0,0
20203640-018,NO,0,0
20203640-082,NO,0,0
20203650-022,NO,0,0
20203650-018,NO,0,0
21185U-LCQ,NO,0,0
21186U-LCQ,NO,0,0
64702U-060,NO,0,0
21188U-LCJ,NO,0,0
21188U-LCK,NO,0,0
21188U-LCQ,NO,0,0
64702U-002,NO,0,0
21188U-LCR,NO,0,0
21190U-LCF,NO,0,0
MLBTS623101-BLK1,SI,0,0
MLBTS623101-BLK,SI,0,0
MLBTS623101-NVY,SI,0,0
MLBTS623101-NVY1,SI,0,0
CPLOGOW23-NVY,NO,0,0
CPLOGOW23-BLK,NO,0,0
CPBIGLOGOW23-BLK,NO,0,0
CPCUTSW23-ECRU,NO,0,0
CPCUTSW23-RED,NO,0,0
MLBBX522224-NVY-COP,NO,0,0
MLBSW623107-BLU,SI,0,0
MLBJP623106-GRY,SI,0,7
MLBCT623120-GRY,SI,0,0
MLBSW623107-GRY,SI,0,0
UMSH523106-NVY,NO,0,0
UMSH523106-TUR,NO,0,0
MLBTS523112-RED,SI,0,0
MLBTS523112-BLU,SI,0,0
MLBTS523112-BLK1,SI,0,0
MLBPT523107-NVY2,SI,0,0
MLBPT523107-NVY1,SI,0,0
MLBPT523107-BLK,SI,0,0
MLBJK523104-NVY,SI,0,0
UMJP523101-BLK,NO,0,0
MLBJK523104-BLK1,SI,0,0
MLBTS523120-GRY,SI,0,14
MLBTS523130-WHT,SI,0,33
BCPT523104-BLK,SI,0,0
UMJP523101-NVY,NO,0,0
BCHD323103-NVY,SI,0,35
BCHD323103-BLK,SI,0,11
BCHD523103-NVY,SI,0,0
MLBWR323101-NVY,SI,0,0
MLBJS323115-RED,SI,0,0
MLBJS323115-BLU1,SI,0,0
MLBJS323115-BlU,SI,0,0
MLBJS323115-BLK,SI,0,0
MLBTS323108-WHT,SI,0,0
MLBTS323108-RED,SI,0,0
MLBTS323108-NVY,SI,0,0
MLBTS323108-GRY,SI,0,0
MLBTS323108-BLK2,SI,0,0
MLBTS323105-WHT,SI,0,0
MLBTS323105-NVY2,SI,0,8
MLBTS323105-NVY1,SI,0,19
MLBTS323105-NVY,SI,0,19
MLBTS323105-BLK2,SI,0,13
MLBTS323105-BLK1,SI,0,0
MLBTS323105-BLK,SI,0,0
MLBTS323104-GRY1,SI,0,0
MLBTS323104-BUR,SI,0,0
MLBTS323104-BLU,SI,0,0
MLBPT323104-BLK2,SI,0,0
MLBPT323102-NVY1,SI,0,0
MLBPT323102-NVY,SI,0,0
MLBPT323102-BLU,SI,0,0
MLBPT323102-BLK1,SI,0,0
MLBJS323104-BLU1,SI,0,0
MLBJS323118-NVY,SI,0,5
MLBJK323102-NVY1,SI,0,0
MLBJK323102-NVY,SI,0,0
MLBJK323102-BLK1,SI,0,0
MLBJK323101-WHT,SI,0,0
MLBHD323107-NVY1,SI,0,0
MLBHD323107-NVY,SI,0,0
MLBHD323103-NVY1,SI,0,0
BCJS323108-NVY,SI,0,5
JVJS323104-WHT,SI,0,0
BCJS523108-NVY,SI,0,5
JVJS523104-WHT,SI,0,32
MLBTS323110-WHT,SI,0,0
MLBTS323110-BLU,SI,0,0
MLBTS323110-BLK1,SI,0,0
MLBTS523108-BLK2,NO,0,0
MLBTS523108-BLU1,NO,0,0
MLBPT523104-BLU1,SI,0,0
MLBTS523108-NVY,SI,0,2
MLBTS523108-WHT1,SI,0,0
MLBTS523108-RED,SI,0,0
MLBTS523108-GRY,SI,0,2
MLBJS523118-BLU,SI,0,8
MLBJS523118-RED,SI,0,8
MLBJS523118-NVY,SI,0,1
MLBTS523117-BLU1,SI,0,0
MLBTS523117-RED,SI,0,0
MLBTS523117-WHT,SI,0,0
MLBTS523117-BLK,SI,0,0
KRNTS6231003-NVY,SI,0,0
NASTS5231004-PUR,SI,0,0
NASTS5231004-WHT,SI,0,0
NASTS5231002-BLK,SI,0,0
NASTS5231001-BLK,SI,0,0
NASTS5231003-DGRY,SI,0,0
KISLS5231004-DGRY,SI,0,0
KISTS5231001-DGRY,SI,0,0
TPLLS5231004-GRY,SI,0,0
TPLTS5231002-NVY,SI,0,0
TPLTS6231002-WHT,SI,0,0
TPLTS6231001-GRY,SI,0,0
TPLCT6231004-DGRY,SI,0,0
KRNCT6231001-BLK,SI,0,0
KISCT6231002-GRY,SI,0,0
KISCT6231001-DGRY,SI,0,0
JVTS523101-WHT,SI,0,0
JVTS523101-BLK,SI,0,22
MLBPT523106-BLK,SI,0,0
MLBHD523108-NVY,SI,0,4
MLBHD523108-BLK1,SI,0,22
MLBHD523108-BLK,SI,0,0
MLBTS523105-WHT,SI,0,10
MLBTS523105-NVY2,SI,0,0
MLBTS523105-NVY1,SI,0,4
MLBTS523105-NVY,SI,0,1
MLBTS523105-BLK2,SI,0,0
MLBTS523105-BLK1,SI,0,0
MLBTS523116-RED,SI,0,5
MLBTS523116-NVY,SI,0,0
MLBTS523116-BLU1,SI,0,12
MLBTS523116-BLU,SI,0,3
MLBJS523115-BLU,SI,0,9
MLBMB523102-NVY2,SI,0,0
MLBMB523102-NVY,SI,0,0
MLBMB523101-BLK2,SI,0,61
MLBFB523102-NVY2,SI,0,0
MLBHD523122-BLU,SI,0,0
BCSH523103-DGRY,SI,0,0
BCSH523102-BLK,SI,0,5
BCSH523101-NVY,SI,0,15
BCPT523103-BLK,SI,0,0
BCPT523102-BLK,SI,0,3
BCPL523102-BLK,SI,0,5
BCPL523101-BUR,SI,0,0
BCPL523101-NVY,SI,0,0
BCLS523101-BLK,SI,0,0
BCLS523101-NVY,SI,0,0
BCJS523106-NVY,SI,0,0
BCJS523105-RED,SI,0,0
BCJS523104-NVY,SI,0,0
BCJS523103-GRY,SI,0,2
BCJS523102-NVY,SI,0,0
BCHD523102-BLK,SI,0,0
BCHD523102-NVY,SI,0,0
BCHD523101-BLK,SI,0,0
BCHD523101-NVY,SI,0,0
BCCA523108-BLK,SI,0,0
BCCA523106-NVY,SI,0,0
BCCA523105-BLK,SI,0,0
BCCA523103-NVY,SI,0,0
BCCA523102-BLK,SI,0,2
MLBHD523107-BLU,SI,0,0
MLBHD523103-NVY,SI,0,0
MLBHD523103-BLU,SI,0,1
MLBHD523109-AQA,SI,0,0
MLBPT523105-GRY,SI,0,0
MLBPT523105-BLK,SI,0,0
MLBTS523104-BUR,SI,0,0
BCTS323109-BUR,SI,0,26
BCTS323109-NVY,SI,0,15
BCTS323108-BLK,SI,0,0
BCTS323108-BUR,SI,0,24
BCTS323108-NVY,SI,0,22
BCTS323107-NVY,SI,0,0
BCTS323106-NVY,SI,0,22
BCTS323105-NVY,SI,0,21
BCTS323106-BLK,SI,0,0
BCTS323105-BLK,SI,0,19
BCTS323103-NVY,SI,0,0
BCTS323102-NVY,SI,0,17
BCTS323102-BLK,SI,0,0
BCSH323104-NVY,SI,0,20
BCSH323103-DGRY,SI,0,0
NBACA523136-GRY,SI,0,1
NBACA523134-BLK,SI,0,1
NBACA523133-BLK,SI,0,0
NBACA523132-BLK4,SI,0,3
NBACA523132-BLK1,SI,0,0
NBACA523130-BLK,SI,0,0
NBACA523130-BLK1,SI,0,0
NBACA523130-BLK2,SI,0,0
NBACA523128-BLK7,SI,0,1
NBACA523128-BLK2,SI,0,0
NBACA523128-BLK,SI,0,1
NBACA523125-PUR,SI,0,0
NBACA523125-RED,SI,0,0
NBACA523125-GRN,SI,0,0
NBACA523125-BLU1,SI,0,0
NBACA523112-BLK4,SI,0,0
NBACA523112-BLK1,SI,0,0
NBACA523112-BLK,SI,0,0
NBACA523111-BLK4,SI,0,1
NBACA523111-BLK2,SI,0,1
NBACA523111-BLK,SI,0,1
NBACA523103-BLK5,SI,0,3
NBACA523103-BLK4,SI,0,0
NBACA523103-BLK,SI,0,0
NBACA523103-BLK1,SI,0,0
NBACA523103-BLK2,SI,0,0
NBABN523109-BLK,SI,0,1
NFLTS523102-BLK2,SI,0,0
NFLTS523102-NVY1,SI,0,0
NBATS523121-TUR,SI,0,0
NBATS523121-GRN,SI,0,0
NBATS523121-PUR,SI,0,36
NBATS523121-BLK,SI,0,9
NBATS523121-BLU,SI,0,0
NBATS523120-BLU1,SI,0,0
NBATS523120-RED,SI,0,0
NBATS523120-BLK2,SI,0,4
NBATS523120-BLU,SI,0,0
NBATS523120-BLK1,SI,0,0
NBATS523119-BLU1,SI,0,0
NBATS523119-RED,SI,0,0
NBATS523119-WHT,SI,0,4
NBATS523119-BLU,SI,0,0
NBATS523118-WHT2,SI,0,1
NBATS523118-BLK3,SI,0,13
NBATS523118-WHT,SI,0,0
NBATS523118-WHT1,SI,0,10
NBATS523118-BLK,SI,0,0
NBATS523118-BLK1,SI,0,0
NBATS523118-BLK2,SI,0,0
NBAJP523107-BLK2,SI,0,0
NBAJP523107-BLK4,SI,0,6
NBAHD523112-GRY,SI,0,14
NBAHD523112-RED,SI,0,2
NBAHD523112-BLK1,SI,0,0
NBAHD523112-BLK2,SI,0,0
NBAHD523112-BLK,SI,0,1
NBAWR523101-WHT2,SI,0,0
NBAWR523101-PNK,SI,0,0
NBAWR523101-PUR,SI,0,22
NBAWR523101-RED,SI,0,19
NBATS523105-PUR,SI,0,10
NBATS523105-BLK2,SI,0,0
NBATS523105-BLK4,SI,0,0
NBATS523105-BLK,SI,0,13
NBATS523105-BLK1,SI,0,13
NBATS523104-BLK1,SI,0,0
NBATS523104-BLK4,SI,0,0
NBATS523104-PUR,SI,0,0
NBATS523103-RED,SI,0,0
NBATS523103-RED1,SI,0,0
NBATS523103-WHT,SI,0,0
NBATS523103-BLK4,SI,0,0
NBATS523103-BLU,SI,0,0
NBATS523103-PUR,SI,0,0
NBATS523103-BLK1,SI,0,0
NBATS523103-BLK2,SI,0,0
NBATS523103-BLK3,SI,0,0
NBATS523103-BLK,SI,0,6
NBASW523102-BLK,SI,0,0
NBASW523102-BLK1,SI,0,0
NBASW523102-BLK3,SI,0,0
NBALS523101-RED,SI,0,0
NBALS523101-BLK3,SI,0,0
NBALS523101-PUR,SI,0,0
NBALS523101-BLK2,SI,0,0
NBALS523101-BLK1,SI,0,0
NBALS523101-BLK,SI,0,0
NBAJK523103-RED,SI,0,0
NBAJK523103-BLK2,SI,0,0
NBAJK523103-PUR,SI,0,0
NBAJK523103-BLK1,SI,0,0
NBAJK523102-BLK1,SI,0,0
NFLTS523102-BLU,SI,0,0
NFLTS523102-BLK1,SI,0,0
NFLTS523101-RED,SI,0,0
NFLTS523101-NVY,SI,0,0
NFLJS523102-NVY,SI,0,0
NFLJS523102-BLK,SI,0,0
NFLJS523102-AQA,SI,0,0
NFLJS523101-BLK3,SI,0,0
NFLJS523101-NVY,SI,0,0
NFLJS523101-NVY1,SI,0,0
NFLJS523101-BLK,SI,0,0
NFLJS523101-BLK1,SI,0,0
NFLJS523101-BLK2,SI,0,0
NFLHD523106-AQA,SI,0,0
RMFB523102-BLU,SI,0,0
RMFB523102-BLK,SI,0,0
RMFB523101-BLK,SI,0,0
RMDB523102-BLK,SI,0,0
RMBK523102-BLU,SI,0,0
RMBK523101-NVY,SI,0,0
RMBK523101-BLU,SI,0,0
PSGMB523102-NVY,SI,0,0
PSGMB523102-BLK,SI,0,0
PSGMB523101-NVY,SI,0,84
PSGMB523101-BLK,SI,0,0
PSGFB523102-NVY,SI,0,0
PSGFB523102-BLK,SI,0,0
PSGDB523103-NVY,SI,0,0
PSGDB523103-BLK,SI,0,0
PSGBK523103-NVY,SI,0,63
PSGBK523103-BUR,SI,0,0
PSGBK523102-BLK,SI,0,0
PSGBK523101-NVY,SI,0,0
PSGBK523101-BLK,SI,0,0
NBABK523103-GRY6,SI,0,0
NBABK523103-BUR,SI,0,0
NBABK523103-GRN,SI,0,0
NBABK523103-GRY4,SI,0,0
NBABK523103-BLK,SI,0,0
NBABK523103-GRY3,SI,0,0
NBABK523102-BUR,SI,0,0
NBABK523102-BLK4,SI,0,0
NBABK523102-BLK5,SI,0,0
NBABK523102-GRN,SI,0,0
NBABK523102-GRY,SI,0,0
NBABK523102-BLK3,SI,0,0
NBABK523102-BLK,SI,0,63
NBABK523102-BLK2,SI,0,63
NBABK523101-GRY6,SI,0,0
NBABK523101-GRY5,SI,0,0
NBABK523101-BLK3,SI,0,0
NBABK523101-BUR,SI,0,0
NBABK523101-GRY4,SI,0,0
NBABK523101-BLK2,SI,0,0
NBABK523101-GRN,SI,0,0
NBABK523101-BLK,SI,0,0
NBABK523101-GRY3,SI,0,0
NBABK523101-GRY2,SI,0,0
NBABK523101-GRY,SI,0,0
NBADB523102-BUR,SI,0,0
NBADB523102-GRN,SI,0,0
NBADB523102-BLK5,SI,0,0
NBADB523102-GRY,SI,0,0
NBADB523102-BLK4,SI,0,0
NBADB523102-BLK3,SI,0,0
NBADB523102-PUR,SI,0,0
NBADB523102-RED,SI,0,0
NBADB523102-BLK2,SI,0,0
NBADB523102-BLK,SI,0,42
NBADB523101-GRY6,SI,0,0
NBADB523101-BUR,SI,0,0
NBADB523101-GRY5,SI,0,0
NBADB523101-GRY4,SI,0,0
NBADB523101-GRY3,SI,0,0
NBAMB523102-GRY6,SI,0,0
NBAMB523102-GRY5,SI,0,0
NBAMB523102-BUR,SI,0,0
NBAMB523102-GRN,SI,0,0
NBAMB523102-GRY4,SI,0,0
NBAMB523102-GRY3,SI,0,0
NBATS323124-BLK,SI,0,0
NBATS323123-BLK4,SI,0,0
NBATS323123-BLK,SI,0,0
NBATS323122-WHT,SI,0,0
NBATS323122-RED,SI,0,0
NBATS323122-PUR,SI,0,0
NBATS323122-LHB,SI,0,0
NBATS323122-BLK3,SI,0,0
NBATS323122-BLK2,SI,0,0
NBATS323122-BLK,SI,0,0
NBASW323107-BLK4,SI,0,0
NBASW323107-BLK3,SI,0,0
NBASW323107-BLK2,SI,0,0
NBASW323107-BLK1,SI,0,0
NBASW323107-BLK,SI,0,0
NBALS323103-GRY1,SI,0,0
NBALS323103-BLK,SI,0,0
NBAJP323108-BLK5,SI,0,0
NBAJP323108-BLK,SI,0,0
NBAJK323105-BLK4,SI,0,0
NBAJK323105-BLK3,SI,0,0
NBAJK323105-BLK2,SI,0,0
NBAJK323105-BLK1,SI,0,0
NBAJK323105-BLK,SI,0,0
NBATS323102-RED,SI,0,0
NBATS323102-PUR,SI,0,0
NBATS323102-ORG,SI,0,0
NBATS323102-LHB1,SI,0,0
NBATS323102-LHB,SI,0,0
NBATS323102-GRY,SI,0,0
NBATS323102-BLK1,SI,0,0
NBATS323102-BLK,SI,0,0
NBATS323101-WHT3,SI,0,0
NBATS323101-WHT2,SI,0,0
NBATS323109-ORG,SI,0,0
NBATS323109-LHB1,SI,0,0
NBATS323109-LHB,SI,0,0
NBASW323103-RED,SI,0,0
NBASW323103-PUR,SI,0,0
NBASW323103-BLK3,SI,0,0
NBASW323103-BLK2,SI,0,0
NBASW323103-BLK1,SI,0,0
NBASW323103-BLK,SI,0,0
NBASH323110-BLK3,SI,0,0
NBASH323110-BLK2,SI,0,0
NBASH323110-BLK1,SI,0,0
NBASH323110-BLK,SI,0,0
NBASH323102-BLK3,SI,0,0
NBASH323102-BLK2,SI,0,0
NBATS323101-WHT1,SI,0,0
NBATS323101-BLU,SI,0,0
NBATS323101-BLK2,SI,0,0
NBATS323101-BLK1,SI,0,0
NBATS323101-BLK,SI,0,0
NBASW323101-LHB,SI,0,0
NBASW323101-GRY1,SI,0,0
NBASW323101-GRY,SI,0,0
NBASW323101-BLK1,SI,0,0
NBAJP323101-PUR,SI,0,0
NBAJP323101-GRY,SI,0,0
NBAJP323101-BLK2,SI,0,0
NBAJP323101-BLK1,SI,0,0
NBAJP323101-BLK,SI,0,0
NBAJK323101-DEN,SI,0,0
NBAJK323101-BLK,SI,0,0
NBAHD323101-PUR,SI,0,0
NBAHD323101-GRY,SI,0,0
NBAHD323101-BLK2,SI,0,0
NBAHD323101-BLK1,SI,0,0
NBAHD323101-BLK,SI,0,0
NBATS323111-WHT2,SI,0,0
NBATS323111-WHT1,SI,0,0
NBATS323111-BLK1,SI,0,0
NBATS323110-WHT,SI,0,0
NBATS323110-BLK3,SI,0,0
NBATS323110-BLK2,SI,0,0
NBATS323110-BLK1,SI,0,0
NBASW323104-RED1,SI,0,0
NBASW323104-RED,SI,0,0
NBASW323104-PUR,SI,0,0
NBASW323104-BLU,SI,0,0
NBASW323104-BLK1,SI,0,0
NBASW323104-BLK,SI,0,0
NBASH323103-BLK3,SI,0,0
NBAJP323104-BLK3,SI,0,0
NBAJP323104-BLK1,SI,0,0
NBAJK323104-GRY,SI,0,0
NBAJK323104-GRY1,SI,0,0
NBAJK323104-BLK3,SI,0,0
NBAJK323104-BLK2,SI,0,0
NBAJK323104-BLK1,SI,0,0
NBAJK323104-BLK,SI,0,0
NBAHD323106-RED1,SI,0,0
NBAHD323106-GRY,SI,0,0
NBAHD323106-BLK,SI,0,0
BCSH323103-NVY,SI,0,13
BCSH323101-NVY,SI,0,11
BCSH323103-BLK,SI,0,23
BCPT323102-NVY,SI,0,7
BCPL323102-BLK,SI,0,0
BCJS323106-NVY,SI,0,25
BCJS323102-NVY,SI,0,0
BCJS323105-RED,SI,0,13
BCJS323101-RED,SI,0,9
BCHD323101-NVY,SI,0,0
BCCA323108-BLK,SI,0,0
BCCA323106-NVY,SI,0,0
BCCA323106-DGRY,SI,0,0
BCCA323105-NVY,SI,0,0
BCCA323101-BLK,SI,0,0
JVTS323101-BLK,SI,0,0
MLBJS523109-NVY,SI,0,0
MLBJS523109-BLK1,SI,0,0
MLBJS523109-BLK,SI,0,0
MLBPT523106-NVY,SI,0,0
MLBPT523106-BLK1,SI,0,0
MLBSH523103-NVY1,SI,0,0
MLBSH523103-NVY,SI,0,0
MLBTS623106-GRY,SI,0,0
MLBTS623106-WHT,SI,0,0
MLBTS623106-BLK,SI,0,0
MLBSW623105-BUR,SI,0,0
MLBSW623108-GRN,SI,0,0
MLBCT623113-BLU,SI,0,0
MLBSW623105-BGE,SI,0,0
11235U-002,NO,0,0
11235U-EBK,NO,0,0
11235U-EH2,NO,0,0
MLBJS523115-BLK,SI,0,3
MLBSW523105-GRY1,SI,0,0
MLBSW523105-BLU,SI,0,0
MLBSW523105-BLK1,SI,0,1
MLBSW523105-BLK,SI,0,6
MLBPT523108-BLK1,SI,0,0
MLBPT523108-BLK,SI,0,0
MLBHD523112-NVY1,SI,0,0
MLBHD523112-NVY,SI,0,6
MLBHD523112-BLU,SI,0,0
MLBHD523112-BLK1,SI,0,2
MLBHD523112-BLK,SI,0,9
MLBBK523103-GRY2,SI,0,0
MLBBK523103-BLK,SI,0,0
MLBBK523103-BLU,SI,0,0
MLBBK523101-NVY2,SI,0,0
MLBBK523101-NVY,SI,0,0
MLBDB523102-NVY,SI,0,0
MLBDB523102-NVY2,SI,0,0
MLBDB523102-BLK2,SI,0,0
MLBHD623106-BLK2,SI,0,0
MLBHD623105-BLK,SI,0,0
MLBHD623105-BLK1,SI,0,0
MLBHD623105-GRY,SI,0,0
MLBHD623105-BLK3,SI,0,0
MLBHD623105-BLK2,SI,0,0
MLBCT623107-NVY,SI,0,0
MLBCT623107-BLK,SI,0,0
MLBCT623107-GRY,SI,0,0
MLBCT623107-BLU,SI,0,0
MLBSL523100-NVY,SI,0,0
JVFB523102-GRY,SI,0,0
JVFB523102-BLK,SI,0,0
JVBK523103-GRY,SI,0,0
JVBK523103-BLK,SI,0,0
JVBK523102-GRY,SI,0,0
JVBK523102-BLK,SI,0,0
BCFB523102-NVY,SI,0,0
BCFB523102-BLK,SI,0,0
BCFB523101-BLK,SI,0,0
BCBK523103-RED,SI,0,0
BCBK523102-NVY,SI,0,0
BCBK523102-BLK,SI,0,0
MLBSW523107-NVY1,SI,0,0
MLBSH523104-LHB,SI,0,0
MLBSH523104-BLU,SI,0,0
MLBSH523104-BLK1,SI,0,0
MLBSH523104-BLK,SI,0,0
MLBPT523123-BLU,SI,0,0
MLBPT523122-BLK2,SI,0,0
MLBJS523104-WHT3,SI,0,0
MLBJS523101-NVY1,SI,0,0
MLBJK523105-NVY1,SI,0,0
MLBHD523123-BLU2,SI,0,0
MLBTS323104-GRY,SI,0,0
MLBTS323104-BLK1,SI,0,0
NBAHD323105-GRY1,SI,0,0
NBAHD323105-GRY,SI,0,0
NBAHD323104-RED1,SI,0,0
NBAHD323104-RED,SI,0,0
NBAHD323104-PUR,SI,0,0
NBAHD323104-GRY,SI,0,0
NBAHD323104-BLU,SI,0,0
NBAHD323104-BLK,SI,0,0
NBAWR323104-RED,SI,0,0
NBAWR323104-BLK3,SI,0,0
NBAWR323104-BLK2,SI,0,0
NBAWR323104-BLK1,SI,0,0
NBAWR323104-BLK,SI,0,0
NBATT323103-NVY,SI,0,0
NBATT323103-BLK2,SI,0,0
NBATT323103-BLK1,SI,0,0
NBATT323103-BLK,SI,0,0
NBATS323130-WHT3,SI,0,0
NBATS323130-NVY,SI,0,0
NBATS323108-WHT3,SI,0,0
NBATS323108-WHT2,SI,0,0
NBATS323108-WHT1,SI,0,0
NBATS323108-WHT,SI,0,0
NBATS323108-RED,SI,0,0
NBATS323108-BLK3,SI,0,0
NBATS323108-BLK2,SI,0,0
NBATS323108-BLK1,SI,0,0
NBATS323108-BLK,SI,0,0
NBASW323111-RED,SI,0,0
NBASW323111-PUR,SI,0,0
NBASW323111-NVY,SI,0,0
NBASW323111-ORG,SI,0,0
NBASW323111-BLK3,SI,0,0
NBASW323111-BLK2,SI,0,0
NBASW323111-BLK1,SI,0,0
NBASW323111-BLK,SI,0,0
NBASH323111-NVY,SI,0,0
NBASH323111-GRY1,SI,0,0
NBASH323111-GRY,SI,0,0
NBASH323111-BLK2,SI,0,0
NBASH323111-BLK3,SI,0,0
NBASH323111-BLK1,SI,0,0
NBASH323111-BLK,SI,0,0
NBASH323106-NVY,SI,0,0
NBASH323106-BLK2,SI,0,0
NBASH323106-BLK1,SI,0,0
NBASH323106-BLK,SI,0,0
MLBSW323104-NVY1,SI,0,0
MLBSW623104-BLU,SI,0,0
MLBSW623104-BLK,SI,0,0
MLBSW623104-GRY1,SI,0,0
MLBSW623104-NVY,SI,0,0
MLBSW623104-GRY,SI,0,0
MLBJP623104-BLU,SI,0,0
MLBJP623104-BLK,SI,0,0
MLBJP623104-BLK1,SI,0,0
MLBJP623104-BLK2,SI,0,0
MLBJP623104-GRY,SI,0,0
MLBJP623103-GRY,SI,0,0
MLBJP623103-BLK,SI,0,0
MLBJP623103-BLK2,SI,0,0
MLBJP623103-NVY,SI,0,0
MLBJP623103-BLK1,SI,0,0
MLBJK623101-GRY,SI,0,0
MLBJK623101-BLK2,SI,0,0
MLBJK623101-BLK,SI,0,0
MLBJK623101-NVY,SI,0,0
MLBJK623101-BLK1,SI,0,0
MLBHD623106-GRY,SI,0,0
MLBHD623106-GRY1,SI,0,0
MLBHD623106-BLK,SI,0,0
MLBHD623106-BLK1,SI,0,0
MLBHD323112-BLK1,SI,0,0
MLBHD323112-BLK,SI,0,0
MLBTS623101-BLU,SI,0,0
MLBTS623102-WHT,SI,0,0
MLBHD523123-BLU1,SI,0,0
MLBHD523122-BLK1,SI,0,0
MLBPT523101-BLU,SI,0,0
MLBTS523113-WHT2,SI,0,7
MLBTS523113-WHT1,SI,0,0
MLBTS523113-NVY1,SI,0,0
MLBJK523104-BLU,SI,0,0
MLBHD523114-NVY,SI,0,0
MLBHD523114-GRY,SI,0,0
MLBHD523114-BLK1,SI,0,0
MLBHD523114-BLK,SI,0,11
MLBJT319427-BLK2,SI,0,0
MLBJT319427-NVY2,SI,0,0
MLBJT319427-BLK,SI,0,0
MLBJP323120-NVY,SI,0,0
MLBJP323120-BLK,SI,0,0
MLBHD52001-BLU1,SI,0,0
MLBHD52001-BLK2,SI,0,0
NBAPT323101-RED,SI,0,0
NBAPT323101-BLK3,SI,0,0
NBAPT323101-BLK2,SI,0,0
NBAPT323101-BLK1,SI,0,0
NBAPT323101-BLK,SI,0,0
NBAJP323111-NVY,SI,0,0
NBAJP323111-GRY2,SI,0,0
NBAJP323111-GRY,SI,0,0
NBAJP323111-BLK3,SI,0,0
NBAJP323111-BLK2,SI,0,0
NBAJP323111-BLK1,SI,0,0
NBAJP323111-BLK,SI,0,0
NBAHD323117-RED,SI,0,0
NBAHD323117-WHT,SI,0,0
NBAHD323117-GRY2,SI,0,0
NBAHD323117-GRY1,SI,0,0
NBAHD323117-GRY,SI,0,0
NBAHD323117-BLK3,SI,0,0
NBAHD323117-BLK1,SI,0,0
NBAHD323117-BLK2,SI,0,0
NBAHD323117-BLK,SI,0,0
NBATT323105-RED,SI,0,0
NBATT323105-PUR,SI,0,0
NBATT323105-ORG,SI,0,0
NBATT323105-LHB,SI,0,0
NBATS323128-BLK3,SI,0,0
NBATS323128-BLK2,SI,0,0
NBATS323128-BLK1,SI,0,0
NBATS323128-BLK,SI,0,0
NBATS323109-WHT1,SI,0,0
NBATS323109-WHT,SI,0,0
NBATS323109-RED,SI,0,0
NBATS323109-PUR,SI,0,0
NFLHD323101-BLK2,SI,0,0
NBASW523103-BLK3,SI,0,0
NBASW523101-LHB,SI,0,3
NFLWR323101-AQA,SI,0,0
NBASW523103-BLK,SI,0,0
NFLWR323101-BLK2,SI,0,0
NBASH323102-BLK1,SI,0,0
NBASH323102-BLK,SI,0,0
NBALS323102-RED,SI,0,0
NBALS323102-PUR,SI,0,0
NBALS323102-LHB,SI,0,0
NBALS323102-BLK3,SI,0,0
NBALS323102-BLK2,SI,0,0
NBALS323102-BLK1,SI,0,0
NBALS323102-BLK,SI,0,0
NBAJS323104-BLK3,SI,0,0
NBAJS323104-BLK2,SI,0,0
NBAJS323104-BLK1,SI,0,0
NBAJS323104-BLK,SI,0,0
NBAJP323110-BLK4,SI,0,0
NBAJP323110-BLK3,SI,0,0
NBAJP323110-BLK2,SI,0,0
NBAJP323110-BLK1,SI,0,0
NBAJP323110-BLK,SI,0,0
NBAHD323103-PUR,SI,0,0
NBAHD323103-LHB,SI,0,0
NBAHD323103-BLK3,SI,0,0
NBAHD323103-BLK2,SI,0,0
NBAHD323103-BLK1,SI,0,0
NBAHD323103-BLK,SI,0,0
NBATS523127-WHT,SI,0,0
NBATS523127-TUR,SI,0,0
NBATS523127-PUR,SI,0,0
NBATS523127-NVY,SI,0,0
NBATS523127-GRY3,SI,0,0
NBATS523127-GRY2,SI,0,0
NBATS523127-GRY1,SI,0,0
NBASW523109-RED,SI,0,5
NBASW523109-PUR,SI,0,0
NBASW523109-NVY,SI,0,0
NBASW523109-GRY3,SI,0,0
NBASW523109-GRY2,SI,0,0
NBASW523109-GRY1,SI,0,0
NBASW523109-GRY,SI,0,0
NBASW523109-BLU,SI,0,0
NBASW523109-BLK3,SI,0,0
NBASW523109-BLK2,SI,0,0
NBASW523109-BLK1,SI,0,0
NBASW523109-BLK,SI,0,0
NBASH523107-BLK2,SI,0,0
NBATS623201-WHT,SI,0,0
NBAJS523103-BLK,SI,0,0
NBAJS523102-GRN,SI,0,0
NBAJS523102-BLU,SI,0,0
NBAJS523102-BLK3,SI,0,0
NBAJS523102-BLK2,SI,0,0
NBAJS523101-BLK2,SI,0,0
NBAJP523109-RED,SI,0,0
NBAJP523109-PUR,SI,0,0
NBAJP523109-BLU,SI,0,0
NBAJP523109-BLK2,SI,0,0
NBAHD523116-WHT,SI,0,0
NBAHD523116-TUR,SI,0,0
NBAHD523116-PUR,SI,0,0
NBAHD523116-GRY3,SI,0,0
NBAHD523116-GRY2,SI,0,0
NBAHD523115-NVY,SI,0,0
NBAHD523115-BLK3,SI,0,0
NBAHD523115-BLK2,SI,0,0
NBAHD523114-BLU,SI,0,0
NBAHD523114-BLK2,SI,0,0
NBASW523106-BLK4,SI,0,0
NBATS523119-WHT2,SI,0,0
NBATT523105-RED,SI,0,0
NBATT523105-PUR,SI,0,0
NBATT523105-ORG,SI,0,0
NBATT523105-LHB,SI,0,0
NBATS523128-BLK3,SI,0,0
NBATS523128-BLK2,SI,0,0
NBATS523128-BLK1,SI,0,0
NBATS523128-BLK,SI,0,0
NBATS523109-LHB1,SI,0,0
NBASW523103-PUR,SI,0,0
NBASH523110-BLK3,SI,0,0
NBASH523110-BLK2,SI,0,0
NBAJS523104-BLK3,SI,0,0
NBAJS523104-BLK2,SI,0,0
NBAJS523104-BLK1,SI,0,0
NBAJS523104-BLK,SI,0,0
NBAJP523110-BLK4,SI,0,0
NBAJP523110-BLK3,SI,0,0
NBAJP523110-BLK2,SI,0,0
NBAJP523110-BLK1,SI,0,0
NBAJP523110-BLK,SI,0,0
NFLWR523102-RED,SI,0,0
NFLWR523102-NVY,SI,0,0
NFLWR523102-BLK1,SI,0,0
NFLWR523102-BLK,SI,0,0
NFLWR523102-AQA,SI,0,0
NFLTS523107-WHT2,SI,0,0
NFLTS523107-AQA,SI,0,0
NFLSW523103-RED1,SI,0,0
NFLSW523103-RED,SI,0,0
NFLSW523103-BLK4,SI,0,0
NFLSW523103-BLK,SI,0,0
NFLSW523103-AQA,SI,0,0
NFLSH523103-NVY1,SI,0,0
NFLSH523102-AQA,SI,0,0
NFLJS523105-RED,SI,0,0
NFLJS523105-AQA,SI,0,0
NFLJS523104-RED1,SI,0,0
NFLJS523104-AQA,SI,0,0
NFLJS523103-RED1,SI,0,0
NFLJS523103-BLK4,SI,0,0
NFLJS523103-BLK,SI,0,0
NFLJS523103-AQA,SI,0,0
NFLJP523105-RED1,SI,0,0
NFLJP523105-RED,SI,0,0
NFLJP523105-GRY2,SI,0,0
NFLJP523105-BLK,SI,0,0
NFLJP523105-AQA,SI,0,0
NFLJP523104-RED1,SI,0,0
NFLJP523104-RED,SI,0,0
NFLJP523104-GRY,SI,0,0
NFLJP523104-BLK4,SI,0,0
NFLJP523104-BLK3,SI,0,0
NFLJP523104-BLK1,SI,0,0
NFLJP523104-BLK,SI,0,0
NFLJP523104-AQA,SI,0,0
NFLHD523108-RED1,SI,0,0
NFLHD523108-RED,SI,0,0
NFLHD523108-NVY,SI,0,0
NFLHD523108-GRY,SI,0,0
NFLHD523108-BLK4,SI,0,0
NFLHD523108-BLK3,SI,0,0
NFLHD523108-BLK2,SI,0,0
NFLHD523108-BLK1,SI,0,0
NFLHD523108-BLK,SI,0,0
NFLHD523108-AQA,SI,0,0
NFLHD523107-RED1,SI,0,0
NFLHD523107-RED,SI,0,0
NFLHD523107-BLK4,SI,0,0
NFLHD523107-BLK2,SI,0,0
NFLHD523107-BLK1,SI,0,0
NFLHD523107-BLK,SI,0,0
NFLHD523107-AQA,SI,0,0
NBAWR523104-BLK3,SI,0,0
NBAWR523104-RED,SI,0,0
NBAWR523104-BLK2,SI,0,0
NBAWR523104-BLK1,SI,0,0
NBAWR523104-BLK,SI,0,0
NBATT523103-NVY,SI,0,0
NBATS523130-WHT3,SI,0,0
NBATS523130-WHT2,SI,0,0
NBATS523130-WHT1,SI,0,0
NBATS523130-WHT,SI,0,0
NBATS523130-RED,SI,0,0
NBATS523130-PUR1,SI,0,0
NBATS523130-PUR,SI,0,0
NBATS523130-NVY,SI,0,0
NBASH523106-NVY,SI,0,0
PSGCA323107-WHT,SI,0,0
PSGSW323101-GRY,SI,0,15
PSGSW323101-NVY,SI,0,0
PSGSW323101-BLK,SI,0,0
PSGTS323111-WHT,SI,0,0
PSGJK323102-WHT,SI,0,0
PSGCA523107-WHT,SI,0,0
PSGSW523101-BLK,SI,0,0
PSGJS523106-BLK,SI,0,0
PSGJS523106-NVY,SI,0,8
NBAWR523103-NVY,SI,0,0
NBAWR523103-BLK2,SI,0,0
NBASW523110-BLK2,SI,0,3
NBASW523110-NVY,SI,0,3
NBASW523110-BLK1,SI,0,1
NBASW523110-BLK,SI,0,1
RMJK323101-BLK,SI,0,0
PSGCA523104-WHT,SI,0,0
NBASW323106-GRY1,SI,0,0
NBASW323106-BLK3,SI,0,0
NBASW323106-BLK,SI,0,0
NBASW323106-BLK1,SI,0,0
NBASW323106-BLK2,SI,0,0
NBATS323121-GRN,SI,0,0
NBATS323121-BLK,SI,0,0
NBATS323121-TUR,SI,0,0
NBATS323121-LBH,SI,0,0
NBATS323121-BLU,SI,0,0
NBATS323120-BLU,SI,0,0
NBATS323120-BLU1,SI,0,0
NBATS323117-NVY,SI,0,0
NBAHD323112-BLU,SI,0,0
NBAHD323112-GRY,SI,0,0
NBAHD323112-BLK1,SI,0,0
NFLTS523103-BUR,SI,0,0
NFLTS523103-BLK3,SI,0,0
NFLTS523103-BLK1,SI,0,0
NFLTS523103-BLK2,SI,0,0
NFLTS523103-AQA,SI,0,0
NFLTS523102-WHT,SI,0,0
NFLTS523102-RED1,SI,0,0
NFLTS523102-RED,SI,0,0
NFLTS523102-BLK,SI,0,0
NFLTS523101-RED1,SI,0,0
NFLSW523102-NVY,SI,0,0
NFLSW523102-BLK4,SI,0,0
NBATS523121-BLU2,SI,0,0
NBASW523111-RED,SI,0,0
NBASW523111-PUR,SI,0,0
NBASW523111-ORG,SI,0,0
NBASW523111-BLK3,SI,0,0
NBASW523111-NVY,SI,0,0
NBASW523111-BLK2,SI,0,0
NBASW523111-BLK1,SI,0,0
NBASW523111-BLK,SI,0,0
NBASH523111-NVY,SI,0,0
NBASH523111-GRY1,SI,0,0
NBASH523111-GRY,SI,0,0
NBASH523111-BLK3,SI,0,0
NBASH523111-BLK2,SI,0,0
NBASH523111-BLK1,SI,0,0
NBASH523111-BLK,SI,0,0
NBAJP523111-NVY,SI,0,0
NBAJP523111-GRY2,SI,0,0
NBAJP523111-GRY,SI,0,0
NBAJP523111-BLK3,SI,0,0
NBAJP523111-BLK2,SI,0,0
NBAJP523111-BLK1,SI,0,0
NBAJP523111-BLK,SI,0,0
NBAHD523117-WHT,SI,0,0
NBAHD523117-RED,SI,0,0
NBAHD523117-GRY2,SI,0,0
NBAHD523117-GRY1,SI,0,0
NBAHD523117-GRY,SI,0,0
NBAHD523117-BLK3,SI,0,0
NBAHD523117-BLK2,SI,0,0
NBAHD523117-BLK1,SI,0,0
NBAHD523117-BLK,SI,0,0
NFLWR323101-BLK1,SI,0,0
NFLTS323106-GRY,SI,0,0
NFLTS323106-GRY1,SI,0,0
NFLTS323106-BLK,SI,0,0
NFLTS323105-BLK,SI,0,0
NBATS623105-PNK1,SI,0,0
NBATS623105-WHT2,SI,0,0
NBATS623105-BLK1,SI,0,0
NBATS623105-WHT1,SI,0,0
NBATS623105-WHT,SI,0,0
MLBHD52001-BLK,SI,0,0
MLBTS323111-TUR,SI,0,0
MLBTS323111-GRY,SI,0,0
MLBTS323111-BLU,SI,0,0
MLBTS323108-WHT1,SI,0,0
MLBTS323108-BLU1,SI,0,0
MLBTS323104-NVY1,SI,0,0
MLBTS323104-NVY,SI,0,0
MLBBK523101-GRY3,SI,0,0
MLBBK523101-BLK,SI,0,0
MLBBK523101-GRY2,SI,0,0
MLBBK523101-GRY,SI,0,0
MLBBK523101-BLU,SI,0,0
MLBDB523102-RED,SI,0,0
MLBDB523102-BLK3,SI,0,0
MLBDB523102-BLU,SI,0,0
MLBDB523102-BLK,SI,0,0
MLBMB523102-GRY3,SI,0,0
MLBMB523102-GRY2,SI,0,0
MLBMB523102-GRY,SI,0,0
MLBMB523102-BLU,SI,0,0
MLBSW323104-NVY,SI,0,0
MLBSW323104-BLU1,SI,0,0
MLBSW323104-BLU,SI,0,0
MLBSW323104-BLK1,SI,0,0
MLBSW323102-NVY1,SI,0,0
MLBSW323102-NVY,SI,0,0
MLBSW323102-GRY,SI,0,0
MLBSW323102-DGRY,SI,0,0
MLBSW323102-BLK,SI,0,0
MLBPT323106-NVY,SI,0,0
MLBPT323106-BLK1,SI,0,0
MLBPT323106-BLK,SI,0,0
MLBPT323104-NVY2,SI,0,0
MLBPT323104-NVY,SI,0,0
MLBPT323104-BLU1,SI,0,0
MLBPT323104-BLU,SI,0,0
MLBPT323104-BLK1,SI,0,0
MLBPT323102-BLK2,SI,0,0
MLBSW623101-BLK1,SI,0,0
MLBSW623101-BLK,SI,0,0
MLBSW623101-BLU,SI,0,0
MLBSW623101-GRY,SI,0,0
MLBSH623101-BLK2,SI,0,0
MLBSH623101-BLK,SI,0,0
MLBSH623101-BLU,SI,0,0
MLBSH623101-BLK1,SI,0,0
NBATS623105-LIL1,SI,0,0
NBATS623105-BLK,SI,0,0
NBATS623105-PNK,SI,0,0
NBATS623105-GRY,SI,0,0
NBATS623103-ORG,SI,0,0
NBATS623103-WHT1,SI,0,0
NBATS623103-LIL2,SI,0,0
NBATS623103-BLK,SI,0,0
NBATS623103-WHT,SI,0,0
NBATS623103-LIL1,SI,0,0
NBATS623103-RED,SI,0,0
NBATS623103-GRY,SI,0,0
NBATS623103-PNK,SI,0,0
NBASW623103-GRY2,SI,0,0
NBASW623103-BLK3,SI,0,0
NBASW623103-WHT,SI,0,0
NBASW623103-BLK2,SI,0,0
NBASW623103-BLK1,SI,0,0
NBASW623103-GRY1,SI,0,0
NBASW623103-RED,SI,0,0
NBASW623103-GRY,SI,0,0
NBASW623103-BLK,SI,0,0
NBASW623102-ORG,SI,0,0
NBASW623102-BLK3,SI,0,0
NBASW623102-BLK2,SI,0,0
NFLSW523102-BLK5,SI,0,0
NFLSW523102-BLK3,SI,0,0
NFLSW523102-BLK1,SI,0,0
NFLSW523102-BLK2,SI,0,0
NFLSW523102-BLK,SI,0,0
NFLSW523101-GRY,SI,0,0
NFLSW523101-RED,SI,0,0
NFLSW523101-BLK,SI,0,0
NFLSW523101-BLU,SI,0,0
NFLSH523101-NVY,SI,0,0
NFLSH523101-NVY1,SI,0,0
NFLSH523101-GRY,SI,0,0
NFLSH523101-BLK2,SI,0,0
NFLSH523101-BLK1,SI,0,0
NFLSH523101-BLK,SI,0,0
NFLLS523101-NVY,SI,0,0
NFLLS523101-BLK2,SI,0,0
NFLLS523101-BLK3,SI,0,0
NFLLS523101-BLK1,SI,0,0
NFLLS523101-BLK,SI,0,0
NFLLS523101-AQA,SI,0,0
NFLJS523102-BLK3,SI,0,0
NFLJS523102-BLK2,SI,0,0
NFLJS523102-BLK1,SI,0,0
NFLJP523103-NVY1,SI,0,0
NFLJP523103-BLK2,SI,0,0
NFLJP523103-NVY,SI,0,0
NFLJP523103-BLK3,SI,0,0
NFLJP523103-BLK1,SI,0,0
NFLJP523103-BLK,SI,0,0
NFLJP523102-GRY2,SI,0,0
NFLJP523102-NVY,SI,0,0
NFLJP523102-GRY,SI,0,0
NFLJP523102-BLK5,SI,0,0
NFLJP523102-BLK4,SI,0,0
NFLJP523102-BLK3,SI,0,0
NFLJP523102-BLK2,SI,0,0
NFLJP523102-BLK1,SI,0,0
NFLJP523102-BLK,SI,0,0
NFLJP523101-NVY,SI,0,0
NFLJP523101-BLK,SI,0,0
NFLJP523101-BLK1,SI,0,0
NFLJK523102-NVY,SI,0,0
NFLJK523102-BLK3,SI,0,0
NFLJK523102-BLK1,SI,0,0
NFLJK523102-BLK2,SI,0,0
NFLJK523102-AQA,SI,0,0
NFLJK523102-BLK,SI,0,0
NFLJK523101-RED,SI,0,0
NFLJK523101-YEL,SI,0,0
NFLJK523101-BUR,SI,0,0
NFLHD523106-GRY1,SI,0,0
NFLHD523106-RED1,SI,0,0
NFLHD523106-GRY,SI,0,0
NFLHD523106-BLK,SI,0,0
NFLHD523105-BLK,SI,0,0
NFLHD523104-RED,SI,0,0
NFLHD523104-GRY3,SI,0,0
NFLHD523104-GRY1,SI,0,0
NFLHD523104-GRY2,SI,0,0
NFLHD523104-BLK2,SI,0,0
NFLHD523104-BLK1,SI,0,0
NFLHD523104-AQA,SI,0,0
NFLHD523104-BLK,SI,0,0
NFLHD523103-RED2,SI,0,0
NFLHD523103-RED,SI,0,0
NFLHD523103-NVY,SI,0,0
NBASW623102-BLK1,SI,0,0
NBASW623102-WHT1,SI,0,0
NBASW623102-PUR,SI,0,0
NBASW623102-WHT,SI,0,0
NBASW623102-RED,SI,0,0
NBASW623102-BLK,SI,0,0
NBAJP623102-GRY3,SI,0,0
NBAJP623102-BLK3,SI,0,0
NBAJP623102-BLK2,SI,0,0
NBAJP623102-GRY2,SI,0,0
NBAJP623102-GRY1,SI,0,0
NBAJP623102-GRY,SI,0,0
NBAJP623102-BLK1,SI,0,0
NBAJP623102-BLK,SI,0,0
NBAHD623103-BLK2,SI,0,0
NBAHD623103-GRY2,SI,0,0
NBAHD623103-BLK1,SI,0,0
NBAHD623103-BLK,SI,0,0
NBAHD623103-LHB1,SI,0,0
NBAHD623103-GRY1,SI,0,0
NBAHD623103-RED,SI,0,0
NBAHD623103-GRY,SI,0,0
NBAHD623103-LHB,SI,0,0
NBAHD623102-BLK1,SI,0,0
NBAHD623102-BLK3,SI,0,0
NBAHD623102-GRY1,SI,0,0
NBAHD623102-PUR,SI,0,0
NBAHD623102-BLK2,SI,0,0
NBAHD623102-GRY,SI,0,0
NBAHD623102-RED,SI,0,0
NBAHD623102-BLK,SI,0,0
NFLTS523102-BUR,SI,0,0
NFLTS523102-BLK3,SI,0,0
NFLTS523102-WHT1,SI,0,0
NFLTS523102-ORG,SI,0,0
NFLTS523102-NVY,SI,0,0
NFLTS523101-GRY,SI,0,0
NFLTS523101-DGRY,SI,0,0
NFLTS523101-BUR,SI,0,0
NFLTS523101-AQA,SI,0,0
NFLTS523101-NVY1,SI,0,0
NFLTS523101-RED2,SI,0,0
NFLSW523101-NVY,SI,0,0
NFLSW523101-BUR,SI,0,0
NFLSW523101-AQA,SI,0,0
NFLJP523101-BLK3,SI,0,0
NFLJP523101-NVY1,SI,0,0
NFLJP523101-NVY2,SI,0,0
NFLJP523101-BLK2,SI,0,0
NFLJK523101-NVY,SI,0,0
NFLJK523101-GRY,SI,0,0
NFLJK523101-BUR1,SI,0,0
NFLJK523101-AQA,SI,0,0
NFLHD523106-BLK1,SI,0,0
NFLHD523106-NVY,SI,0,0
NFLHD523101-NVY1,SI,0,0
NFLHD523101-BLK2,SI,0,0
NFLHD523101-BLK3,SI,0,0
NFLCHD52310-BUR,SI,0,0
NFLHD523101-AQA,SI,0,0
NFLCHD52310-AQA,SI,0,0
NFLCHD52310-NVY,SI,0,0
NFLCHD52310-WHT,SI,0,0
NBATS523121-LBH,SI,0,0
NBAJP523107-BLK3,SI,0,0
NBAHD523112-BLU,SI,0,0
NBAWR523101-NVY,SI,0,0
NBATS523104-WHT2,SI,0,0
NBATS523104-WHT,SI,0,0
NBATS523104-WHT1,SI,0,0
NBASW523102-GRY,SI,0,0
NBASW523102-GRY2,SI,0,0
NBASW523102-GRY3,SI,0,0
NBALS523101-BLK4,SI,0,0
NBAJP523102-BLK4,SI,0,0
NBAJP523102-BLK5,SI,0,0
NBAJP523102-GRY,SI,0,0
NBAJP523102-BLK,SI,0,0
NBAJP523102-BLK1,SI,0,0
NBAJP523102-BLK2,SI,0,0
NBAJK523103-GRY,SI,0,0
NBAJK523102-BLK3,SI,0,0
NBAJK523102-BLK4,SI,0,0
NFLWR523101-RED,SI,0,0
NFLWR523101-NVY,SI,0,0
NFLWR523101-BUR,SI,0,0
NFLWR523101-BLK,SI,0,0
NFLWR523101-BLK1,SI,0,0
NFLWR523101-BLK2,SI,0,0
NFLWR523101-AQA,SI,0,0
NFLTS523106-RED1,SI,0,0
NFLTS523106-RED,SI,0,0
NFLTS523106-GRY1,SI,0,0
NFLTS523106-BLK1,SI,0,0
NFLTS523106-GRY,SI,0,0
NFLTS523106-AQA,SI,0,0
NFLTS523106-BLK,SI,0,0
NFLTS523105-RED,SI,0,0
NFLTS523105-NVY,SI,0,0
NFLTS523105-BLK,SI,0,0
NFLTS523105-BLK1,SI,0,0
NFLTS523105-BLK2,SI,0,0
NFLTS523105-AQA,SI,0,0
NFLTS523104-RED,SI,0,0
NFLTS523104-RED2,SI,0,0
NFLTS523104-NVY,SI,0,0
NFLTS523104-GRY,SI,0,0
NFLTS523104-BLK3,SI,0,0
NFLTS523104-BLK2,SI,0,0
NFLTS523104-BLK,SI,0,0
NFLTS523104-BLK1,SI,0,0
NFLTS523103-RED2,SI,0,0
NFLTS523103-RED1,SI,0,0
NFLTS523103-NVY,SI,0,0
NFLTS523103-RED,SI,0,0
NBABH523112-GRY,SI,0,0
NBABH523110-BLK2,SI,0,0
NBABH523110-BLK3,SI,0,0
NBABH523110-BLK,SI,0,0
NBABH523110-BLK1,SI,0,0
NBABH523109-BLK3,SI,0,0
NBABH523109-BLK4,SI,0,0
NBABH523109-BLK,SI,0,0
NBABH523109-BLK1,SI,0,0
NBABH523109-BLK2,SI,0,0
NBABH523108-BLK6,SI,0,0
NBABH523108-BLK3,SI,0,0
NBABH523108-BLK4,SI,0,0
NBABH523108-BLK5,SI,0,0
NBABH523108-BLK1,SI,0,0
NBABH523108-BLK2,SI,0,0
NBABH523108-BLK,SI,0,0
NBABH523107-GRY4,SI,0,0
NBABH523107-GRY5,SI,0,0
NFLHD523103-BLK3,SI,0,0
NFLHD523103-BLK,SI,0,0
NFLHD523103-BLK2,SI,0,0
NFLHD523103-BLK1,SI,0,0
NFLHD523101-BLK1,SI,0,0
NFLHD523101-NVY,SI,0,0
NFLHD523101-BLK,SI,0,0
NFLCHD523102-RED1,SI,0,0
NFLCHD523102-NVY,SI,0,0
NFLCHD523102-BLK3,SI,0,0
NFLCHD523102-BUR,SI,0,0
NFLCHD523102-BLK1,SI,0,0
NFLCHD523102-BLK2,SI,0,0
NFLCHD523102-AQA,SI,0,0
NFLCHD523101-BLU,SI,0,0
NFLCHD523101-BLK1,SI,0,0
NFLCHD523101-BLK,SI,0,0
NBAHD523101-GRY,SI,0,0
NBAHD523101-PUR,SI,0,6
NBAHD523101-BLK1,SI,0,10
NBABH523105-BLK6,SI,0,0
NBABH523105-BLK7,SI,0,0
NBABH523105-BLK4,SI,0,0
NBABH523105-BLK5,SI,0,0
NBABH523105-BLK1,SI,0,0
NBABH523105-BLK2,SI,0,0
NBABH523105-BLK3,SI,0,0
NBABH523105-BLK,SI,0,0
NBABH523104-ORG,SI,0,0
NBABH523104-PUR,SI,0,0
NBABH523104-RED,SI,0,0
NBABH523104-BLU,SI,0,0
NBABH523104-BLU1,SI,0,0
NBABH523104-GRN,SI,0,0
NBABH523103-RED1,SI,0,0
NBABH523103-PUR1,SI,0,0
NBABH523103-RED,SI,0,0
NBABH523103-GRN,SI,0,0
NBABH523103-NVY,SI,0,0
NBABH523103-PUR,SI,0,0
NBABH523102-BLK5,SI,0,0
NBABH523102-BLK2,SI,0,0
NBABH523102-BLK3,SI,0,0
NBABH523102-BLK4,SI,0,0
NBABH523102-BLK,SI,0,0
NBABH523102-BLK1,SI,0,0
NBABH523101-BLK7,SI,0,0
NBABH523101-BLK4,SI,0,0
NBABH523101-BLK5,SI,0,0
NBABH523101-BLK6,SI,0,0
NBABH523101-BLK1,SI,0,0
NBABH523101-BLK2,SI,0,0
NBABH523101-BLK3,SI,0,0
NBABH523101-BLK,SI,0,0
RMCA523108-NVY,SI,0,0
RMCA523107-NVY,SI,0,0
RMCA523105-GRY,SI,0,0
RMJS523103-LBH,SI,0,0
RMSH523104-GRY1,SI,0,0
RMHD523102-BLK,SI,0,0
RMTT523102-BLK,SI,0,0
RMTT523102-BLU,SI,0,0
RMLS523104-BLK,SI,0,0
RMLS523104-BLU,SI,0,0
RMTS523110-BLK,SI,0,0
RMTS523110-NVY,SI,0,0
NBABH523107-GRY6,SI,0,0
NBABH523107-GRY1,SI,0,0
NBABH523107-GRY2,SI,0,0
NBABH523107-GRY3,SI,0,0
NBABH523107-GRY,SI,0,0
NBABH523106-BLK2,SI,0,0
NBABH523106-BLK3,SI,0,0
NBABH523106-BLK4,SI,0,0
NBABH523106-BLK,SI,0,0
NBABH523106-BLK1,SI,0,0
NBABN523107-PNK1,SI,0,0
NBABN523107-PUR,SI,0,0
NBABN523107-BLU1,SI,0,0
NBABN523107-LBH,SI,0,0
NBABN523107-LGRN,SI,0,0
NBABN523107-BLU,SI,0,0
NBABN523106-ORG,SI,0,0
NBABN523106-PUR,SI,0,0
NBABN523106-RED,SI,0,0
NBABN523106-BLU1,SI,0,0
NBABN523106-GRN,SI,0,0
NBABN523106-BLU,SI,0,0
NBABN523104-RED,SI,0,0
NBABN523104-NVY,SI,0,0
NBABN523104-PUR,SI,0,0
NBABN523104-PUR1,SI,0,0
NBABN523104-BLU,SI,0,0
NBABN523104-GRN,SI,0,0
NBABN523103-BLK5,SI,0,0
NBABN523103-BLK2,SI,0,0
NBABN523103-BLK3,SI,0,0
NBABN523103-BLK4,SI,0,0
NBABN523103-BLK,SI,0,0
NBABN523103-BLK1,SI,0,0
NBABN523102-BLK6,SI,0,0
NBABN523102-BLK7,SI,0,0
NBABN523102-BLK4,SI,0,0
NBABN523102-BLK5,SI,0,0
NBABN523102-BLK1,SI,0,0
NBABN523102-BLK2,SI,0,0
NBABN523102-BLK3,SI,0,0
NBABN523102-BLK,SI,0,0
NBABN523101-PUR,SI,0,0
NBABN523101-PUR1,SI,0,0
NBABN523101-RED,SI,0,0
NBABN523101-BLU1,SI,0,0
NBABN523101-GRN,SI,0,0
NBABN523101-BLU,SI,0,7
NBABH523112-RED,SI,0,0
NBABH523112-NVY,SI,0,0
NBABH523112-PUR,SI,0,0
NBABH523112-BLU,SI,0,0
NBABH523112-GRN,SI,0,0
NBACA523129-LBH,SI,0,0
NBACA523129-LGRN,SI,0,0
NBACA523129-PNK,SI,0,0
NBACA523129-BLU,SI,0,0
NBACA523129-BLU1,SI,0,0
NBACA523128-BLK6,SI,0,0
NBACA523128-BLK4,SI,0,0
NBACA523128-BLK5,SI,0,0
NBACA523128-BLK3,SI,0,0
NBACA523128-BLK1,SI,0,0
NBACA523127-PNK,SI,0,0
NBACA523127-PNK1,SI,0,0
NBACA523127-LGRN,SI,0,0
NBACA523127-LIL,SI,0,0
RMTS523110-WHT,SI,0,0
RMTS523109-BLK,SI,0,0
RMTS523108-BLK,SI,0,0
RMTS523106-NVY,SI,0,0
RMLS523103-BLU,SI,0,0
RMLS523102-BLK,SI,0,0
RMLS523101-BLU,SI,0,0
RMTS523105-DGRY,SI,0,0
RMTS523102-BLK,SI,0,0
RMTS523102-DGRY,SI,0,0
RMTS523102-WHT,SI,0,0
NBACA523104-RED1,SI,0,0
NBACA523104-BLU,SI,0,0
NBACA523104-PUR,SI,0,0
NBACA523103-BLK3,SI,0,0
NBACA523102-BLK5,SI,0,0
NBACA523102-BLK2,SI,0,0
NBACA523102-BLK3,SI,0,0
NBACA523102-BLK4,SI,0,1
NBACA523101-PUR,SI,0,0
NBACA523101-RED1,SI,0,0
NBACA523101-BLU,SI,0,0
NBACA523101-GRN,SI,0,0
NBABN523116-RED,SI,0,0
NBABN523116-GRY,SI,0,0
NBABN523116-NVY,SI,0,0
NBABN523116-PUR,SI,0,0
NBABN523116-BLU,SI,0,0
NBABN523116-GRN,SI,0,0
NBABN523115-BLK4,SI,0,0
NBABN523115-BLK1,SI,0,0
NBABN523115-BLK2,SI,0,0
NBABN523115-BLK3,SI,0,0
NBABN523115-BLK,SI,0,0
NBABN523113-BLK4,SI,0,0
NBABN523113-BLK1,SI,0,0
NBABN523113-BLK2,SI,0,0
NBABN523113-BLK3,SI,0,0
NBABN523113-BLK,SI,0,0
NBABN523112-BLK3,SI,0,0
NBABN523112-BLK1,SI,0,0
NBABN523112-BLK2,SI,0,0
NBABN523112-BLK,SI,0,0
NBABN523111-BLK4,SI,0,0
NBABN523111-BLK5,SI,0,0
NBABN523111-BLK6,SI,0,0
NBABN523111-BLK1,SI,0,0
NBABN523111-BLK2,SI,0,0
NBABN523111-BLK3,SI,0,0
NBABN523111-BLK,SI,0,0
NBABN523109-BLK5,SI,0,0
NBABN523109-BLK6,SI,0,0
NBABN523109-BLK2,SI,0,0
NBABN523109-BLK3,SI,0,0
NBABN523109-BLK4,SI,0,0
NBABN523109-BLK1,SI,0,0
NBABN523108-PUR,SI,0,1
NBABN523108-RED,SI,0,0
NBABN523108-BUR,SI,0,0
NBABN523108-GRY,SI,0,0
NBABN523108-BLU,SI,0,0
NBABN523108-BLK2,SI,0,0
NBABN523108-BLK3,SI,0,0
NBABN523108-BLK4,SI,0,0
NBABN523108-BLK,SI,0,0
NBABN523108-BLK1,SI,0,0
NBABN523107-PUR1,SI,0,0
NBACA523127-LIL1,SI,0,0
NBACA523127-LBH,SI,0,0
NBACA523127-LBL1,SI,0,0
NBACA523127-LBL2,SI,0,0
NBACA523126-PNK,SI,0,0
NBACA523126-LIL1,SI,0,0
NBACA523126-NVY,SI,0,0
NBACA523126-LBH,SI,0,0
NBACA523126-LGRN,SI,0,0
NBACA523126-LIL,SI,0,0
NBACA523126-BLU,SI,0,0
NBACA523126-BUR,SI,0,0
NBACA523125-ORG,SI,0,0
NBACA523125-BLU,SI,0,0
NBACA523124-BLK5,SI,0,0
NBACA523124-BLK3,SI,0,0
NBACA523123-ORG,SI,0,0
NBACA523123-PUR,SI,0,0
NBACA523123-RED,SI,0,0
NBACA523123-BLU,SI,0,0
NBACA523123-BLU1,SI,0,0
NBACA523123-GRN,SI,0,0
NBACA523122-ORG,SI,0,0
NBACA523122-PUR,SI,0,0
NBACA523122-RED,SI,0,0
NBACA523122-BLU,SI,0,0
NBACA523122-BLU1,SI,0,0
NBACA523122-GRN,SI,0,0
NBACA523115-RED,SI,0,0
NBACA523115-RED1,SI,0,0
NBACA523115-PUR,SI,0,0
NBACA523115-PUR1,SI,0,0
NBACA523115-GRN,SI,0,0
NBACA523114-PUR,SI,0,0
NBACA523114-PUR1,SI,0,0
NBACA523114-RED,SI,0,0
NBACA523114-BLU,SI,0,0
NBACA523114-GRN,SI,0,0
NBACA523114-NVY,SI,0,0
NBACA523113-PUR1,SI,0,0
NBACA523113-BLU,SI,0,0
NBACA523113-GRN,SI,0,0
NBACA523113-NVY,SI,0,0
NBACA523112-BLK5,SI,0,0
NBACA523111-BLK3,SI,0,0
NBACA523111-BLK5,SI,0,0
NBACA523111-BLK1,SI,0,0
NBACA523110-BLK3,SI,0,0
NBACA523110-BLK4,SI,0,0
NBACA523110-BLK5,SI,0,0
NBACA523110-BLK,SI,0,0
NBACA523110-BLK1,SI,0,0
NBACA523110-BLK2,SI,0,0
NBACA523109-BLK5,SI,0,0
NBACA523109-BLK2,SI,0,0
NBACA523109-BLK3,SI,0,0
NBACA523108-RED,SI,0,0
NBACA523108-LBH,SI,0,0
NBACA523108-PUR,SI,0,0
NBACA523108-PUR1,SI,0,0
NBACA523108-BUR,SI,0,0
NBACA523108-GRN,SI,0,0
NBACA523108-BLU,SI,0,0
NBACA523108-BLU1,SI,0,0
NBACA523107-BLK7,SI,0,0
NBACA523107-BLK4,SI,0,0
NBACA523107-BLK5,SI,0,0
NBABN523107-PNK,SI,0,0
NBACA523107-BLK,SI,0,0
NBACA523106-PUR,SI,0,0
NBACA523106-PUR1,SI,0,0
NBACA523106-RED,SI,0,0
NBACA523106-GRN,SI,0,0
NBACA523106-LBH,SI,0,0
NBACA523106-BLU,SI,0,0
NBACA523106-BLU1,SI,0,0
NBACA523106-BUR,SI,0,0
NBACA523105-GRY4,SI,0,0
NBACA523105-GRY5,SI,0,0
NBACA523105-GRY2,SI,0,0
NBACA523105-GRY3,SI,0,0
NBACA523105-GRY1,SI,0,0
NBACA523104-PUR1,SI,0,0
NBACA523154-TUR,SI,0,0
NBACA523154-LBH,SI,0,0
NBACA523154-LGRN,SI,0,0
NBACA523154-PUR,SI,0,0
NBACA523153-TUR,SI,0,0
NBACA523153-LGRN,SI,0,0
NBACA523153-PUR,SI,0,0
NBACA523153-LBH,SI,0,0
NBACA523152-BLK1,SI,0,0
NBACA523152-BLK2,SI,0,0
NBACA523152-BLK3,SI,0,0
NBACA523152-BLK,SI,0,0
NBACA523151-BLK3,SI,0,0
NBACA523151-BLK,SI,0,0
NBACA523151-BLK1,SI,0,0
NBACA523151-BLK2,SI,0,0
NBACA523150-BLK2,SI,0,0
NBACA523150-BLK3,SI,0,0
NBACA523149-BLK1,SI,0,0
NBACA523149-BLK2,SI,0,0
NBACA523148-BLK1,SI,0,0
NBACA523148-BLK2,SI,0,0
NBACA523147-BLK3,SI,0,0
NBACA523146-BLK6,SI,0,0
NBACA523146-BLK4,SI,0,0
NBACA523146-BLK5,SI,0,0
NBACA523146-BLK2,SI,0,0
NBACA523146-BLK3,SI,0,0
NBACA523146-BLK,SI,0,0
NBACA523146-BLK1,SI,0,0
NBACA523145-WHT5,SI,0,0
NBACA523145-WHT6,SI,0,0
NBACA523145-WHT2,SI,0,0
NBACA523145-WHT3,SI,0,0
NBACA523145-WHT4,SI,0,0
NBACA523145-WHT,SI,0,0
NBACA523145-WHT1,SI,0,0
NBACA523144-BLK6,SI,0,0
NBACA523144-BLK3,SI,0,0
NBACA523144-BLK4,SI,0,0
NBACA523144-BLK5,SI,0,0
NBACA523144-BLK,SI,0,0
NBACA523144-BLK1,SI,0,0
NBACA523144-BLK2,SI,0,0
NBACA523143-RED,SI,0,0
NBACA523143-NVY,SI,0,0
NBACA523143-PUR,SI,0,0
NBACA523143-BUR,SI,0,0
NBACA523143-GRN,SI,0,0
NBACA523143-GRY,SI,0,0
NBACA523143-BLU,SI,0,0
NBACA523107-BLK6,SI,0,0
NBACA523107-BLK1,SI,0,0
NBACA523107-BLK2,SI,0,0
NBACA523107-BLK3,SI,0,0
PSGLS323101-BLK,SI,0,0
PSGHD323102-BLK,SI,0,0
PSGHD323101-NVY,SI,0,0
PSGHD323101-BLK,SI,0,0
PSGCA323101-WHT,SI,0,0
PSGTS523106-BLK,SI,0,0
PSGTS523104-WHT,SI,0,0
PSGTS523104-NVY,SI,0,0
PSGPT523101-GRY,SI,0,8
PSGPL523101-BUR,SI,0,0
NBAWR523103-BLK,SI,0,0
NBAWR523103-BLK1,SI,0,0
NBATT523103-BLK2,SI,0,0
NBATS523125-BLK3,SI,0,0
NBATS523125-BLK4,SI,0,0
NBATS523125-BLK,SI,0,0
NBATS523125-BLK1,SI,0,0
NBATS523125-BLK2,SI,0,0
NBATS523124-PUR,SI,0,0
NBATS523124-PUR1,SI,0,0
NBATS523124-BLK3,SI,0,0
NBATS523124-BLK4,SI,0,0
NBATS523124-BLK2,SI,0,6
NBATS523123-BLK,SI,0,0
NBATS523122-PUR2,SI,0,0
NBATS523122-WHT,SI,0,0
NBATS523122-BLK3,SI,0,0
NBATS523122-LHB,SI,0,0
NBATS523122-PUR,SI,0,0
NBATS523122-BLK2,SI,0,0
NBATS523122-BLK,SI,0,8
NBATS523117-NVY,SI,0,0
NBATS523116-WHT,SI,0,9
NBATS523114-LIL,SI,0,0
NBATS523114-NVY,SI,0,0
NBATS523114-TUR,SI,0,0
NBATS523114-BLK2,SI,0,0
NBATS523114-GRN,SI,0,0
NBATS523114-LHB,SI,0,0
NBATS523114-BLK,SI,0,0
NBATS523114-BLK1,SI,0,0
NBATS523113-NVY,SI,0,0
NBATS523113-BLK2,SI,0,0
NBATS523112-LIL,SI,0,0
NBATS523112-LIL1,SI,0,0
NBATS523112-NVY,SI,0,0
NBATS523112-BLK,SI,0,0
NBATS523112-BLK1,SI,0,0
NBATS523112-GRN,SI,0,0
NBATS523111-WHT1,SI,0,0
NBATS523111-WHT2,SI,0,0
NBATS523111-WHT,SI,0,0
NBATS523111-BLK1,SI,0,0
NBATS523110-BLK2,SI,0,0
NBATS523109-WHT,SI,0,0
NBATS523109-WHT1,SI,0,0
NBATS523109-PUR,SI,0,0
NBATS523109-RED,SI,0,0
NBATS523109-LHB,SI,0,0
NBATS523109-ORG,SI,0,0
NBACA523137-PUR1,SI,0,0
NBACA523137-GRN,SI,0,0
NBACA523137-PUR,SI,0,0
NBACA523136-GRY6,SI,0,0
NBACA523136-GRY4,SI,0,0
NBACA523136-GRY5,SI,0,0
NBACA523136-GRY1,SI,0,0
NBACA523136-GRY2,SI,0,0
NBACA523136-GRY3,SI,0,0
NBACA523135-GRN,SI,0,0
NBACA523135-PUR,SI,0,0
NBACA523135-PUR1,SI,0,0
NBACA523135-BUR,SI,0,0
NBACA523135-BUR1,SI,0,0
NBACA523135-BLU,SI,0,0
NBACA523135-BLU1,SI,0,0
NBACA523134-BLK6,SI,0,0
NBACA523134-BLK5,SI,0,0
NBACA523134-BLK2,SI,0,0
NBACA523134-BLK3,SI,0,0
NBACA523134-BLK4,SI,0,0
NBACA523134-BLK1,SI,0,0
NBACA523133-BLK4,SI,0,0
NBACA523133-BLK1,SI,0,0
NBACA523133-BLK2,SI,0,0
NBACA523133-BLK3,SI,0,0
NBACA523132-GRY,SI,0,0
NBACA523132-PUR,SI,0,0
NBACA523132-BLU,SI,0,0
NBACA523132-BUR,SI,0,0
NBACA523132-BLK2,SI,0,0
NBACA523132-BLK3,SI,0,0
NBACA523131-GRY,SI,0,0
NBACA523131-PUR,SI,0,0
NBACA523131-BLU,SI,0,0
NBACA523131-BUR,SI,0,0
NBACA523131-BLK3,SI,0,0
NBACA523131-BLK4,SI,0,0
NBACA523131-BLK2,SI,0,0
NBACA523130-RED,SI,0,0
NBACA523130-BUR,SI,0,0
NBACA523130-GRY,SI,0,0
NBACA523130-PUR,SI,0,0
NBACA523130-BLK3,SI,0,0
NBACA523130-BLK4,SI,0,0
NBACA523130-BLU,SI,0,0
NBACA523129-PNK1,SI,0,0
NBACA523129-PUR,SI,0,0
NBACA523129-PUR1,SI,0,0
PSGTS323110-BLK,SI,0,0
PSGTS323109-DGRY,SI,0,0
PSGTS323108-BLK,SI,0,0
PSGTS323104-NVY,SI,0,0
PSGTS323103-GRY,SI,0,0
PSGTS323101-BLK,SI,0,0
PSGSH323103-DGRY,SI,0,0
PSGSH323103-BLK,SI,0,0
PSGPT323103-BLK,SI,0,0
NBACA523171-PUR,SI,0,0
NBACA523171-BLU,SI,0,0
NBACA523171-GRN,SI,0,0
NBACA523170-GRY5,SI,0,0
NBACA523170-GRY2,SI,0,0
NBACA523170-GRY3,SI,0,0
NBACA523170-GRY4,SI,0,0
NBACA523170-GRY,SI,0,0
NBACA523170-GRY1,SI,0,0
NBACA523169-PUR,SI,0,0
NBACA523169-RED,SI,0,0
NBACA523169-GRN,SI,0,0
NBACA523169-GRY,SI,0,0
NBACA523169-NVY,SI,0,0
NBACA523169-BLU,SI,0,0
NBACA523168-BLK3,SI,0,0
NBACA523168-BLK4,SI,0,0
NBACA523168-BLK2,SI,0,0
NBACA523167-BLK4,SI,0,0
NBACA523167-BLK2,SI,0,0
NBACA523167-BLK3,SI,0,0
NBACA523167-BLK1,SI,0,0
NBACA523167-BLK,SI,0,0
NBACA523166-BLK3,SI,0,0
NBACA523166-BLK4,SI,0,0
NBACA523165-ORG,SI,0,0
NBACA523165-BLU,SI,0,0
NBACA523165-GRN,SI,0,0
NBACA523164-BLK3,SI,0,0
NBACA523164-BLK4,SI,0,0
NBACA523164-BLK2,SI,0,0
NBACA523159-YEL,SI,0,0
NBACA523159-BUR,SI,0,0
NBACA523158-BLK2,SI,0,0
NBACA523158-BLK3,SI,0,0
NBACA523158-BLK4,SI,0,0
NBACA523158-BLK,SI,0,0
NBACA523158-BLK1,SI,0,0
NBACA523157-BLK4,SI,0,0
NBACA523157-BLK2,SI,0,0
NBACA523157-BLK3,SI,0,0
NBACA523157-BLK,SI,0,0
NBACA523157-BLK1,SI,0,0
NBACA523156-YEL,SI,0,0
NBACA523156-GRY,SI,0,0
NBACA523156-PUR,SI,0,0
NBACA523156-RED,SI,0,0
NBACA523156-BUR,SI,0,0
NBACA523155-BLK4,SI,0,0
NBASW523101-GRY,SI,0,12
NBASW523103-BLK2,SI,0,0
NBASW523101-GRY1,SI,0,0
NBASH623201-BLU,SI,0,0
NBASW523101-BLK1,SI,0,12
NBASH523106-BLK,SI,0,0
NBASH523106-BLK1,SI,0,0
NBASH523106-BLK2,SI,0,0
NBASH523105-BLK2,SI,0,0
NBASH523103-BLK3,SI,0,0
NBASH523103-BLK1,SI,0,0
NBASH523103-BLK2,SI,0,0
NBASH523102-BLK1,SI,0,0
NBASH523102-BLK2,SI,0,0
NBASH523102-BLK3,SI,0,0
NBASH523102-BLK,SI,0,0
NBAPT523101-BLK3,SI,0,0
NBAPT523101-RED,SI,0,0
NBAPT523101-BLK,SI,0,0
NBAPT523101-BLK1,SI,0,0
NBAPT523101-BLK2,SI,0,0
NBALS523103-GRY,SI,0,0
NBALS523103-GRY1,SI,0,0
NBALS523103-BLK,SI,0,0
NBALS523102-PUR,SI,0,0
NBALS523102-RED,SI,0,0
NBALS523102-BLK3,SI,0,0
NBATS523108-WHT3,SI,0,0
NBATS523108-WHT,SI,0,0
NBATS523108-WHT1,SI,0,0
NBATS523108-WHT2,SI,0,0
NBATS523108-BLK3,SI,0,0
NBATS523108-RED,SI,0,0
NBATS523108-BLK1,SI,0,0
NBATS523108-BLK2,SI,0,0
NBATS523108-BLK,SI,0,0
NBATS523107-BLK2,SI,0,0
NBATS523107-BLK3,SI,0,0
NBATS523107-BLK,SI,0,0
NBATS523107-BLK1,SI,0,0
NBATS523102-LHB1,SI,0,0
NBATS523102-ORG,SI,0,0
NBATS523102-PUR,SI,0,0
NBATS523102-GRY,SI,0,0
NBATS523102-LHB,SI,0,0
NBATS523102-BLK,SI,0,0
NBATS523101-WHT3,SI,0,0
NBATS523101-WHT4,SI,0,0
NBATS523101-WHT,SI,0,0
NBATS523101-WHT1,SI,0,0
NBATS523101-WHT2,SI,0,0
RMLS323104-BLU,SI,0,0
GYTS5231003-DGRY,SI,0,0
NBACA523172-RED,SI,0,0
NBACA523172-GRY,SI,0,0
NBACA523172-NVY,SI,0,0
NBACA523172-PUR,SI,0,0
NBACA523172-BLU,SI,0,0
NBACA523172-GRN,SI,0,0
NBACA523171-GRY,SI,0,0
NBACA523171-NVY,SI,0,0
NBAHD523107-BLK2,SI,0,1
NBAHD523106-BLU,SI,0,2
NBAHD523105-RED,SI,0,0
NBAHD523105-GRY,SI,0,0
NBAHD523104-PUR,SI,0,12
NBAHD523104-RED,SI,0,7
NBAHD523104-RED1,SI,0,10
NBAHD523104-BLK,SI,0,0
NBAHD523104-BLU,SI,0,0
NBAHD523104-GRY,SI,0,0
NBAHD523103-LHB,SI,0,0
NBAHD523103-PUR,SI,0,0
NBAHD523103-BLK1,SI,0,0
NBAHD523103-BLK2,SI,0,0
NBAHD523103-BLK3,SI,0,0
NBAHD523103-BLK,SI,0,0
RMTS323111-BLK,SI,0,0
RMSH323104-BLK,SI,0,0
RMSH323104-GRY,SI,0,0
RMPT323104-BLK,SI,0,0
RMPT323104-NVY,SI,0,0
RMTT323102-BLU,SI,0,0
RMTS323110-WHT,SI,0,0
RMTS323109-NVY,SI,0,0
RMTS323109-BLK,SI,0,0
RMTS323107-DGRY,SI,0,0
RMTS323102-BLK,SI,0,0
RMCA323108-NVY,SI,0,0
RMCA323106-WHT,SI,0,0
RMHD323103-DGRY,SI,0,0
NFLHD523105-NVY,SI,0,0
NFLHD523102-BUR,SI,0,0
NFLHD523102-NVY,SI,0,0
NFLHD523102-NVY2,SI,0,0
NFLHD523102-NVY1,SI,0,0
NFLHD523102-GRY,SI,0,0
NFLHD523102-BLK1,SI,0,0
NFLHD523102-BLK,SI,0,0
NFLHD523105-RED,SI,0,0
NFLHD523105-BLK1,SI,0,0
NFLHD523105-AQA,SI,0,0
PSGPT523102-GRY,SI,0,0
PSGPT523102-BLK,SI,0,0
PSGTS523107-NVY,SI,0,0
PSGTS523107-BLK,SI,0,0
PSGTS523105-NVY,SI,0,0
PSGTS523105-DGRY,SI,0,0
PSGTS523105-BLK,SI,0,0
NBASW323108-RED,SI,0,0
NBASW323108-PUR,SI,0,0
NBASW323108-NVY1,SI,0,0
NBASW323108-NVY,SI,0,0
NBASW323108-BLK2,SI,0,0
NBASW323108-BLK1,SI,0,0
NBASW323108-BLK,SI,0,0
PSGTS523111-BLK,SI,0,0
PSGTT523101-WHT,SI,0,0
PSGTT523101-NVY,SI,0,0
NBATS323115-BLK1,SI,0,0
NBATS323115-AQA,SI,0,0
NBAHD323110-NVY,SI,0,0
NBAHD323110-GRY1,SI,0,0
PSGSH323105-BLU,SI,0,0
PSGPT323104-BLU,SI,0,0
PSGPT323104-BLK,SI,0,15
PSGJS323106-BLK,SI,0,0
PSGHD323104-BLK,SI,0,0
PSGCA323108-BLK,SI,0,0
PSGCA323101-BLK,SI,0,0
PSGSH523105-NVY,SI,0,0
PSGSH523105-BLU,SI,0,0
PSGSH523104-BLK,SI,0,0
PSGPT523102-NVY,SI,0,0
PSGLS523114-BLU,SI,0,0
PSGLS523114-BLK,SI,0,0
PSGHD523104-BLU,SI,0,0
PSGCA523110-GRY,SI,0,0
PSGCA523110-BLK,SI,0,0
PSGCA523109-WHT,SI,0,0
PSGCA523109-NVY,SI,0,0
PSGCA523109-BLK,SI,0,0
PSGCA523107-BLK,SI,0,0
PSGCA523106-GRY,SI,0,0
PSGCA523101-BLK,SI,0,0
PSGLS523101-BLK,SI,0,0
NFLWR323101-BUR,SI,0,0
NFLWR323101-NVY,SI,0,0
NFLWR323101-RED,SI,0,0
NFLHD323101-NVY,SI,0,0
NFLHD323101-BLK3,SI,0,0
NFLHD323101-AQA,SI,0,0
NFLCHD32310-WHT,SI,0,0
NFLCHD32310-BUR,SI,0,0
NFLCHD323102-RED1,SI,0,0
NFLCHD323102-BUR,SI,0,0
NFLCHD323102-BLK2,SI,0,0
NFLCHD323102-BLK3,SI,0,0
NBAJK523103-GRN,SI,0,20
NBACA523131-BLK1,SI,0,0
NBACA523124-BLK4,SI,0,0
NBALS523102-LHB,SI,0,0
NBALS523102-BLK,SI,0,0
NBALS523102-BLK1,SI,0,0
NBALS523102-BLK2,SI,0,0
NBAJP523108-BLK4,SI,0,3
NBAJP523108-BLK5,SI,0,0
NBAJP523106-BLK2,SI,0,14
NBAJP523106-NVY,SI,0,0
NBAJP523106-BLK,SI,0,0
NBAJP523105-NVY,SI,0,0
NBAJP523105-BLK2,SI,0,4
NBAJP523105-BLK,SI,0,4
NBAJP523105-BLK1,SI,0,2
NBAJP523104-BLK2,SI,0,0
NBAJP523101-PUR,SI,0,2
NBAJP523101-GRY,SI,0,0
NBAJP523101-BLK,SI,0,0
NBAJK523105-BLK4,SI,0,0
NBAJK523104-GRY,SI,0,0
NBAJK523104-BLK2,SI,0,0
NBAJK523104-BLK3,SI,0,0
NBAJK523104-BLK,SI,0,0
NBAJK523101-DEN,SI,0,0
NBAHD523111-BLK,SI,0,0
NBAHD523111-BLU,SI,0,0
NBAHD523110-GRY1,SI,0,0
NBAHD523110-NVY,SI,0,0
NBAHD523110-GRY,SI,0,0
NBAHD523109-BLK2,SI,0,2
NBAHD523109-BLK1,SI,0,0
NBATS323116-WHT,SI,0,0
NBATS323116-BLK,SI,0,0
NBAJP323106-NVY,SI,0,0
NBAJP323106-BLK2,SI,0,0
NBAJP323106-BLK,SI,0,0
NBAHD323109-BLK1,SI,0,0
NBAJP323107-BLK5,SI,0,0
NBAJP323107-BLK4,SI,0,0
NBAJP323107-BLK3,SI,0,0
NBAJP323107-BLK2,SI,0,0
NBAJP323107-BLK1,SI,0,0
NBAJP323107-BLK,SI,0,0
NBAHD323111-PUR,SI,0,0
NBAHD323111-BLU,SI,0,0
NBAHD323111-BLK,SI,0,0
NBATS323119-BLU,SI,0,0
NBATS323118-BLK1,SI,0,0
NBAJS532201-BLK3,SI,0,9
NBAJS532201-YEL,SI,0,0
NBATS523111-BLK2,SI,0,0
NBATS523111-BLK,SI,0,0
NBATS523110-BLK3,SI,0,0
NBATS623201-BLU,SI,0,0
NBATS523110-BLK1,SI,0,0
NBATS523101-BLK2,SI,0,0
NBASW523104-RED,SI,0,0
NBATS623201-RED,SI,0,0
NBASW523104-RED1,SI,0,0
NBASW523104-BLU,SI,0,0
NBASW523104-PUR,SI,0,0
NBAJP523104-BLK1,SI,0,0
NBAJK523104-GRY1,SI,0,0
NBAJK523104-BLK1,SI,0,0
NBAJK523101-BLK,SI,0,0
NBAHD523105-RED1,SI,0,0
NBAHD523105-GRY2,SI,0,9
NBAHD523105-BLK,SI,0,2
NBAHD523105-GRY1,SI,0,0
RMPT323105-NVY,SI,0,0
RMTS323110-NVY,SI,0,0
RMTS323108-WHT,SI,0,0
RMHD323103-NVY,SI,0,0
RMLS323101-NVY,SI,0,0
TOPSW5231004-BLK,SI,0,0
NBACA523159-GRY,SI,0,0
NBACA523155-BLK2,SI,0,0
NBACA523149-BLK3,SI,0,0
NBACA523149-BLK4,SI,0,0
NBACA523149-BLK,SI,0,0
NBACA523148-BLK4,SI,0,0
NBACA523148-BLK3,SI,0,0
NBACA523148-BLK,SI,0,0
NBACA523147-BLK4,SI,0,0
NBACA523147-BLK,SI,0,0
NBACA523132-RED,SI,0,0
NBACA523131-RED,SI,0,0
NBACA523131-BLK,SI,0,0
NBATT52205-BLK9,SI,0,18
UNFLSB522204-BLU,SI,0,0
RMLS323102-BLK1,SI,0,0
PSGCA323105-BLK,SI,0,2
PSGCA323105-WHT,SI,0,0
PSGCA323104-BLK,SI,0,1
PSGJS323105-WHT,SI,0,0
PSGTT323101-NVY,SI,0,0
PSGSH323104-NVY,SI,0,0
PSGTT323102-NVY,SI,0,0
PSGCA323109-NVY,SI,0,3
PSGCA323108-NVY,SI,0,0
PSGTS323108-WHT,SI,0,0
PSGCA523105-BLK,SI,0,0
PSGLS323101-NVY,SI,0,25
PSGCA523103-WHT,SI,0,1
PSGJK523102-WHT,SI,0,0
PSGTT523102-GRY,SI,0,0
NBAWR323103-BLK,SI,0,0
NBATS323114-NVY,SI,0,0
NBATS323114-BLK2,SI,0,0
NBATS323114-BLK1,SI,0,0
NBATS323113-NVY,SI,0,0
NBASH323105-BLK1,SI,0,0
NBASH323105-BLK,SI,0,0
NBATS323125-BLK2,SI,0,20
NBATS323125-BLK1,SI,0,25
NBATS323124-RED,SI,0,0
NBATS323124-BLK3,SI,0,0
NBATS323124-BLK2,SI,0,25
NBATS323123-BLK3,SI,0,0
NBATS323122-PUR2,SI,0,0
NBACA523124-BLK1,SI,0,0
NBACA523124-BLK2,SI,0,0
NBACA523124-BLK,SI,0,0
NBACA523113-PUR,SI,0,0
NBACA523113-RED,SI,0,0
NBACA523112-BLK2,SI,0,0
NBACA523112-BLK3,SI,0,0
NBACA523109-BLK4,SI,0,0
NBACA523109-BLK,SI,0,0
NBACA523109-BLK1,SI,0,0
NBACA523105-GRY7,SI,0,0
NBACA523105-GRY6,SI,0,0
NBACA523105-GRY,SI,0,0
NBACA523104-RED,SI,0,0
NBACA523104-GRN,SI,0,0
NBACA523102-BLK,SI,0,0
NBACA523102-BLK1,SI,0,0
NBACA523101-YEL,SI,0,0
NBACA523101-RED,SI,0,0
RMCA523107-BLK,SI,0,0
RMCA523107-WHT,SI,0,0
RMCA523106-WHT,SI,0,0
RMCA523102-BLK,SI,0,0
RMCA523101-BLK,SI,0,0
RMCA523101-NVY,SI,0,0
RMPL523101-BLU,SI,0,0
RMPL523101-WHT,SI,0,0
PFLHD5232001-BLK,NO,0,0
RMSH523104-GRY,SI,0,0
RMHD523103-NVY,SI,0,15
RMHD523103-BLK,SI,0,0
RMTS523109-NVY,SI,0,0
RMTS523108-NVY,SI,0,0
RMTS523105-BLK,SI,0,0
RMTS523105-WHT,SI,0,0
RMTS523103-BLU,SI,0,25
NBASW623107-BLK,SI,0,0
NBASW623107-WHT,SI,0,0
NBASW623107-PUR,SI,0,0
NBASW623107-NVY,SI,0,0
NBAHD623106-WHT,SI,0,14
NBAHD623106-RED,SI,0,13
NBAHD623106-BLK1,SI,0,31
NBAHD623106-BLK,SI,0,4
NBATS623107-BGE,SI,0,0
NBATS623107-WHT,SI,0,0
RMMB523102-NVY,SI,0,0
RMMB523101-BLU,SI,0,0
RMFB523101-BLU,SI,0,0
RMDB523102-BLU,SI,0,0
RMBK523102-BLK,SI,0,61
PSGBK523102-NVY,SI,0,0
NBABK523106-BLK2,SI,0,0
NBABK523106-BLK1,SI,0,0
NBAFB523104-DEN1,SI,0,0
NBAFB523104-PUR,SI,0,0
NBAFB523104-BLU,SI,0,0
NBAMB523104-BLK2,SI,0,0
NBAMB523104-BLK1,SI,0,0
NBATS323122-BLK1,SI,0,0
NBALS323103-GRY,SI,0,0
NBAJP323108-BLK4,SI,0,0
NBAJP323108-BLK2,SI,0,0
NBAJP323108-BLK1,SI,0,0
NBATS323101-WHT4,SI,0,0
NBATS323101-WHT,SI,0,0
NBATT323101-PUR,SI,0,20
NBATT323101-BLK,SI,0,16
NBATS323111-WHT,SI,0,0
NBATS323110-RED1,SI,0,0
NBATS323110-RED,SI,0,20
NBATS323110-PUR,SI,0,0
NBATS323110-BLU,SI,0,0
NBATS323110-BLK,SI,0,18
NBASH323104-RED,SI,0,8
NBASH323104-PUR,SI,0,16
NBASH323104-BLU,SI,0,0
NBASH323104-BLK,SI,0,0
NBASH323103-BLK2,SI,0,0
NBASH323103-BLK1,SI,0,0
NBASH323103-BLK,SI,0,22
NBAJP323104-BLK4,SI,0,0
NBAJP323104-BLK2,SI,0,0
MLBJP623101-BLK,SI,0,0
MLBJP623101-BLK1,SI,0,0
MLBJP623101-NVY,SI,0,0
MLBJP623101-GRY,SI,0,0
MLBHD623101-WHT,SI,0,0
MLBHD623101-GRY,SI,0,0
MLBHD623101-NVY,SI,0,0
MLBHD623101-BLK,SI,0,0
MLBCT623102-BLK,SI,0,0
MLBCT623102-GRY,SI,0,0
MLBCT623102-GRY1,SI,0,0
MLBCT623102-BLU,SI,0,0
MLBCT623101-BLK,SI,0,0
MLBCT623101-BLU,SI,0,0
MLBCT623101-WHT,SI,0,0
MLBCT623101-NVY,SI,0,0
MLBCT623101-GRY,SI,0,0
MLBSW623106-GRY,SI,0,0
UNYLSW523101-BLK,SI,0,0
UNGTSW523100-GRY,SI,0,0
UNCASW523100-BLK,SI,0,0
UNFLSW523100-BLK,SI,0,0
UNFLSW523100-BLU,SI,0,0
UNHVLS523100-BLK,SI,0,0
UNTXSW523100-BLK,SI,0,0
MLBBK523103-GRY3,SI,0,0
MLBBK523103-GRY,SI,0,0
MLBBK523102-NVY2,SI,0,0
MLBBK523102-BLK2,SI,0,0
MLBBK523102-NVY,SI,0,0
MLBBK523102-BLK3,SI,0,0
MLBBK523102-BLK,SI,0,0
MLBBK523102-BLU,SI,0,0
BCTS523107-GRY,SI,0,0
BCTS523107-BLK,SI,0,0
BCTS523106-BLK,SI,0,0
BCTS523101-GRY,SI,0,0
BCSH523104-BLK,SI,0,0
BCPT523103-NVY,SI,0,0
BCJS523107-NVY,SI,0,0
BCJS523107-BLK,SI,0,0
MLBMB523101-NVY2,SI,0,0
MLBMB523101-BLU,SI,0,0
MLBMB523101-BLK,SI,0,0
MLBFB523102-BLK3,SI,0,0
MLBFB523102-BLU,SI,0,0
MLBFB523102-BLK,SI,0,0
MLBFB523101-RED,SI,0,0
MLBFB523101-BLK3,SI,0,0
MLBFB523101-NVY,SI,0,0
MLBFB523101-BLK2,SI,0,0
MLBFB523101-BLU,SI,0,0
MLBFB523101-BLK,SI,0,0
UNCASB522201-BLK,SI,0,0
UNGTCT622202-NVY,SI,0,0
BCTT523101-NVY,SI,0,0
JVTS523102-BLK,SI,0,0
JVTS523102-WHT,SI,0,0
JVCA523109-BGE,SI,0,0
JVCA523110-BGE,SI,0,0
JVCA523108-BLK,SI,0,0
JVCA523107-BLK,SI,0,0
JVCA523107-BLK1,SI,0,0
JVCA523106-BLK,SI,0,0
JVCA523105-BLK,SI,0,0
JVCA523104-BLK,SI,0,0
JVCA523104-WHT,SI,0,0
JVCA523103-BGE,SI,0,0
JVCA523102-GRY,SI,0,0
JVCA523101-GRY,SI,0,0
MLBHD523113-RED,SI,0,0
MLBHD523113-GRY,SI,0,0
MLBHD523113-BLU1,SI,0,0
MLBHD523113-BLU,SI,0,0
MLBPT323105-GRY,SI,0,0
MLBPT323105-BLK,SI,0,0
MLBSH523103-BLU,SI,0,0
MLBSH523103-BLK,SI,0,0
MLBPT323108-NVY1,SI,0,0
MLBPT323108-NVY,SI,0,0
MLBPT323108-BLU,SI,0,0
MLBPT323108-BLK1,SI,0,0
MLBPT323108-BLK,SI,0,0
MLBHD323113-BLU1,SI,0,0
MLBTS323116-RED,SI,0,0
MLBTS323116-BLU,SI,0,0
MLBHD323109-AQA,SI,0,0
MLBHD323109-BLU,SI,0,0
MLBHD323109-BLK,SI,0,0
MLBJS323109-NVY,SI,0,0
MLBJS323109-BLK1,SI,0,0
MLBJS323109-BLK,SI,0,0
MLBSW523106-GRY1,SI,0,0
MLBPT523108-NVY,SI,0,0
MLBSW523104-BLU1,SI,0,0
MLBSW523104-BLU,SI,0,0
MLBSW523102-NVY1,SI,0,0
MLBSW523102-NVY,SI,0,0
MLBSW523102-DGRY,SI,0,0
MLBSW523102-BLK,SI,0,0
MLBJK523101-NVY,SI,0,0
MLBHD523107-DGRY,SI,0,0
MLBHD523103-BLK1,SI,0,1
MLBHD523109-BLU,SI,0,0
MLBTS523104-NVY1,SI,0,0
MLBTS523104-GRY1,SI,0,0
MLBTS523104-BLK1,SI,0,0
BCTT323101-NVY,SI,0,0
BCJS523106-GRY,SI,0,0
BCCA523107-NVY,SI,0,0
BCCA523106-GRY,SI,0,0
BCCA523104-GRY,SI,0,0
BCCA523104-NVY,SI,0,0
BCCA523103-GRY,SI,0,0
BCCA523101-NVY,SI,0,0
GRDHD5231005-BLK,SI,0,0
GRDHD5231004-RED,SI,0,0
GRDTS5231001-BLU,SI,0,0
GRDTS5231003-LBL,SI,0,0
WKFTS5231001-BLK,SI,0,0
WKFTS5231002-WHT,SI,0,0
WKFTS5231003-BEI,SI,0,0
TPLHD5231005-DGRY,SI,0,0
TPLSW5231006-LBL,SI,0,0
TPLTS5231003-BLK,SI,0,0
TPLTS5231001-WHT,SI,0,0
TPLLS6231005-GRY,SI,0,0
TPLHD6231007-LBL,SI,0,0
TPLHD6231006-DGRY,SI,0,0
TPLCT6231003-BLU,SI,0,0
KRNTS6231004-OWHT,SI,0,0
KISTS6231004-PNK,SI,0,0
KISHD6231005-DGRY,SI,0,0
KISCT6231003-LBL,SI,0,0
JLZTS6231004-PNK,SI,0,0
JLZCT6231003-WHT,SI,0,0
JLZCT6231002-PNK,SI,0,0
CRBTS6231004-WHT,SI,0,0
CRBTS6231003-LBL,SI,0,0
CRBTS6231002-PNK,SI,0,0
CRBTS6231001-PUR,SI,0,0
CRBCHD6231005-BLK,SI,0,0
MLBHD323108-NVY,SI,0,0
MLBHD323108-BLK1,SI,0,0
MLBHD323108-BLK,SI,0,0
MLBHD323107-DGRY,SI,0,0
MLBHD323107-BLU,SI,0,0
MLBHD323103-NVY,SI,0,0
MLBHD323103-BLU,SI,0,0
MLBHD323103-BLK1,SI,0,0
MLBHD323103-BLK,SI,0,0
BCPL323101-NVY,SI,0,0
BCPL323101-BUR,SI,0,0
MLBTS523108-WHT,SI,0,0
MLBPT523104-BLK1,SI,0,0
MLBPT523102-BLK2,SI,0,4
MLBPT523102-NVY1,SI,0,11
MLBPT523102-BLK1,SI,0,0
MLBPT523102-NVY,SI,0,0
MLBPT523102-BLU,SI,0,0
MLBSW523102-GRY,SI,0,0
MLBTS523117-BLK2,SI,0,0
MLBTS523117-BLK1,SI,0,0
MLBTS523117-NVY,SI,0,0
MLBPT523104-NVY2,SI,0,0
MLBPT523104-NVY,SI,0,0
MLBPT523104-BLU,SI,0,0
MLBPT523104-BLK2,SI,0,0
MLBJK523102-NVY1,SI,0,5
MLBJK523102-NVY,SI,0,0
MLBJK523102-BLK1,NO,0,0
MLBJK523102-BLK,SI,0,0
BCTS523107-NVY,SI,0,0
MLBJS523110-BLU2,SI,0,0
MLBJS523110-BLK2,SI,0,0
BCTS323109-BLK,SI,0,0
BCTS323107-GRY,SI,0,0
BCTS323101-NVY,SI,0,0
BCTS323101-GRY,SI,0,0
BCCA323107-NVY,SI,0,0
BCCA323104-GRY,SI,0,0
BCCA323103-GRY,SI,0,0
JVJP323101-BLK,SI,0,0
JVTS323102-WHT,SI,0,0
JVTS323102-BLK,SI,0,0
JVTS323101-WHT,SI,0,0
JVSH323101-BLK,SI,0,0
JVPL323101-BLK,SI,0,0
NBAJP323104-BLK,SI,0,0
NBAHD323106-RED,SI,0,0
NBAHD323106-PUR,SI,0,0
NBAHD323106-BLU,SI,0,0
NBAHD323105-RED1,SI,0,0
NBAHD323105-RED,SI,0,0
NBAHD323105-GRY2,SI,0,21
NBATS623111-GRY,SI,0,0
NBATS623111-BUR,SI,0,0
NBABK523102-PUR,SI,0,0
NBABK523102-RED,SI,0,0
NBABK523101-PUR,SI,0,0
NBABK523101-RED,SI,0,0
NBADB523101-GRN,SI,0,0
NBADB523101-GRY,SI,0,0
NBADB523101-PUR,SI,0,0
NBAMB523102-PUR,SI,0,0
NBAMB523102-RED,SI,0,0
NBAFB523102-BLK,SI,0,0
NBAFB523102-PUR,SI,0,0
NBAFB523102-RED,SI,0,0
NBAFB523101-RED,SI,0,0
NBAFB523101-PUR,SI,0,0
NBAJS523101-GRN,SI,0,17
NBAJS523101-BUR,SI,0,0
NBAJS523101-BLK3,SI,0,12
NBAJP523109-NVY,SI,0,0
NBAJP523109-GRY,SI,0,0
NBABK523104-MUL,SI,0,0
NBACT623106-GRY,SI,0,5
NBATS623101-BLK,SI,0,35
NBAJP623101-BLK,SI,0,0
NBAJP623101-BLK1,SI,0,0
NBAHD623101-PUR,SI,0,0
NBAHD623101-BLK,SI,0,0
NBACT623106-LIL,SI,0,6
NBATS623101-LIL,SI,0,0
NBATS623101-GRY,SI,0,12
JVJS323101-WHT,SI,0,0
JVHD323101-GRY,SI,0,0
JVHD323101-BLK,SI,0,0
MLBWR523101-RED,SI,0,0
MLBWR523101-NVY,SI,0,4
MLBWR523101-GRY,SI,0,0
MLBWR523101-BLU,SI,0,0
MLBJS523115-RED,SI,0,0
MLBJS523115-BLU1,SI,0,0
MLBSW523106-NVY1,SI,0,0
MLBSW523106-NVY,SI,0,13
MLBPT523108-NVY1,SI,0,0
MLBPT523108-BLU,SI,0,0
MLBCT623109-BUR,SI,0,0
30885U-FCL,NO,0,0
30885U-U56,NO,0,0
UNGTSB522204-NVY,SI,0,0
UNHVTS523100-BLK,SI,0,0
UNFLTS523100-BLK,SI,0,0
BCPT323102-BLK,SI,0,0
MLBTS323112-RED,SI,0,0
MLBTS323112-BLU,SI,0,0
MLBTS323112-BLK1,SI,0,0
MLBTS323103-WHT1,SI,0,0
MLBTS323103-WHT2,SI,0,0
MLBTS323103-WHT,SI,0,0
MLBTS323103-BLK,SI,0,0
MLBPT323101-BLK1,SI,0,0
MLBPT323101-BLK,SI,0,0
MLBJS323108-NVY,SI,0,0
MLBJS323108-RED,SI,0,0
MLBJS323108-BLU,SI,0,0
MLBHD323102-NVY1,SI,0,0
MLBHD323102-NVY,SI,0,0
MLBHD323101-BLK1,SI,0,0
MLBTS523119-LHB,SI,0,0
MLBTS523119-BLK,SI,0,0
MLBSH523105-NVY1,SI,0,0
MLBSH523105-GRY,SI,0,0
MLBTS523121-NVY,SI,0,0
MLBTS523121-WHT1,SI,0,0
MLBTS523121-BLK1,SI,0,0
MLBTS523121-RED,SI,0,0
MLBTS523121-NVY1,SI,0,0
MLBTS523121-WHT3,SI,0,0
MLBTS523121-WHT2,SI,0,0
NBACA323165-PUR,SI,0,0
PSGTS623103-WHT,SI,0,35
PSGHD623101-NVY,SI,0,0
PSGHD623101-PNK,SI,0,35
PSGSH623101-PNK,SI,0,0
PSGPT623101-NVY,SI,0,0
PSGTS623102-BLU,SI,0,0
PSGTS623102-RED,SI,0,35
PSGCT623101-WHT,SI,0,0
PSGCT623101-NVY,SI,0,0
NBATS523121-WHT,SI,0,0
NBATS523121-BLK4,SI,0,0
NBATS523120-BLU2,SI,0,0
NBATS523120-BLK5,SI,0,0
NBATS523119-BLU2,SI,0,0
NBATS523118-WTH5,SI,0,8
NBATS523118-PUR,SI,0,0
NBATS523118-RED,SI,0,0
NBATS523118-BLK5,SI,0,0
NBASW523106-RED,SI,0,0
NBAHD523102-BLK3,SI,0,0
NBAHD523102-BLK2,SI,0,0
NBAHD523102-BLK,SI,0,0
NBAMB523101-BUR,SI,0,0
NBAHD623108-BGE,SI,0,0
NBACT623107-LIL,SI,0,0
NBACT623107-GRN,SI,0,0
NBACT623107-BUR,SI,0,0
NBATT523104-TUR,SI,0,0
NBATT523104-RED,SI,0,12
NBATT523104-PUR,SI,0,19
NBATT523104-NVY,SI,0,17
NBATT523104-BLK,SI,0,0
NBATS523127-RED,SI,0,0
NBATS523127-GRY,SI,0,0
NBATS523127-BLK,SI,0,0
NBATS523126-YEL,SI,0,0
NBATS523126-WHT,SI,0,0
NBATS523126-PUR,SI,0,0
NBATS523126-NVY,SI,0,0
NBATS523126-BUR,SI,0,0
NBATS523126-BLU,SI,0,0
NBATS523126-BLK2,SI,0,0
NBATS523126-BLK1,SI,0,0
MLBTS523121-BLU,SI,0,17
MLBTS523121-BLK,SI,0,6
MLBSW523107-NVY,SI,0,0
MLBSW523107-BLU,SI,0,0
MLBSW523107-BLK3,SI,0,0
MLBSW523107-BLK2,SI,0,0
MLBJS523110-BLK3,SI,0,0
MLBJS523102-WHT1,SI,0,0
MLBJS523102-LHB,SI,0,0
MLBJS523102-BLK1,SI,0,0
MLBJS523102-BLK,SI,0,0
MLBJS523101-NVY,SI,0,17
MLBJS523118-BLU1,SI,0,0
MLBJS523106-WHT1,SI,0,0
MLBJS523106-RED1,SI,0,0
MLBJS523106-WHT,SI,0,16
MLBJS523106-NVY1,SI,0,0
MLBJS523106-NVY,SI,0,15
MLBJS523106-BLU,SI,0,26
MLBJS523106-BLK2,SI,0,0
MLBJS523106-BLK,SI,0,21
MLBJS523106-BLK1,SI,0,0
MLBHD623108-BGE,SI,0,0
MLBHD623108-BLK,SI,0,0
MLBHD623107-NVY,SI,0,0
MLBHD623107-BGE,SI,0,7
MLBJP623105-GRY,SI,0,0
MLBJP623105-NVY,SI,0,0
MLBTS623112-GRY,SI,0,0
MLBTS623112-GRN,SI,0,0
MLBCT623112-LIL,SI,0,17
MLBCT623112-WHT,SI,0,0
MLBCT623112-BGE,SI,0,0
MLBSW623116-NVY,SI,0,3
MLBSW623116-WHT,SI,0,0
MLBJP623107-GRY,SI,0,35
MLBJP623107-BGE,SI,0,0
MLBHD623110-BGE,SI,0,0
MLBHD623110-WHT,SI,0,0
MLBHD623109-WHT,SI,0,11
MLBHD623109-NVY,SI,0,10
MLBHD623109-GRY,SI,0,7
MLBTS623111-BGE,SI,0,0
MLBTS623111-WHT,SI,0,0
MLBTS623110-NVY,SI,0,0
NBASH523109-BLK3,SI,0,0
NBASH523109-BLK2,SI,0,0
NBASH523109-BLK1,SI,0,22
PSGSW523101-NVY,SI,0,0
PSGJS523106-WHT,SI,0,0
PSGJK523101-WHT,SI,0,13
PSGTS323113-BLK,SI,0,0
NBAJP523109-BUR,SI,0,0
NBAJP523109-BLK3,SI,0,0
NBAJP523109-BLK1,SI,0,0
NBAJP523109-BLK,SI,0,0
NBAHD523116-RED,SI,0,0
NBAHD523116-NVY,SI,0,0
NBAHD523116-GRY1,SI,0,0
NBAHD523116-GRY,SI,0,0
NBAHD523116-BLK,SI,0,0
NBAHD523115-PUR,SI,0,0
NBAHD523115-GRY3,SI,0,0
NBAHD523115-GRY2,SI,0,0
NBAHD523115-GRY,SI,0,0
NBAHD523114-RED,SI,0,0
NBAHD523114-PUR,SI,0,0
NBAHD523114-NVY,SI,0,0
NBAHD523114-GRN,SI,0,0
NBAHD523114-BUR,SI,0,0
NBAHD523114-BLK3,SI,0,13
NBASL52108-PUR2,SI,0,0
NFLTS523107-WHT1,SI,0,0
NFLTS523107-WHT,SI,0,0
NFLTS523107-NVY1,SI,0,0
NFLTS523107-BLK1,SI,0,0
NFLTS523107-BLK,SI,0,0
NFLSW523103-NVY,SI,0,0
NFLSW523103-GRY,SI,0,0
NFLSW523103-BLK3,SI,0,0
NFLSW523103-BLK2,SI,0,0
NFLSW523103-BLK1,SI,0,0
NFLSH523103-RED1,SI,0,0
NFLSH523103-RED,SI,0,0
NFLSH523103-NVY,SI,0,0
NFLSH523103-BLK,SI,0,0
NFLSH523102-RED1,SI,0,0
NFLSH523102-RED,SI,0,0
NFLSH523102-NVY,SI,0,0
NFLSH523102-BLK,SI,0,0
MLBTS623110-WHT,SI,0,0
MLBTS623110-GRY,SI,0,0
MLBCT623111-BGE,SI,0,0
MLBCT623111-WHT,SI,0,0
MLBCT623111-GRY,SI,0,0
MLBCT623120-NVY,SI,0,35
MLBCT623120-WHT,SI,0,35
JVMB523102-GRY,SI,0,0
JVDB523102-BLK,SI,0,0
BCMB523102-BLU,SI,0,0
BCMB523101-BLU,SI,0,0
BCDB523102-BLK,SI,0,0
BCDB523102-BLU,SI,0,0
JVFB523101-BLK,SI,0,0
JVFB523101-GRY,SI,0,0
JVBK523101-BLK,SI,0,0
BCFB523101-BLU,SI,0,0
BCBK523103-NVY,SI,0,60
BCBK523101-NVY,SI,0,0
MLBSH523105-BLU,SI,0,0
MLBSH523105-BLK,SI,0,0
MLBPT523121-BLK1,SI,0,0
MLBPT523121-BLK,SI,0,0
UNLASB523101-BLK,SI,0,0
MLBHD523109-BLK1,SI,0,0
MLBPT523105-BLK1,SI,0,0
BCPT323104-BLK,SI,0,13
MLBSW523107-BLK1,SI,0,0
MLBSW523107-BLK,SI,0,1
MLBSH523106-NVY1,SI,0,0
MLBSH523106-BLU1,SI,0,0
MLBSH523106-BLK,SI,0,0
MLBSH523106-NVY2,SI,0,0
MLBSH523106-BLU,SI,0,0
MLBSH523106-NVY,SI,0,0
MLBSH523104-BLK2,SI,0,0
MLBPT523123-NVY2,SI,0,0
MLBPT523123-NVY1,SI,0,0
MLBPT523123-NVY,SI,0,0
MLBPT523123-GRY1,SI,0,0
MLBPT523123-GRY,SI,0,0
MLBPT523123-BLK,SI,0,3
MLBPT523122-NVY,SI,0,0
MLBPT523122-BLK3,SI,0,0
MLBPT523122-BLU,SI,0,0
MLBPT523122-BLK1,SI,0,22
MLBPT523122-GRY,SI,0,0
NFLJS523105-RED1,SI,0,0
NFLJS523105-NVY,SI,0,0
NFLJS523105-BLK,SI,0,0
NFLJS523104-RED,SI,0,0
NFLJS523104-NVY,SI,0,0
NFLJS523104-BLK,SI,0,0
NFLJS523103-RED,SI,0,0
NFLJS523103-NVY,SI,0,0
NFLJS523103-GRY,SI,0,0
NFLJS523103-BLK3,SI,0,0
NFLJS523103-BLK2,SI,0,0
NFLJS523103-BLK1,SI,0,0
NFLJP523105-NVY,SI,0,0
NFLJP523105-GRY1,SI,0,0
NFLJP523105-GRY,SI,0,0
NFLJP523105-BLK2,SI,0,0
NFLJP523105-BLK1,SI,0,0
NFLJP523104-NVY,SI,0,0
NFLJP523104-BLK2,SI,0,0
NFLHD523107-GRY,SI,0,0
NFLHD523107-BLK3,SI,0,0
PSGTS323111-NVY,SI,0,0
RMPT323101-BLK,SI,0,0
RMJS323103-LBH,SI,0,25
RMJS323102-BLK,SI,0,16
RMJS323101-WHT,SI,0,15
PSGPT323105-NVY,SI,0,19
PSGTS323112-NVY,SI,0,19
PSGTS323112-WHT,SI,0,0
PSGTS323112-BLK,SI,0,0
PSGPL323102-NVY,SI,0,0
PSGPL323102-WHT,SI,0,0
PSGHD323105-GRY,SI,0,20
RMLS323102-NVY,SI,0,0
RMSH323101-BLK,SI,0,21
NBASH523109-BLK,SI,0,13
NBASH523108-BLU,SI,0,0
NBASH523108-BLK3,SI,0,0
NBASH523108-BLK2,SI,0,0
NBASH523107-RED,SI,0,9
NBASH523107-PUR,SI,0,0
NBASH523107-NVY,SI,0,0
NBASH523107-GRY,SI,0,0
NBASH523107-BUR,SI,0,0
NBASH523107-BLU,SI,0,0
MLBPT523122-BLK,SI,0,0
MLBJS523104-WHT2,SI,0,28
MLBJS523104-WHT1,SI,0,22
MLBJS523104-WHT,SI,0,18
MLBJS523104-RED,SI,0,0
MLBJS523104-NVY,SI,0,0
MLBJS523101-BLU,SI,0,23
MLBJS523101-NVY2,SI,0,0
MLBJK523105-NVY2,SI,0,0
MLBJK523105-NVY,SI,0,0
MLBJK523105-BLU1,SI,0,0
MLBJK523105-BLU,SI,0,0
MLBJK523105-BLK,SI,0,0
MLBHD523123-WHT,SI,0,0
MLBHD523123-RED,SI,0,0
MLBHD523123-NVY1,SI,0,0
MLBHD523123-NVY,SI,0,0
MLBHD523123-GRY,SI,0,0
MLBHD523123-BLU,SI,0,0
MLBHD523123-BLK4,SI,0,0
MLBHD523123-BLK3,SI,0,0
MLBHD523123-BLK2,SI,0,0
MLBHD523123-BLK1,SI,0,0
MLBHD523123-BLK,SI,0,0
MLBHD523122-RED,SI,0,0
MLBHD523122-NVY1,SI,0,0
MLBHD523122-NVY,SI,0,0
MLBHD523122-GRY,SI,0,0
MLBHD523122-BLK,SI,0,2
MLBTS523103-WHT1,SI,0,0
MLBTS523103-BLK2,SI,0,0
MLBTS523101-RED,SI,0,0
MLBTS523101-NVY1,SI,0,0
MLBTS523101-BRW,SI,0,0
MLBTS523101-BLU,SI,0,0
MLBTS523101-BLK,SI,0,0
MLBPT523101-NVY,SI,0,0
MLBPT523101-NVY1,SI,0,0
MLBPT523101-BLK,SI,0,0
MLBPT523101-BLK1,SI,0,0
MLBLS523101-NVY1,SI,0,0
MLBLS523101-NVY2,SI,0,0
MLBJS523108-RED,SI,0,0
MLBJS523108-NVY,SI,0,0
MLBJS523108-BLU,SI,0,0
MLBHD523102-NVY1,SI,0,0
MLBHD523102-NVY,SI,0,0
NBASH523107-BLK3,SI,0,0
NBASH523107-BLK1,SI,0,0
NBASH523107-BLK,SI,0,0
NBAJS523103-BLK1,SI,0,0
NBAJS523102-RED,SI,0,0
NBAJS523102-PUR,SI,0,0
NBAJS523102-NVY,SI,0,0
NBAJS523102-BUR,SI,0,0
NBAJS523102-BLK1,SI,0,0
NBAJS523102-BLK,SI,0,3
NBAJS523101-PUR,SI,0,0
NBAJS523101-NVY,SI,0,9
NBAFB523103-RED,SI,0,0
NBAFB523103-LHB,SI,0,0
NBAFB523110-BLK,SI,0,0
NBAFB523110-BLK1,SI,0,0
NBABK523109-ORG,SI,0,0
NBABK523109-PUR,SI,0,0
NBABK523109-MUL,SI,0,0
NBAMB523104-BLK4,SI,0,0
NBABK523109-RED,SI,0,0
NBAMB523104-BLK3,SI,0,0
NBACT623106-LIL1,SI,0,0
NBACT623106-WHT2,SI,0,0
NBACT623106-WHT,SI,0,0
NBACT623106-PNK,SI,0,0
NBATS623101-BLU,SI,0,35
NBATS623112-WHT1,SI,0,0
NBATS623112-GRY,SI,0,0
NBATS623112-WHT,SI,0,0
NBATS623112-PNK,SI,0,0
NBAJP623101-GRY1,SI,0,0
NBAJP623101-NVY,SI,0,0
NBAJP623101-GRY,SI,0,0
NBAJK623101-BLK,SI,0,0
NBAHD623101-GRY1,SI,0,0
NBAHD623101-NVY,SI,0,0
NBAHD623101-GRY,SI,0,0
NBASW623101-PUR,SI,0,0
NBASW623101-NVY,SI,0,0
NBASW623101-GRY,SI,0,0
NBASW623101-BLK,SI,0,0
NBASW623101-PNK,SI,0,0
NBASW623101-BLK1,SI,0,0
NBACT623106-ORG,SI,0,0
NBACT623106-WHT1,SI,0,0
NBACT623106-PUR,SI,0,0
NBATS623101-LIL1,SI,0,0
NBATS623101-PUR,SI,0,35
PSGHD523103-WHT,SI,0,0
PSGSH323102-NVY,SI,0,7
PSGSH323102-BLK,SI,0,20
PSGTS523103-BLK,SI,0,0
PSGTS523103-NVY,SI,0,0
PSGTS523103-GRY,SI,0,0
PSGSH523102-NVY,SI,0,14
PSGPT523105-NVY,SI,0,0
PSGPT523105-BLK,SI,0,0
PSGCA523104-BLK,SI,0,0
NBAHD323112-BLK,SI,0,0
NBAHD323112-BLK2,SI,0,0
PSGTS523110-WHT,SI,0,13
PSGTS523110-NVY,SI,0,10
PSGTS523110-BLK,SI,0,0
PSGSH323105-NVY,SI,0,0
PSGHD323104-BLU,SI,0,0
PSGTT523102-NVY,SI,0,0
PSGSH523104-NVY,SI,0,0
PSGPT523104-BLU,SI,0,18
PSGCA523108-NVY,SI,0,0
PSGCA523108-GRY,SI,0,0
PSGCA523107-NVY,SI,0,4
PSGCA523103-NVY,SI,0,0
NFLCHD323101-BLU,SI,0,0
NFLCHD323101-BLK,SI,0,0
NBATT323102-YEL,SI,0,0
NBATT323102-RED,SI,0,15
NBATT323102-PUR,SI,0,0
NBATT323102-NVY1,SI,0,14
NBATT323102-NVY,SI,0,0
NBATT323102-BLK1,SI,0,0
NBATT323102-BLK,SI,0,0
NBATT323102-AQA,SI,0,0
NBATS323116-RED,SI,0,0
NBAMB523101-GRN,SI,0,0
NBAMB523101-BLK5,SI,0,0
NBAMB523101-BLK4,SI,0,0
NBAMB523101-GRY,SI,0,0
NBAMB523101-PUR,SI,0,0
NBAMB523101-BLK3,SI,0,0
NBAMB523101-RED,SI,0,0
NBAMB523101-BLK2,SI,0,84
NBAMB523101-BLK,SI,0,84
NBAFB523102-BUR,SI,0,0
NBAFB523102-BLK5,SI,0,0
NBAFB523102-GRN,SI,0,0
NBAFB523102-BLK4,SI,0,0
NBAFB523102-GRY,SI,0,0
NBATS623201-BLK,SI,0,0
NBAFB523102-BLK3,SI,0,0
NBAFB523102-BLK2,SI,0,0
NBAFB523101-BUR,SI,0,0
NBAFB523101-BLK5,SI,0,0
NBAFB523101-GRN,SI,0,0
NBAFB523101-BLK4,SI,0,0
NBAFB523101-BLK3,SI,0,0
NBAFB523107-BLK3,SI,0,0
NBAFB523107-BLK,SI,0,0
NBAFB523107-BLK2,SI,0,0
NBAFB523104-DEN2,SI,0,0
NBAFB523104-BUR,SI,0,0
NBAMB523103-BLK1,SI,0,0
NBAFB523104-WHT,SI,0,0
NBAMB523103-RED,SI,0,0
NBAMB523103-BLK,SI,0,0
NBACA323165-BLU,SI,0,0
NBACA323165-ORG,SI,0,0
NBACA323165-GRN,SI,0,0
PSGPT623102-BLK,SI,0,0
PSGBH623101-NVY,SI,0,0
PSGBH623101-PNK,SI,0,0
PSGHD623102-GRY,SI,0,0
PSGHD623102-LBL,SI,0,0
PSGSW623101-NVY,SI,0,0
PSGSW623101-WHT,SI,0,0
PSGCT623103-WHT,SI,0,0
PSGCT623103-TUR,SI,0,0
PSGLS623103-WHT,SI,0,0
PSGLS623103-TUR,SI,0,0
PSGTS623103-PNK,SI,0,0
PSGCT623102-NVY,SI,0,0
PSGCT623102-PNK,SI,0,0
PSGSH623101-BGE,SI,0,0
NBATS523119-BLK2,SI,0,0
NBATS523119-BLK3,SI,0,0
NBATS523118-WTH4,SI,0,0
NBATS523118-BLU,SI,0,0
NBATS523118-GRN,SI,0,0
NBASW523108-GRY,SI,0,0
NBASW523108-BLU,SI,0,0
UNHVLS523101-BLK,SI,0,0
UNHVHD523101-GRY,SI,0,0
UNTXTS523101-BLK,SI,0,0
UNTXTS523101-ORG,SI,0,0
UNLAHD523100-BLK,SI,0,0
UNHVHD523100-GRY,SI,0,0
UNFLHD523100-BLU,SI,0,0
UNLATS523102-DGRY,SI,0,0
MLBJP523120-NVY,SI,0,0
MLBJP523120-BLK,SI,0,0
UNMIHD523103-GRN,SI,0,0
UNGTHD523102-BLK,SI,0,0
UNTXHD523102-BLK,SI,0,0
UNYLHD523102-NVY,SI,0,0
UNCATS523103-BLK,SI,0,0
UNLAJP523101-NVY,SI,0,0
UNLAJP523101-BLK,SI,0,0
UNTXJP523101-BLK1,SI,0,0
UNTXJP523101-BLK,SI,0,0
UNMIJP523101-GRN,SI,0,0
UNMIJP523101-BLK,SI,0,0
UNHVJP523101-BLK,SI,0,0
UNHVJP523101-GRY,SI,0,0
UNFLJP523102-BLU,SI,0,0
UNFLJP523101-BLK,SI,0,0
UNLAHD523102-BLK,SI,0,0
UNLAHD523102-NVY,SI,0,0
UNLALS523101-NVY,SI,0,0
UNLALS523101-BLK,SI,0,0
UNTXLS523101-ORG,SI,0,0
UNMILS523101-GRY,SI,0,0
UNTXLS523101-BLK,SI,0,0
UNMILS523101-BLK,SI,0,0
UNFLLS523101-ORG,SI,0,0
UNHVLS523101-RED,SI,0,0
UNFLLS523101-BLU,SI,0,0
UNLASH523102-BLK,SI,0,0
UNLASH523102-LHB,SI,0,0
UNTXSH523102-BLK,SI,0,0
UNLASH523101-BLK,SI,0,0
UNLASH523101-LHB,SI,0,0
UNTXSH523101-ORG,SI,0,0
UNTXSH523101-BLK,SI,0,0
UNMISH523101-BLK,SI,0,0
UNMISH523101-GRN,SI,0,0
UNHVSH523101-GRY,SI,0,0
UNHVSH523101-BLK,SI,0,0
UNFLSH523101-BLK,SI,0,0
UNFLSH523101-ORG,SI,0,0
UNTXWR523101-ORG,SI,0,0
UNLAWR523101-NVY,SI,0,0
UNMIWR523101-GRN,SI,0,0
UNHVWR523101-RED,SI,0,0
UNFLWR523101-ORG,SI,0,0
UNTXHD523101-BLK1,SI,0,0
UNTXHD523101-BLK,SI,0,0
UNMIHD523101-GRN,SI,0,0
UNHVHD523101-RED,SI,0,0
UNMIHD523101-BLK,SI,0,0
UNFLHD523101-BLU,SI,0,0
UNFLHD523101-ORG,SI,0,0
UNHVTS523102-BLK,SI,0,0
UNLATS523101-YEL,SI,0,0
UNLATS523101-BLK,SI,0,0
UNLATS523101-LHB,SI,0,0
UNMITS523101-GRY,SI,0,0
UNHVTS523101-GRY,SI,0,0
UNFLTS523101-ORG,SI,0,0
UNHVTS523101-RED,SI,0,0
UNFLTS523101-BLU,SI,0,0
UNFLJP523100-BLU,SI,0,0
UNHVJP523100-GRY,SI,0,0
UNMIJP523102-BLK,SI,0,0
UNTXJP523102-BLK,SI,0,0
UNTXJP523102-DGRY,SI,0,0
UNYLJP523102-NVY,SI,0,0
UNLAJP523100-BLK,SI,0,0
UNGTJP523100-BLK,SI,0,0
UNYLJP523100-BLK,SI,0,0
UNLATS523102-BLU,SI,0,0
UNGTTS523102-BLK,SI,0,0
UNGTTS523102-GRY,SI,0,0
UNTXTS523102-BLK,SI,0,0
UNMITS523102-GRN,SI,0,0
UNTXTS523102-ORG,SI,0,0
UNYLTS523102-LHB,SI,0,0
UNHVTS523100-RED,SI,0,0
UNFLTS523100-BLU,SI,0,0
MLBHD623112-GRN,SI,0,0
MLBCT623115-GRY,SI,0,0
MLBCT623115-GRY1,SI,0,0
MLBCT623115-LIL,SI,0,0
MLBCT623115-NVY,SI,0,0
MLBTS323113-WHT2,SI,0,21
MLBTS323113-WHT1,SI,0,0
MLBTS323113-NVY1,SI,0,0
MLBTS323103-BLK2,SI,0,0
MLBTS323103-BLK1,SI,0,0
MLBTS323101-RED,SI,0,0
MLBTS323101-NVY,SI,0,0
MLBTS323101-NVY1,SI,0,0
MLBTS323101-BRW,SI,0,0
MLBTS323101-BLU,SI,0,0
MLBTS323101-BLK,SI,0,0
MLBSW323101-RED,SI,0,0
MLBSW323101-BRW,SI,0,0
MLBSW323101-BLU,SI,0,0
MLBPT323107-NVY2,SI,0,0
MLBPT323107-BLK,SI,0,0
MLBPT323107-NVY1,SI,0,0
MLBPT323101-NVY1,SI,0,0
MLBPT323101-NVY,SI,0,0
MLBPT323101-BLU,SI,0,0
MLBLS323101-NVY2,SI,0,0
MLBLS323101-NVY,SI,0,0
MLBLS323101-NVY1,SI,0,0
MLBJK323104-NVY,SI,0,0
MLBJK323104-BLU,SI,0,0
MLBJK323104-BLK1,SI,0,0
MLBHD323114-NVY,SI,0,0
MLBHD323114-GRY,SI,0,0
MLBHD323114-BLK1,SI,0,0
MLBHD323114-BLK,SI,0,0
MLBHD323102-BLU,SI,0,0
MLBHD323101-GRY,SI,0,0
81841U-N84,NO,0,0
81845U-88D,NO,0,0
81922U-LMN,NO,0,0
40370U-N84,NO,0,0
81922U-LNZ,NO,0,0
40380U-LNP,NO,0,0
40381U-CUE,NO,0,0
40381U-LNX,NO,0,0
40383U-0ML,NO,0,0
MLBHD523102-BLU,SI,0,0
MLBHD523101-GRY,SI,0,0
MLBHD523101-BLK1,SI,0,0
MLBHD523101-BLK,SI,0,2
MLBSW523101-RED,SI,0,0
MLBSW523101-BRW,SI,0,0
MLBSW523101-BLU,SI,0,0
BCHD523103-BLK,SI,0,0
MLBTS523110-WHT,SI,0,0
MLBTS523110-BLU,SI,0,7
MLBTS523110-BLK1,SI,0,13
MLBTS523111-TUR,SI,0,0
MLBTS523111-GRY,SI,0,0
MLBTS523111-BLU,SI,0,0
MLBHD323113-RED,SI,0,0
MLBHD323113-GRY,SI,0,0
MLBHD323113-BLU,SI,0,0
MLBTS323116-NVY,SI,0,25
MLBTS323116-BLU1,SI,0,0
MLBSW523106-GRY,SI,0,0
MLBSW523105-GRY,SI,0,12
MLBJK523101-BLK2,SI,0,1
MLBJK523101-BLK1,SI,0,0
MLBJK523101-BLK,SI,0,0
MLBCT623109-GRN,SI,0,0
MLBTS523119-TUR,SI,0,0
MLBTS523119-LIL,SI,0,0
MLBTS523119-GRN,SI,0,0
MLBSH523105-NVY,SI,0,0
MLBSH523105-BLU1,SI,0,0
MLBPT523121-LHB,SI,0,0
MLBPT523121-BLK2,SI,0,0
MLBPT523121-BLU,SI,0,0
21271U-LMN,NO,0,0
21273U-LMN,NO,0,0
81843U-LNK,NO,0,0
81843U-LNZ,NO,0,0
81919U-090,NO,0,0
81919U-K95,NO,0,0
81919U-LMN,NO,0,0
81919U-LNZ,NO,0,0
81919U-LP4,NO,0,0
81919U-N84,NO,0,0
81921U-2VZ,NO,0,0
81921U-LMN,NO,0,0
81921U-LNZ,NO,0,0
81921U-LP4,NO,0,0
81922U-2VZ,NO,0,0
81922U-LP4,NO,0,0
66260U-LK7,NO,0,0
66260U-LLY,NO,0,0
30868U-090,NO,0,0
21301U-LMH,NO,0,0
NBASW523106-BLK5,SI,0,0
NBASW523106-BLU,SI,0,0
NBAJP523107-BLK9,SI,0,0
NBAJP523107-BLK8,SI,0,0
NBAJP523107-BLK6,SI,0,0
NBAJP523107-BLK7,SI,0,0
NBAHD523112-BLU2,SI,0,0
NBAHD523112-BLU3,SI,0,0
NBAHD523112-BLK4,SI,0,0
NBAHD523111-BLK7,SI,0,0
NBASW523108-PUR,SI,0,0
NBACA523115-TUR,SI,0,0
NBAHD523102-PUR,SI,0,0
NBAHD523102-BLU,SI,0,0
NBAHD523102-BLK4,SI,0,0
NBAHD523102-BLK1,SI,0,19
PSGCA523102-WHT,SI,0,0
PSGCA523102-NVY,SI,0,0
PSGCA5231021-NVY,SI,0,0
PSGCA5231021-WHT,SI,0,0
PSGJS323106-WHT,SI,0,0
PSGJS323106-NVY,SI,0,0
PSGCA323110-GRY,SI,0,0
PSGLS323114-BLU,SI,0,0
PSGCA323109-WHT,SI,0,0
PSGCA323108-GRY,SI,0,0
PSGTS323108-NVY,SI,0,0
PSGSH323101-NVY,SI,0,0
PSGCA523105-WHT,SI,0,0
RMCA323105-GRY,SI,0,0
NBATS323124-GRY,SI,0,0
NBATS323124-BLK4,SI,0,0
NBACT623102-BLK3,SI,0,0
NBACT623102-WHT1,SI,0,0
NBACT623102-ORG,SI,0,0
NBACT623102-WHT,SI,0,0
NBACT623102-BLK2,SI,0,0
NBACT623102-PNK1,SI,0,0
NBACT623102-BLK1,SI,0,0
NBACT623102-BLK,SI,0,0
NBAWR323103-NVY,SI,0,0
NBAFB523103-ORG,SI,0,0
NBAMB523103-PUR,SI,0,0
NBAFB523103-PUR,SI,0,0
NBAHD521002-BLK6,SI,0,24
NBASH52301-BLK,SI,0,32
21301U-LMZ,NO,0,32
21303U-LMH,NO,0,32
21303U-LMZ,NO,0,32
25044U-LMQ,NO,0,32
30866U-FCL,NO,0,32
30868U-U56,NO,0,32
30869U-090,NO,0,32
30869U-FCL,NO,0,32
30885U-090,NO,0,32
30895U-LN2,NO,0,32
30901U-LMV,NO,0,32
40383U-LNF,NO,0,32
40384U-096,NO,0,32
81844U-LNZ,NO,0,32
40384U-LNR,NO,0,32
40385U-LNA,NO,0,32
40386U-090,NO,0,32
81844U-LNK,NO,0,32
40386U-LP3,NO,0,32
81847U-LNK,NO,0,32
40387U-A61,NO,0,32
81905U-LMH,NO,0,32
40387U-FZ9,NO,0,32
40387U-GGQ,NO,0,32
40388U-FSF,NO,0,32
81905U-LMZ,NO,0,32
40388U-LNY,NO,0,32
81901U-LNH,NO,0,32
40398U-090,NO,0,32
40398U-BY5,NO,0,32
40398U-E62,NO,0,32
81902U-LNH,NO,0,32
81923U-LMN,NO,0,32
81833U-LNK,NO,0,32
81923U-LP4,NO,0,32
81834U-LNK,NO,0,32
81923U-N84,NO,0,32
81837U-LNK,NO,0,32
81924U-096,NO,0,32
81924U-LMN,NO,0,32
81925U-LMN,NO,0,32
81832U-LNK,NO,0,32
81925U-N84,NO,0,32
81902U-EH6,NO,0,32
81926U-LMN,NO,0,32
81902U-FC6,NO,0,32
81926U-N84,NO,0,32
81902U-LNU,NO,0,32
81903U-EH6,NO,0,32
81903U-LNH,NO,0,32
81904U-EH6,NO,0,32
81904U-LNH,NO,0,32
81889U-575,NO,0,32
66112U-060,NO,0,32
81889U-6HF,NO,0,32
66112U-418,NO,0,32
66214U-LR5,NO,0,32
66214U-LKE,NO,0,32
MLBTS520200-BLU,SI,0,13
MLBTS520200-BLU3,SI,0,14
MLBTS520207-GRY3,SI,0,31
21318U-LN5,NO,0,31
MLBTS520208-BLK,SI,0,2
MLBDB523101-BLK,SI,0,0
MLBDB523101-NVY,SI,0,0
MLBDB523101-BLK2,SI,0,0
MLBDB523101-NVY2,SI,0,0
MLBDB523101-BLU,SI,0,0
MLBTS320200-BLK3,SI,0,0
MLBTS320200-BLU3,SI,0,0
MLBTS320200-BLU2,SI,0,16
MLBTS520200-BLK4,SI,0,0
MLBJT320220-WHT2,SI,0,0
PACSH523105K-BLK,NO,0,0
PACSH523105K-NVY,NO,0,0
PACSH523104K-BLK,NO,0,0
PACTS523110K-GRN,NO,0,0
PACPT623102K-BLK,NO,0,0
30915U-090,NO,0,0
81845U-LNZ,NO,0,0
30917U-LMH,NO,0,0
66215U-LKE,NO,0,0
30917U-LMZ,NO,0,0
66215U-LR5,NO,0,0
30918U-LMH,NO,0,0
81841U-2VZ,NO,0,0
30920U-LMH,NO,0,0
81841U-88D,NO,0,0
30920U-LMZ,NO,0,0
66253U-060,NO,0,0
30921U-LMH,NO,0,0
81841U-LMN,NO,0,0
30924U-090,NO,0,0
81841U-LNZ,NO,0,0
30924U-LMQ,NO,0,0
30925U-090,NO,0,0
81828U-LNK,NO,0,0
81828U-LNZ,NO,0,0
MLBTS520207-WHT,SI,0,2
MLBTS520207-NVY2,SI,0,31
21307U-096,NO,0,31
21307U-759,NO,0,31
55361U-LYQ,NO,0,31
55361U-LKK,NO,0,31
55361U-LKM,NO,0,31
55361U-LSX,NO,0,31
66228U-060,NO,0,31
MLBJS320220-RED,SI,0,30
66282U-13V,NO,0,30
MLBTS62208-WHT,SI,0,9
66229U-2EQ,NO,0,9
66229U-EFZ,NO,0,9
65885U-060,NO,0,9
MLBJT520220-NVY3,SI,0,29
MLBJT520220-WHT3,SI,0,21
MLBHD521121-BLK,SI,0,23
MLBTS320201-NVY3,SI,0,22
MLBTS320200-WHT2,SI,0,19
PACTS523111K-BLK,NO,0,19
30810U-JP4,NO,0,19
MLBSW52205-GRY,SI,0,21
MLBSH323103-NVY1,SI,0,0
MLBSH323103-NVY,SI,0,15
MLBSH323103-BLU,SI,0,0
MLBSH323103-BLK,SI,0,18
MLBJS520220-BLK2,SI,0,8
PACTS523113K-NVY,NO,0,8
PACTS523114K-ROY,NO,0,8
PACHD623104L-BLK,NO,0,8
MLBTS523104-NVY,SI,0,0
MLBTS523104-GRY,SI,0,0
MLBTS523104-BLU,SI,0,0
BCTS323107-BLK,SI,0,0
PACPT523104K-BLK,NO,0,0
BCLS323101-NVY,SI,0,0
BCLS323101-BLK,SI,0,20
BCCA323106-GRY,SI,0,0
PACTS523112K-BLK,NO,0,0
BCCA323103-NVY,SI,0,0
MLBDB523101-BLK3,SI,0,0
PACHD523105K-BLK,NO,0,0
PACSH623101K-BLK,NO,0,0
PACTS623104K-BLK,NO,0,0
PACTS623104K-WHT,NO,0,0
PACTS623105L-BLK,NO,0,0
PACTS623106L-BLK,NO,0,0
STTJP522207K-BLK,NO,0,0
STTHD522212K-BLK,NO,0,0
STTSW522201K-WHT,NO,0,0
STTTS522215K-BLK,NO,0,0
STTTS522215K-WHT,NO,0,0
STTTS522216K-GRY,NO,0,0
STTTS522217K-BLU,NO,0,0
STTTS522217K-RED,NO,0,0
STTTS522217K-WHT,NO,0,0
MLBJS623101-BLK,SI,0,0
GUAGKJS523101-YEL,NO,0,0
MLBJS623101-NVY,SI,0,15
GUAGKJS523102-GRN,NO,0,15
MLBJS623101-WHT,SI,0,15
MLBCT62209-BLU,SI,0,20
MLBTS520208-NVY,SI,0,15
MLBJS520220-NVY2,SI,0,20
ESJK52206-NVY,NO,0,20
ESJK52207-BLU,NO,0,20
GUAJK523101-BLK,NO,0,20
GUAJK523102-BLK,NO,0,20
ESPT52206-NVY,NO,0,20
GUAJS323103-WHT,NO,0,20
GUAJS323102-NVY,NO,0,20
ESJS32202-BLU,NO,0,20
ESSO32201-WHT,NO,0,20
GUAGKJS523102-RED,NO,0,20
ESGKJS52201-YEL,NO,0,20
ESGKJS52201-GRN,NO,0,20
ESTS52205-YEL,NO,0,20
ESGKJS52201-BUR,NO,0,20
GUAJS523104B-BLK,NO,0,20
GUAJS523101-LBL,NO,0,20
GUAJS523101-WHT,NO,0,20
GUAJS523106-WHT,NO,0,20
GUAJS523105-NVY,NO,0,20
ESJS52202B-BLU,NO,0,20
GUAJS523103B-WHT,NO,0,20
ESJS52201B-WHT,NO,0,20
ESJS52203B-BLU,NO,0,20
ESTS32205-BLU,NO,0,20
GUAPL523101-BGE,NO,0,20
ESTS52205-BLU,NO,0,20
ESTS52205-WHT2,NO,0,20
GUAPL523101-WHT,NO,0,20
GUAJS523101-BLK,NO,0,20
ESPL52204-BLU,NO,0,20
ESPL52204-NVY,NO,0,20
ESPL52204-WHT,NO,0,20
GUAPT523101-BLK,NO,0,20
GUAGKSH523101-YEL,NO,0,20
MLBBK523104-NVY,SI,0,0
MLBBK523102-NVY3,SI,0,63
MLBDB523104-BLK,SI,0,63
BCBK523104-NVY,SI,0,63
MLBJK522203-BLK1,NO,0,63
MLBJK522203-BLK2,NO,0,63
MLBJK522203-NVY1,NO,0,63
GUAGKSH523102-GRN,NO,0,63
GUAGKSH523102-RED,NO,0,63
ESGKSH52201-YEL,NO,0,63
ESGKSH52201-GRN,NO,0,63
ESGKSH52201-BUR,NO,0,63
ESSH52204-NVY,NO,0,63
GUASH523104-WHT,NO,0,63
GUASH523103-NVY,NO,0,63
GUASH523102-BLK,NO,0,63
ES-GF,NO,0,63
ESSH52202-NVY,NO,0,63
GUASH523101-BLK,NO,0,63
ESSH52201-WHT,NO,0,63
ESSH52205-NVY,NO,0,63
ESSH52205-WHT,NO,0,63
NBASH52301-BLK2,SI,0,32
NBASH32301-BLK,SI,0,14
NBASH32301-BLK2,SI,0,11
NFLJS521000-BLK6,SI,0,16
NFLJS521000-BLU2,SI,0,15
NBASW523107-BLK,SI,0,8
NBASW523107-BLK1,SI,0,0
NBASW523107-BLK2,SI,0,0
PSGTS323110-WHT,SI,0,0
PSGTS323110-NVY,SI,0,15
NBASW523107-BLK3,SI,0,15
NBACT62213-WHT,SI,0,12
PSGCA523101-NVY,SI,0,0
PSGSB322208-BLU,SI,0,0
NBATS520111-BLK2,NO,0,0
NBATS52224-BLK10,NO,0,0
NBATS52224-BLK11,NO,0,0
NBATS52224-BLK9,NO,0,0
NBABK523103-BLK4,SI,0,0
NBAFB523108-BLK,SI,0,0
NBAFB523108-BLK2,SI,0,0
NBADB523104-BLK,SI,0,42
PSGBK523104-BLK,SI,0,63
NBABK523105-BLK2,NO,0,63
PSGDB523104-NVY,SI,0,42
PSGFB523105-NVY,NO,0,42
NBACA523132-BLK,SI,0,0
NBACA523135-BLK,NO,0,0
NBAWR323103-BLK2,SI,0,0
NBASW323110-BLK2,SI,0,0
NBASW323110-NVY,SI,0,0
NBASW323110-BLK1,SI,0,0
NBASW323110-BLK,SI,0,0
NBAWR323103-BLK1,SI,0,0
NBATS323114-TUR,SI,0,0
NBATS323114-LIL,SI,0,0
NBATS323114-LHB,SI,0,0
NBATS323114-GRN,SI,0,0
NBATS323113-LHB1,SI,0,0
NBATS323113-GRN,SI,0,0
NBATS323113-BLK2,SI,0,0
NBATS323112-NVY,SI,0,0
NBATS323112-LIL1,SI,0,0
NBATS323112-LIL,SI,0,0
NBATS323112-BLK,SI,0,0
NBASH323105-NVY,SI,0,0
NBASH323105-BLK2,SI,0,0
NBAJP323105-NVY,SI,0,0
NBAJP323105-BLK2,SI,0,0
NBAJP323105-BLK1,SI,0,0
NBAJP323105-BLK,SI,0,0
NBAHD323107-NVY,SI,0,0
NBAHD323107-BLK2,SI,0,0
NBAHD323107-BLK1,SI,0,0
NBATS323125-BLK4,SI,0,0
NBATS323125-BLK3,SI,0,0
NBATS323124-PUR1,SI,0,0
NBATS323124-PUR,SI,0,0
NBAHD521002-GRY2,SI,0,27
NBAHD520400-GRY,SI,0,13
NBASW523101-BLK2,SI,0,1
SOUPT5231102K-BLK,NO,0,1
SOUTS523110K-WHT,NO,0,1
SOUHD523106K-BLK,NO,0,1
SOUTS523111K-BLK,NO,0,1
SOUTS523112K-GRN,NO,0,1
SOUTS523113K-PUR,NO,0,1
SOUTS523114K-WHT,NO,0,1
SOUSH5231103K-BLK,NO,0,1
SOUSH5231103K-WHT,NO,0,1
NBAHD323111-BLK4,SI,0,0
NBAHD323111-BLK5,SI,0,0
NBAHD323111-BLK6,SI,0,0
NBAHD323111-BLK7,SI,0,0
NBAHD323112-BLK3,SI,0,0
NBAHD323112-BLK4,SI,0,0
NBAHD323112-BLU3,SI,0,0
NBATS520111-BLK1,NO,0,0
NBAHD323112-RED,SI,0,0
NBATS323121-BLK2,SI,0,0
NBAJK523108-BLK,SI,0,0
NBAJK523108-BLK1,SI,0,0
NBAJK523108-BLU,SI,0,0
NBAJK523108-PUR,SI,0,0
PSGCA523101-WHT,SI,0,0
